C       2.4680780671    -0.4420969519    -0.0004659616
C      -0.0001729096     1.1033546370    -0.0015047200
C      -2.4710227900    -0.4417431664     0.0001016348
F      -4.4071177658     1.1360534953     0.0017568645
F      -2.6065921738    -1.8870191459    -2.0334165869
F      -2.6012857033    -1.8852935120     2.0384893477
F       0.0012083946     2.5714722830     2.0562951904
F      -0.0000257235     2.5693766511    -2.0569273409
F       4.4015409303     1.1367847897     0.0010022774
F       2.6111086711    -1.8893003477    -2.0325322229
F       2.6046732558    -1.8834263146     2.0372427258
momentum
-39.76832527565688  -14.161157943058784  -24.769897955622227
8.189726430169692  -4.9651148759364165  -33.59658612370062
-26.605073954152395  14.419987663310023  -20.12771977177072
3.4309521649085797  -11.355071144426224  1.1996961786830478
6.153658295047359  9.389324333620394  -16.88043794613426
-35.80611294121388  -22.241775726296698  17.648293349341625
26.34722323748467  31.573773665874256  23.121186249972126
-6.959474876742698  2.397884756501183  -11.179087850320226
13.289149037182355  14.57465327261877  4.892570026429978
-17.13201349623066  14.859810583682364  20.742464283117418
66.71609053876657  -27.984618585123503  38.2076132592177
