C       2.4680780671    -0.4420969519    -0.0004659616
C      -0.0001729096     1.1033546370    -0.0015047200
C      -2.4710227900    -0.4417431664     0.0001016348
F      -4.4071177658     1.1360534953     0.0017568645
F      -2.6065921738    -1.8870191459    -2.0334165869
F      -2.6012857033    -1.8852935120     2.0384893477
F       0.0012083946     2.5714722830     2.0562951904
F      -0.0000257235     2.5693766511    -2.0569273409
F       4.4015409303     1.1367847897     0.0010022774
F       2.6111086711    -1.8893003477    -2.0325322229
F       2.6046732558    -1.8834263146     2.0372427258
momentum
31.986522132413995  -5.10714571528886  1.4540998960773808
23.995765870745362  -11.294288043334232  -42.35794025465491
-29.790866827874538  9.976282762636396  -28.393203639064332
-21.57256607085018  -1.7942285677785956  11.106073124459666
6.914491988880918  -6.022761074914418  -9.126247827296075
-3.529687602403323  -37.3539820895408  5.200111112791428
11.807651355768668  98.98014000013718  21.95951982045894
-17.85728475419804  29.37956013790705  9.29072879942439
-19.60444645764295  -2.615009152288629  -10.041331335827303
12.120362666770642  -16.57713640255642  7.803642294491802
17.917495054279748  -56.757751063047266  26.38469150286701
