C       2.4680780671    -0.4420969519    -0.0004659616
C      -0.0001729096     1.1033546370    -0.0015047200
C      -2.4710227900    -0.4417431664     0.0001016348
F      -4.4071177658     1.1360534953     0.0017568645
F      -2.6065921738    -1.8870191459    -2.0334165869
F      -2.6012857033    -1.8852935120     2.0384893477
F       0.0012083946     2.5714722830     2.0562951904
F      -0.0000257235     2.5693766511    -2.0569273409
F       4.4015409303     1.1367847897     0.0010022774
F       2.6111086711    -1.8893003477    -2.0325322229
F       2.6046732558    -1.8834263146     2.0372427258
momentum
-17.760992409486477  24.46286084935198  -14.077758828476215
-11.577398460244753  27.255054141879206  3.611386996749538
28.08071637716385  7.894232885742804  -10.338498756476293
-11.11362299779542  3.3981519325328553  8.949029981419608
1.8831422717828665  11.922859420589687  -14.797375051948894
-18.554084169984254  -20.984438126154796  52.40276619107871
20.205102849052654  -45.220425509663976  -15.81979482832315
21.277471156928645  -26.902614338957598  -42.301105232299115
-6.060041568947659  5.923600135908721  20.788435136424916
4.549271119278492  23.051890166824904  -13.9976004130415
-4.316932195412157  -12.929092026298926  20.38831541170446
