C       2.4680780671    -0.4420969519    -0.0004659616
C      -0.0001729096     1.1033546370    -0.0015047200
C      -2.4710227900    -0.4417431664     0.0001016348
F      -4.4071177658     1.1360534953     0.0017568645
F      -2.6065921738    -1.8870191459    -2.0334165869
F      -2.6012857033    -1.8852935120     2.0384893477
F       0.0012083946     2.5714722830     2.0562951904
F      -0.0000257235     2.5693766511    -2.0569273409
F       4.4015409303     1.1367847897     0.0010022774
F       2.6111086711    -1.8893003477    -2.0325322229
F       2.6046732558    -1.8834263146     2.0372427258
momentum
34.5274070528261  38.67146994244899  -3.384056096052907
-4.94614200768412  -8.481686336157038  -38.217004828372716
-2.3177628877241827  -21.517047732178877  -18.253370099486308
22.81794974321753  33.042928129387604  23.374277958443056
10.246023612214286  -15.769629210919256  -15.716329300888251
2.2332256023534756  -44.123003645039965  48.79588052302024
-11.313778865827766  26.361350235475502  -10.767582471712934
-14.29242417745717  -2.169947173928491  -26.829440882393992
-9.861756581436941  -6.067515041996468  26.23139861245163
0.5336019947187636  20.343638929347005  15.313957514682642
-40.96033054485861  -39.73794643160982  -14.290579006828485
