C       2.4680780671    -0.4420969519    -0.0004659616
C      -0.0001729096     1.1033546370    -0.0015047200
C      -2.4710227900    -0.4417431664     0.0001016348
F      -4.4071177658     1.1360534953     0.0017568645
F      -2.6065921738    -1.8870191459    -2.0334165869
F      -2.6012857033    -1.8852935120     2.0384893477
F       0.0012083946     2.5714722830     2.0562951904
F      -0.0000257235     2.5693766511    -2.0569273409
F       4.4015409303     1.1367847897     0.0010022774
F       2.6111086711    -1.8893003477    -2.0325322229
F       2.6046732558    -1.8834263146     2.0372427258
momentum
20.564835204706966  2.971530275680107  -26.339256554856764
26.991038602599353  22.115077951327738  15.695924530348313
-6.776379084192982  -27.56830535972909  -28.696388434275892
10.378494183043081  -7.3168959863360925  2.863178426857743
-11.93166197007804  -27.66634476548104  6.377162156863863
3.3607862276274356  19.288580761485647  -31.148322590317147
-11.31024068663999  1.8286091801026039  8.804103691799416
-7.362452839917154  46.51153238690842  -1.2781265489113625
8.655792032928803  6.688377521412753  6.699392355197167
-62.35216151150149  -23.91744711193431  43.20503515585208
23.72883326510966  -8.626433426958691  2.1247014350418296
