C       2.4680780671    -0.4420969519    -0.0004659616
C      -0.0001729096     1.1033546370    -0.0015047200
C      -2.4710227900    -0.4417431664     0.0001016348
F      -4.4071177658     1.1360534953     0.0017568645
F      -2.6065921738    -1.8870191459    -2.0334165869
F      -2.6012857033    -1.8852935120     2.0384893477
F       0.0012083946     2.5714722830     2.0562951904
F      -0.0000257235     2.5693766511    -2.0569273409
F       4.4015409303     1.1367847897     0.0010022774
F       2.6111086711    -1.8893003477    -2.0325322229
F       2.6046732558    -1.8834263146     2.0372427258
momentum
35.45674237513333  51.988894899335136  -18.850849211499035
4.162905216441709  9.023663205239842  -17.631045074783355
-11.5487051993481  -9.60173363005067  -2.894694757543799
19.200101678796212  -33.39427546972977  -20.34528909201488
-38.07700531874641  -22.10789770515612  16.87568203397778
-23.6664483219367  23.46115149433636  7.852388097432956
4.779959189615199  -32.19346721045389  3.9080805070803915
53.49669783007276  12.850549195454777  54.61652861514459
17.114469650702514  9.914901509997193  -30.10096231438916
-41.92640181783909  7.660614620403578  -4.307384463339652
-29.966536420768744  1.897141053191506  22.765622269159316
