C       2.4680780671    -0.4420969519    -0.0004659616
C      -0.0001729096     1.1033546370    -0.0015047200
C      -2.4710227900    -0.4417431664     0.0001016348
F      -4.4071177658     1.1360534953     0.0017568645
F      -2.6065921738    -1.8870191459    -2.0334165869
F      -2.6012857033    -1.8852935120     2.0384893477
F       0.0012083946     2.5714722830     2.0562951904
F      -0.0000257235     2.5693766511    -2.0569273409
F       4.4015409303     1.1367847897     0.0010022774
F       2.6111086711    -1.8893003477    -2.0325322229
F       2.6046732558    -1.8834263146     2.0372427258
momentum
-9.352135538867683  4.757277503224546  -18.385963823979633
-12.949555989193279  -0.9118000064226235  18.544222454716255
-27.943267591767892  9.266869351103106  -15.355438593908866
36.661587121286225  -22.150805842209465  -8.168765281359091
-0.4328196273841918  -4.079149799377518  -10.868241265940814
-1.4787935327284434  -16.742496891258266  -8.383610081453021
7.191170403161075  30.278606750688592  68.23106165142585
13.387474696314984  3.4380483117242884  -29.67210845741538
-0.5543602680912182  -26.251380516957507  -52.77747169217801
-23.29924219332123  29.836927305108375  39.40129781204515
-2.6440488447384736  5.44875971406923  22.04367080424763
