C       2.4680780671    -0.4420969519    -0.0004659616
C      -0.0001729096     1.1033546370    -0.0015047200
C      -2.4710227900    -0.4417431664     0.0001016348
F      -4.4071177658     1.1360534953     0.0017568645
F      -2.6065921738    -1.8870191459    -2.0334165869
F      -2.6012857033    -1.8852935120     2.0384893477
F       0.0012083946     2.5714722830     2.0562951904
F      -0.0000257235     2.5693766511    -2.0569273409
F       4.4015409303     1.1367847897     0.0010022774
F       2.6111086711    -1.8893003477    -2.0325322229
F       2.6046732558    -1.8834263146     2.0372427258
momentum
40.42613434806489  10.521851485091826  -5.902305223896494
0.5250058945767104  -5.896881819050981  -10.97749815944998
-0.17216695087693532  -20.717769434455466  50.06890988112226
-22.186274027948624  1.4316604925964302  -28.455366347363164
-8.994072787644797  -33.01036527539484  13.017659075971176
52.50332406342247  16.494520433658238  -42.2844406496076
3.607908488316672  54.24632324433596  38.28913512984856
-22.19573504319899  52.62425238664474  2.9840137168711487
-8.50098582724865  -36.17018578785507  9.3469562301515
-4.8520509734424255  -21.080050141531636  -3.9398035979373733
-17.50243063579071  -19.469877509811546  -5.576212053010812
