C       2.4680780671    -0.4420969519    -0.0004659616
C      -0.0001729096     1.1033546370    -0.0015047200
C      -2.4710227900    -0.4417431664     0.0001016348
F      -4.4071177658     1.1360534953     0.0017568645
F      -2.6065921738    -1.8870191459    -2.0334165869
F      -2.6012857033    -1.8852935120     2.0384893477
F       0.0012083946     2.5714722830     2.0562951904
F      -0.0000257235     2.5693766511    -2.0569273409
F       4.4015409303     1.1367847897     0.0010022774
F       2.6111086711    -1.8893003477    -2.0325322229
F       2.6046732558    -1.8834263146     2.0372427258
momentum
0.49064795837666536  2.781039578441862  -4.521071727281881
1.6896645506524222  35.92888779874714  7.7306919216360965
3.628941736884137  59.29821902125063  -12.188541851421336
15.635623723248354  -1.9756603703716389  -5.495023429547064
-9.484760997780075  37.819029418866364  48.15135994074493
-3.1468505229627572  -78.19232771556797  -18.581016050327886
-31.073997503159752  -49.83380768584881  -37.17086153697343
2.79817428555262  22.882205706423196  -21.500847934508027
-29.018279219193747  -19.45822202702525  -8.83772608099287
-15.35291908698496  -21.27040460484418  -8.733832399232478
54.801537809537145  13.216634157046727  64.4259583446841
