C       2.4680780671    -0.4420969519    -0.0004659616
C      -0.0001729096     1.1033546370    -0.0015047200
C      -2.4710227900    -0.4417431664     0.0001016348
F      -4.4071177658     1.1360534953     0.0017568645
F      -2.6065921738    -1.8870191459    -2.0334165869
F      -2.6012857033    -1.8852935120     2.0384893477
F       0.0012083946     2.5714722830     2.0562951904
F      -0.0000257235     2.5693766511    -2.0569273409
F       4.4015409303     1.1367847897     0.0010022774
F       2.6111086711    -1.8893003477    -2.0325322229
F       2.6046732558    -1.8834263146     2.0372427258
momentum
23.246455067042465  27.96041254940188  24.16040528079414
-2.098700317031131  -42.18621059902821  -42.50723199506061
-8.768903639967727  -11.665062151407843  -29.625743360570784
-55.87052620066886  3.252873429823172  23.66853176040597
-17.388685458925575  29.486842934067518  25.568621219382415
-25.053124614581325  -11.999826915045405  -45.21519283706673
37.76081451781178  5.146673159827422  4.063718322612393
17.54421600648483  -22.88093944528748  6.4824771121173566
59.59526542271636  50.076537999416615  -18.68311737445375
-0.6024028218602638  -13.690694391480145  35.86224195398263
4.149666563385797  -15.601333331031238  2.3260842077669595
