C       2.4680780671    -0.4420969519    -0.0004659616
C      -0.0001729096     1.1033546370    -0.0015047200
C      -2.4710227900    -0.4417431664     0.0001016348
F      -4.4071177658     1.1360534953     0.0017568645
F      -2.6065921738    -1.8870191459    -2.0334165869
F      -2.6012857033    -1.8852935120     2.0384893477
F       0.0012083946     2.5714722830     2.0562951904
F      -0.0000257235     2.5693766511    -2.0569273409
F       4.4015409303     1.1367847897     0.0010022774
F       2.6111086711    -1.8893003477    -2.0325322229
F       2.6046732558    -1.8834263146     2.0372427258
momentum
27.40147470155269  -22.365237303446634  -11.744062723217802
9.624155953561937  52.87975677885777  27.729908768013516
14.804584231442533  34.7971722295089  -18.749725419156583
-15.647013818590157  -26.65193828624277  -20.519887270115984
-1.0015273737380572  -21.903635523377773  -6.414169456812166
7.056188248725537  -10.925354296330344  9.069660323308751
17.04384693466209  4.333615299235641  38.9642485528361
9.119328557694882  10.811782233171623  7.715815536625429
4.71459864820399  16.78055187212108  -44.447392175949915
-32.8906491899321  -12.43819693061118  -18.175478501617178
-30.9859481505012  -9.87288833486905  48.49897536538213
