C       2.4680780671    -0.4420969519    -0.0004659616
C      -0.0001729096     1.1033546370    -0.0015047200
C      -2.4710227900    -0.4417431664     0.0001016348
F      -4.4071177658     1.1360534953     0.0017568645
F      -2.6065921738    -1.8870191459    -2.0334165869
F      -2.6012857033    -1.8852935120     2.0384893477
F       0.0012083946     2.5714722830     2.0562951904
F      -0.0000257235     2.5693766511    -2.0569273409
F       4.4015409303     1.1367847897     0.0010022774
F       2.6111086711    -1.8893003477    -2.0325322229
F       2.6046732558    -1.8834263146     2.0372427258
momentum
36.02442955096241  -8.431531574604568  12.54130004349984
21.642647242138803  -27.583943268530213  6.643270503793176
-0.8433034279440325  -4.884597046731242  29.748857227366752
17.357871827396004  -5.198546586000586  -0.17861026392934032
-22.969197690444403  -39.97818152265158  -5.048575404897864
-41.823058568699274  -11.03970218879491  12.661921205171488
18.540790047106874  9.135364172733134  -9.10983537616416
-11.825390515563848  39.497718411604176  -38.56451915398725
36.82597679829969  25.164537105586703  36.25639303598034
-21.116251538267335  17.885649590757076  -30.87581504623527
-41.957095740844075  8.429801666320015  -13.865140037221162
