C       2.4680780671    -0.4420969519    -0.0004659616
C      -0.0001729096     1.1033546370    -0.0015047200
C      -2.4710227900    -0.4417431664     0.0001016348
F      -4.4071177658     1.1360534953     0.0017568645
F      -2.6065921738    -1.8870191459    -2.0334165869
F      -2.6012857033    -1.8852935120     2.0384893477
F       0.0012083946     2.5714722830     2.0562951904
F      -0.0000257235     2.5693766511    -2.0569273409
F       4.4015409303     1.1367847897     0.0010022774
F       2.6111086711    -1.8893003477    -2.0325322229
F       2.6046732558    -1.8834263146     2.0372427258
momentum
-4.8715091167284905  -9.813033198923636  18.545853479515415
34.24237724987471  -21.369727567316218  32.13036429406202
-2.2824588371430603  -1.5503039652778436  -21.317021336113463
-5.578588393377436  0.9158417959597736  5.6558936749799935
-68.84374143768223  -12.301229894402463  5.923044715343213
-0.4163957398275042  -43.04308381418675  -8.371297541764243
-16.538194092800648  72.57458862555468  -13.720745535401981
24.659274344940727  7.596500605573374  29.62987932820776
15.410117507551575  7.809341412885139  -1.8311275103690436
45.09996287534978  -28.730874713186907  -44.01253208722418
-17.560965799468104  27.290674765074563  -6.176847546330693
