C       2.4680780671    -0.4420969519    -0.0004659616
C      -0.0001729096     1.1033546370    -0.0015047200
C      -2.4710227900    -0.4417431664     0.0001016348
F      -4.4071177658     1.1360534953     0.0017568645
F      -2.6065921738    -1.8870191459    -2.0334165869
F      -2.6012857033    -1.8852935120     2.0384893477
F       0.0012083946     2.5714722830     2.0562951904
F      -0.0000257235     2.5693766511    -2.0569273409
F       4.4015409303     1.1367847897     0.0010022774
F       2.6111086711    -1.8893003477    -2.0325322229
F       2.6046732558    -1.8834263146     2.0372427258
momentum
-19.28142272700905  -9.031437733806591  14.155035895612329
-0.21047218242369287  -9.721816407894025  8.936242216184832
23.019054570203345  3.532044046854459  -9.283988042112776
17.106697670784666  -12.25444302838194  41.293432604885766
-16.551647813588794  60.920405096404764  -29.193477972929283
46.544289792990845  -23.476459114589712  0.38311191983092674
-59.37877586824093  4.007446182016401  -84.83238479889194
-8.778545300314542  33.852820745895336  -12.582967448485157
0.14159501015222578  -37.683478641263285  -18.756755144669974
26.229703625269913  4.788030621739213  43.05582536585261
-18.692549304759147  -7.638575136161798  22.504536068850534
