C       2.4680780671    -0.4420969519    -0.0004659616
C      -0.0001729096     1.1033546370    -0.0015047200
C      -2.4710227900    -0.4417431664     0.0001016348
F      -4.4071177658     1.1360534953     0.0017568645
F      -2.6065921738    -1.8870191459    -2.0334165869
F      -2.6012857033    -1.8852935120     2.0384893477
F       0.0012083946     2.5714722830     2.0562951904
F      -0.0000257235     2.5693766511    -2.0569273409
F       4.4015409303     1.1367847897     0.0010022774
F       2.6111086711    -1.8893003477    -2.0325322229
F       2.6046732558    -1.8834263146     2.0372427258
momentum
11.057377801029961  -0.6911315276364436  -9.664408661311509
31.54742164843267  -17.75151838548754  -9.431176651416958
-3.9424271157887256  0.7285455407546962  -24.527802854945534
-27.481036604608317  -32.561948201743455  6.241682130354554
33.573931739622374  41.7365938428357  3.9036977926296887
40.612237307319454  60.84651452053672  9.924158000436263
-28.36535106338312  15.821195898891984  -7.028072306096821
1.1913095215492704  -29.714093078916136  23.55077680840597
-35.828405105014326  -89.77272969474271  7.374837390026815
-9.681727906264804  55.83989195742845  16.162163936948854
3.1499648365796347  14.568744157519538  -20.261490601391337
