C       2.4680780671    -0.4420969519    -0.0004659616
C      -0.0001729096     1.1033546370    -0.0015047200
C      -2.4710227900    -0.4417431664     0.0001016348
F      -4.4071177658     1.1360534953     0.0017568645
F      -2.6065921738    -1.8870191459    -2.0334165869
F      -2.6012857033    -1.8852935120     2.0384893477
F       0.0012083946     2.5714722830     2.0562951904
F      -0.0000257235     2.5693766511    -2.0569273409
F       4.4015409303     1.1367847897     0.0010022774
F       2.6111086711    -1.8893003477    -2.0325322229
F       2.6046732558    -1.8834263146     2.0372427258
momentum
-18.075087895807204  12.845988253332258  35.92097592822534
43.86864446425966  -34.879085226099086  6.912537084030281
-19.3547988256246  21.655699942959803  22.510137669924788
18.21767687345376  -1.7363871576149155  -30.937544329198772
11.314656777547986  -23.272231026956046  47.35622132947671
74.89722895079126  7.730338732902194  -28.75872977745608
-38.2348463018176  16.363715433100662  12.693646806502446
-9.79688055562531  5.660188073600072  6.995883290266993
16.63951362439682  -11.040063930252337  2.3523690060691504
-43.32153071514746  12.0186505113101  -3.8768638633495867
-46.93816607992405  -4.538802080207787  -52.94397450623338
