C       2.4680780671    -0.4420969519    -0.0004659616
C      -0.0001729096     1.1033546370    -0.0015047200
C      -2.4710227900    -0.4417431664     0.0001016348
F      -4.4071177658     1.1360534953     0.0017568645
F      -2.6065921738    -1.8870191459    -2.0334165869
F      -2.6012857033    -1.8852935120     2.0384893477
F       0.0012083946     2.5714722830     2.0562951904
F      -0.0000257235     2.5693766511    -2.0569273409
F       4.4015409303     1.1367847897     0.0010022774
F       2.6111086711    -1.8893003477    -2.0325322229
F       2.6046732558    -1.8834263146     2.0372427258
momentum
-7.9848893353655095  39.622765386448684  40.33581988667742
16.42888749995758  7.349363134351066  -51.90849966617042
35.08963515406083  -13.94426722010083  34.290463022122424
-36.86735401355241  -3.3466260925154634  -7.4626056797283695
-18.295295557410746  21.47710270834611  19.63543269639135
-53.052532153099676  -13.136735346299375  -15.638678459460397
21.940990440340386  -43.5485966604947  -5.297814342666024
19.946391537022546  -22.42001634034219  -10.39510600383905
35.62818453004557  -2.5319380661591495  35.51892690139718
-42.05611365048171  -0.5363094524786501  -59.15891698812893
50.688533110665254  32.67758312384573  24.640262994183132
