C       2.4680780671    -0.4420969519    -0.0004659616
C      -0.0001729096     1.1033546370    -0.0015047200
C      -2.4710227900    -0.4417431664     0.0001016348
F      -4.4071177658     1.1360534953     0.0017568645
F      -2.6065921738    -1.8870191459    -2.0334165869
F      -2.6012857033    -1.8852935120     2.0384893477
F       0.0012083946     2.5714722830     2.0562951904
F      -0.0000257235     2.5693766511    -2.0569273409
F       4.4015409303     1.1367847897     0.0010022774
F       2.6111086711    -1.8893003477    -2.0325322229
F       2.6046732558    -1.8834263146     2.0372427258
momentum
6.951428259018049  19.67517813313638  15.510461448584254
-18.58325575723624  9.2758417521384  -15.790079166927908
11.191346458232104  -14.447309941830014  -20.611897567670503
10.22597778122778  3.251238424485858  -2.696764438458213
-21.069877980664817  -33.45914010952358  -60.100770620685715
-14.073761190814848  -13.148035242261217  -2.58459490865653
39.18179212807933  35.005220181461375  86.4044238996024
11.044426052041626  -13.642208230092933  -10.712042263220717
-6.549259394721733  15.056563920733593  -36.33931014918608
-52.816511903555465  -9.23203268248028  38.12383653951357
28.500791985208412  -0.42669678148170975  10.334074480537875
