C       2.4680780671    -0.4420969519    -0.0004659616
C      -0.0001729096     1.1033546370    -0.0015047200
C      -2.4710227900    -0.4417431664     0.0001016348
F      -4.4071177658     1.1360534953     0.0017568645
F      -2.6065921738    -1.8870191459    -2.0334165869
F      -2.6012857033    -1.8852935120     2.0384893477
F       0.0012083946     2.5714722830     2.0562951904
F      -0.0000257235     2.5693766511    -2.0569273409
F       4.4015409303     1.1367847897     0.0010022774
F       2.6111086711    -1.8893003477    -2.0325322229
F       2.6046732558    -1.8834263146     2.0372427258
momentum
4.357768153777036  4.18748930925737  -30.242915223657693
-11.920139508346468  25.04161575202414  -31.17024957116203
-28.101874213968394  -9.825736743233122  -30.622234815505827
15.744299557354221  -27.305977470904487  10.93950715240298
0.7071362068531076  8.103124416673845  3.2628109616499583
-75.02815930065215  -23.622411976882137  15.06645930797324
56.305139145834694  41.648714848178976  -25.864411131358843
0.40277719900997105  0.11952142801060887  42.00625038172249
1.906298870403737  2.0732284877779423  62.98474647592434
-19.80165337921914  -29.862871999884227  -41.365280398132114
46.29344567943821  25.52743189161941  18.593685737850272
