C       2.4680780671    -0.4420969519    -0.0004659616
C      -0.0001729096     1.1033546370    -0.0015047200
C      -2.4710227900    -0.4417431664     0.0001016348
F      -4.4071177658     1.1360534953     0.0017568645
F      -2.6065921738    -1.8870191459    -2.0334165869
F      -2.6012857033    -1.8852935120     2.0384893477
F       0.0012083946     2.5714722830     2.0562951904
F      -0.0000257235     2.5693766511    -2.0569273409
F       4.4015409303     1.1367847897     0.0010022774
F       2.6111086711    -1.8893003477    -2.0325322229
F       2.6046732558    -1.8834263146     2.0372427258
momentum
29.364454432643896  -51.85326780961233  -41.81473725474404
-35.14951093264839  -31.119824901752448  22.670207087021225
-6.025370492051408  35.08901343381529  56.495189751244645
-7.130855737738171  -0.2610609743189135  18.122925833317446
25.86557554349016  -16.8059471486099  -57.52036282152567
35.94122500011337  -10.154777489196732  -15.032925308671508
-24.433169311568413  83.43536990048644  -23.598273900920738
-33.690558587152964  31.341851948235607  29.618445903721767
31.656598617664976  -12.879960220724673  -29.21182200855936
60.56813654716102  -11.877376426660206  37.53550080634987
-73.0924502430199  -14.510578454935963  -8.100877590372432
