C       2.4680780671    -0.4420969519    -0.0004659616
C      -0.0001729096     1.1033546370    -0.0015047200
C      -2.4710227900    -0.4417431664     0.0001016348
F      -4.4071177658     1.1360534953     0.0017568645
F      -2.6065921738    -1.8870191459    -2.0334165869
F      -2.6012857033    -1.8852935120     2.0384893477
F       0.0012083946     2.5714722830     2.0562951904
F      -0.0000257235     2.5693766511    -2.0569273409
F       4.4015409303     1.1367847897     0.0010022774
F       2.6111086711    -1.8893003477    -2.0325322229
F       2.6046732558    -1.8834263146     2.0372427258
momentum
10.75311778037167  -12.11849212418028  0.020202274064679872
-19.708032985412043  37.32809206371777  0.8594042821769938
-12.4194616985214  26.40512118478163  9.832110238261073
2.0213728394239827  0.2517370145990063  -17.99558895541681
-24.474044835508835  9.8180173124096  -13.593926819459762
-8.502071934335943  -30.740492316914416  32.40188439492502
-11.045704901489996  -2.0630292180430163  -49.71864943967091
-8.908180135495723  -39.57174931616826  26.07805318069056
53.941345245016144  20.929658836976035  41.91046714002058
-30.54563565924364  5.46975630129589  -22.610260034716948
47.802401255626634  -15.782700438989814  3.5467692169364597
