C       2.4680780671    -0.4420969519    -0.0004659616
C      -0.0001729096     1.1033546370    -0.0015047200
C      -2.4710227900    -0.4417431664     0.0001016348
F      -4.4071177658     1.1360534953     0.0017568645
F      -2.6065921738    -1.8870191459    -2.0334165869
F      -2.6012857033    -1.8852935120     2.0384893477
F       0.0012083946     2.5714722830     2.0562951904
F      -0.0000257235     2.5693766511    -2.0569273409
F       4.4015409303     1.1367847897     0.0010022774
F       2.6111086711    -1.8893003477    -2.0325322229
F       2.6046732558    -1.8834263146     2.0372427258
momentum
10.251289684672237  -27.74607715005853  -27.334061372313375
12.086276947780295  -11.120681771668394  46.12311021100214
19.59022845896559  -14.457458163438961  -13.66207839175191
-11.193815693319843  28.17750587011546  -11.379489670268706
-36.45911044286752  -42.340989944271755  19.366367217019956
-13.197286839746466  -26.276591552041904  4.167558982501242
49.590423309300974  -11.071924568889374  -39.01927307647629
-17.765137146864834  4.7782121845492185  -5.836424719394821
13.298363717025376  22.092126552444448  22.940588965613777
7.6723612901819065  56.89676994439641  39.105900405508315
-27.349239777189165  4.665637938986086  -27.825554156439093
