C       2.4680780671    -0.4420969519    -0.0004659616
C      -0.0001729096     1.1033546370    -0.0015047200
C      -2.4710227900    -0.4417431664     0.0001016348
F      -4.4071177658     1.1360534953     0.0017568645
F      -2.6065921738    -1.8870191459    -2.0334165869
F      -2.6012857033    -1.8852935120     2.0384893477
F       0.0012083946     2.5714722830     2.0562951904
F      -0.0000257235     2.5693766511    -2.0569273409
F       4.4015409303     1.1367847897     0.0010022774
F       2.6111086711    -1.8893003477    -2.0325322229
F       2.6046732558    -1.8834263146     2.0372427258
momentum
21.594928179456144  -6.618765908449097  -23.353846965879857
-10.875097819560226  -9.425530139117532  33.74127743860733
7.283535287114639  20.14975874670811  -44.39695101654161
18.281022167235797  25.79560252967421  17.464240597231065
8.210581474505876  -31.885743579695557  24.784577196137977
28.35064561411422  8.669729000806026  -39.40592033563084
-54.748179955042325  -14.907917103452311  53.522495259390624
-0.18635793905192158  -15.542414180006745  -60.56800873409288
10.772032217265531  26.710559162390073  -12.353820863098909
-41.82755071475716  7.255679365378018  -4.542360422037201
2.5111616770244916  -25.284719151403888  44.87795010578822
