C       2.4680780671    -0.4420969519    -0.0004659616
C      -0.0001729096     1.1033546370    -0.0015047200
C      -2.4710227900    -0.4417431664     0.0001016348
F      -4.4071177658     1.1360534953     0.0017568645
F      -2.6065921738    -1.8870191459    -2.0334165869
F      -2.6012857033    -1.8852935120     2.0384893477
F       0.0012083946     2.5714722830     2.0562951904
F      -0.0000257235     2.5693766511    -2.0569273409
F       4.4015409303     1.1367847897     0.0010022774
F       2.6111086711    -1.8893003477    -2.0325322229
F       2.6046732558    -1.8834263146     2.0372427258
momentum
26.87129706434095  0.387074695788636  47.72323698404488
6.342542944110437  -34.889619164856164  -5.8365774199385685
13.96835781639515  -7.60050918042811  2.0360139561740835
45.235035742675315  35.47578684194377  -6.00288122171223
-10.560012623235679  -27.41542093406142  11.201601760392487
9.671348657087995  -7.348391581041859  -1.7906331844378456
-57.742676313101754  -0.833656728301532  -8.985571599640657
10.940461669772713  14.261661945690955  27.994995390385757
-48.31400899205228  31.97972021617359  -70.855710328569
3.6759560404278546  15.518123892134168  1.1106274036657828
-26.17886759577307  -40.14158553654538  6.909642831815402
