C       2.4680780671    -0.4420969519    -0.0004659616
C      -0.0001729096     1.1033546370    -0.0015047200
C      -2.4710227900    -0.4417431664     0.0001016348
F      -4.4071177658     1.1360534953     0.0017568645
F      -2.6065921738    -1.8870191459    -2.0334165869
F      -2.6012857033    -1.8852935120     2.0384893477
F       0.0012083946     2.5714722830     2.0562951904
F      -0.0000257235     2.5693766511    -2.0569273409
F       4.4015409303     1.1367847897     0.0010022774
F       2.6111086711    -1.8893003477    -2.0325322229
F       2.6046732558    -1.8834263146     2.0372427258
momentum
1.3514508333887183  16.496033655093207  -14.8638225230441
-26.204644893239294  -1.1854902203784423  -44.4653680827328
-6.20772410516063  -3.7810939671911594  22.52646372390453
-6.4430218330566  44.13954473271263  23.530666954852727
64.55231315617627  -26.24440680432117  -25.736728211419397
-7.047598842195392  -45.79363725231996  -24.72627366959909
77.99176994211753  45.908143532719535  -17.71771747848221
-34.03822570221436  -18.69843966807428  43.65638762858999
-92.23243639605282  -18.98695269759858  22.852594815203915
42.03850308105165  -29.186117369827414  -0.642868464596018
-10.3641322769943  11.553116217352724  1.7613492158356185
