C       2.4680780671    -0.4420969519    -0.0004659616
C      -0.0001729096     1.1033546370    -0.0015047200
C      -2.4710227900    -0.4417431664     0.0001016348
F      -4.4071177658     1.1360534953     0.0017568645
F      -2.6065921738    -1.8870191459    -2.0334165869
F      -2.6012857033    -1.8852935120     2.0384893477
F       0.0012083946     2.5714722830     2.0562951904
F      -0.0000257235     2.5693766511    -2.0569273409
F       4.4015409303     1.1367847897     0.0010022774
F       2.6111086711    -1.8893003477    -2.0325322229
F       2.6046732558    -1.8834263146     2.0372427258
momentum
56.03310214120106  -2.9683414737079077  7.4700508462131925
-9.775785280555526  4.99350685916581  -6.1465498798289095
30.978134284610174  52.044139063624506  0.7627971868782047
-2.650391989698177  -19.05294200214943  7.197659555075535
-35.01985920492787  -28.409174836217563  -16.491253620357032
-72.35134425848122  -20.576574221329793  9.44023547429597
25.222636275253134  12.409902511713588  -13.580077253532883
-16.699838385082817  8.155405345248996  -39.945438568276046
47.352607423709784  71.52487923955155  47.8465509223805
-55.93420841916205  -11.122914234902764  -20.350917786551445
34.48507829706102  -55.923473781845495  19.883130515531942
