C       2.4680780671    -0.4420969519    -0.0004659616
C      -0.0001729096     1.1033546370    -0.0015047200
C      -2.4710227900    -0.4417431664     0.0001016348
F      -4.4071177658     1.1360534953     0.0017568645
F      -2.6065921738    -1.8870191459    -2.0334165869
F      -2.6012857033    -1.8852935120     2.0384893477
F       0.0012083946     2.5714722830     2.0562951904
F      -0.0000257235     2.5693766511    -2.0569273409
F       4.4015409303     1.1367847897     0.0010022774
F       2.6111086711    -1.8893003477    -2.0325322229
F       2.6046732558    -1.8834263146     2.0372427258
momentum
-4.125065508908074  -6.535684178246462  -18.02303042401473
12.409216996155507  -54.67206453847114  40.146764324198756
-4.761216839690625  23.86216651040664  28.077317302237486
28.180927312341943  5.923345194288546  2.7672027121248313
-9.749683282423568  21.73142686380737  -17.061170155889982
43.909205193368734  -16.401812572026394  -36.989953582797845
-23.736876517090742  9.703233989621136  11.439656268721787
-4.677696726367306  -26.84026272276596  -39.59951152309398
-27.827671988923065  -13.050552519036676  23.07192722894153
-25.841698085838384  3.3019668064631023  -57.055081976881056
-0.5516655957331489  49.47331536531518  61.690175928238105
