C       2.4680780671    -0.4420969519    -0.0004659616
C      -0.0001729096     1.1033546370    -0.0015047200
C      -2.4710227900    -0.4417431664     0.0001016348
F      -4.4071177658     1.1360534953     0.0017568645
F      -2.6065921738    -1.8870191459    -2.0334165869
F      -2.6012857033    -1.8852935120     2.0384893477
F       0.0012083946     2.5714722830     2.0562951904
F      -0.0000257235     2.5693766511    -2.0569273409
F       4.4015409303     1.1367847897     0.0010022774
F       2.6111086711    -1.8893003477    -2.0325322229
F       2.6046732558    -1.8834263146     2.0372427258
momentum
13.306621123481209  -3.3426066708087316  10.770012006062228
20.33753607629164  -13.577549754290354  -43.71038016983856
48.450858901573845  -2.974209282488707  30.370347620493344
-50.69907418934582  -2.369172840845574  -17.123046630329696
9.967474598126921  64.99743440059257  21.439163153216537
-51.617216546308676  -3.0501608694608513  16.59096106486041
-26.81313954631522  -28.60559926588075  42.78336217665588
5.484699753957588  -38.24890607389401  -26.664626028558185
37.02781046285877  -1.619683871366259  -15.254331934039573
-5.696040652348149  17.313585348142336  -9.3387393517929
29.650618490981838  12.671856334430204  0.23850600707414288
