C       2.4680780671    -0.4420969519    -0.0004659616
C      -0.0001729096     1.1033546370    -0.0015047200
C      -2.4710227900    -0.4417431664     0.0001016348
F      -4.4071177658     1.1360534953     0.0017568645
F      -2.6065921738    -1.8870191459    -2.0334165869
F      -2.6012857033    -1.8852935120     2.0384893477
F       0.0012083946     2.5714722830     2.0562951904
F      -0.0000257235     2.5693766511    -2.0569273409
F       4.4015409303     1.1367847897     0.0010022774
F       2.6111086711    -1.8893003477    -2.0325322229
F       2.6046732558    -1.8834263146     2.0372427258
momentum
-28.275527846108695  -0.6973463106233962  23.92597846722045
-22.31329119317106  10.653396115233734  7.885137571778749
-28.420863702409715  -22.120635579952307  25.939836169642298
18.200457786144085  -26.153247251899977  -4.794409065698236
34.76562126662047  26.079877141150067  26.172277192202834
12.980855198469916  20.42995541659245  -28.198359719947483
2.2971053038475158  2.806739757318182  6.199710098467086
-8.005337864123351  35.38605584904528  -19.374724207715797
18.834855365954873  -35.3145373954262  -13.961774073653752
9.367207300420414  -10.180740153203647  31.188591001502378
-19.972414946923443  14.513608855727012  -52.21048709423085
