C       2.4680780671    -0.4420969519    -0.0004659616
C      -0.0001729096     1.1033546370    -0.0015047200
C      -2.4710227900    -0.4417431664     0.0001016348
F      -4.4071177658     1.1360534953     0.0017568645
F      -2.6065921738    -1.8870191459    -2.0334165869
F      -2.6012857033    -1.8852935120     2.0384893477
F       0.0012083946     2.5714722830     2.0562951904
F      -0.0000257235     2.5693766511    -2.0569273409
F       4.4015409303     1.1367847897     0.0010022774
F       2.6111086711    -1.8893003477    -2.0325322229
F       2.6046732558    -1.8834263146     2.0372427258
momentum
-24.84584110860623  26.429180285337665  -30.94272190924873
6.822470108627333  15.57506771744875  -0.1518353583437605
24.234382145821936  11.70967511278168  -16.087732368721383
12.102964703942558  -0.22234791635940873  -19.13597822303178
-9.656359779092176  -50.31680312137153  22.886457758597956
19.687604195419812  29.768347660174005  3.0000953092479796
27.038294106118997  -21.916742847063126  34.305469685835156
-6.311726579142837  -6.269648186430692  26.461876437243824
-36.5233405176764  -11.236968606158753  11.847850849987008
14.930862443792275  -0.5249893870034804  17.74250664953706
-34.59643869794129  7.070011033149215  -38.68803024914416
