C       2.4680780671    -0.4420969519    -0.0004659616
C      -0.0001729096     1.1033546370    -0.0015047200
C      -2.4710227900    -0.4417431664     0.0001016348
F      -4.4071177658     1.1360534953     0.0017568645
F      -2.6065921738    -1.8870191459    -2.0334165869
F      -2.6012857033    -1.8852935120     2.0384893477
F       0.0012083946     2.5714722830     2.0562951904
F      -0.0000257235     2.5693766511    -2.0569273409
F       4.4015409303     1.1367847897     0.0010022774
F       2.6111086711    -1.8893003477    -2.0325322229
F       2.6046732558    -1.8834263146     2.0372427258
momentum
-3.779357661104892  22.851851811054868  17.21398456502735
-28.216997822075864  36.71726433310862  -17.38382696249673
-32.166065065511056  -17.28085246424509  26.536665843521206
26.743816619585733  -8.089912379483362  -11.105793085245331
18.367630256866004  11.07460113087824  -7.166079122938567
20.421503381206357  -21.571187721705737  -8.773455293258253
0.7205847574520758  51.235342935520286  41.93196470738695
2.4345316120252027  -25.374003270748346  24.333210336575807
17.675362896262886  -3.438733637712084  -36.63633117430451
11.957715666580544  -33.4064749612741  -26.41455516789486
-49.72564747607738  -8.120448319974747  3.8419953461285083
