C       2.4680780671    -0.4420969519    -0.0004659616
C      -0.0001729096     1.1033546370    -0.0015047200
C      -2.4710227900    -0.4417431664     0.0001016348
F      -4.4071177658     1.1360534953     0.0017568645
F      -2.6065921738    -1.8870191459    -2.0334165869
F      -2.6012857033    -1.8852935120     2.0384893477
F       0.0012083946     2.5714722830     2.0562951904
F      -0.0000257235     2.5693766511    -2.0569273409
F       4.4015409303     1.1367847897     0.0010022774
F       2.6111086711    -1.8893003477    -2.0325322229
F       2.6046732558    -1.8834263146     2.0372427258
momentum
-2.307761068296417  14.351069889423826  21.59057322197921
-9.407988633763322  -8.224547489965868  41.14062099036412
35.54597832109902  9.355312317568352  -1.9635805402035351
-10.798027232644714  2.4244422013464453  -15.345060949532362
-4.078266735016774  -27.347844941076254  7.824693278477327
46.478718705223386  58.41513493282594  -42.78440518503437
-8.464104492496954  -42.50933650028308  -41.39717911153198
3.0064853962039773  3.2550336601856285  44.73854987687916
-41.93796197437336  -38.35847202821201  -28.688830173115292
-28.594797925094664  31.975629112651767  2.211671357540332
27.068780989631488  -4.605946744415291  21.753074350439054
