C       2.4680780671    -0.4420969519    -0.0004659616
C      -0.0001729096     1.1033546370    -0.0015047200
C      -2.4710227900    -0.4417431664     0.0001016348
F      -4.4071177658     1.1360534953     0.0017568645
F      -2.6065921738    -1.8870191459    -2.0334165869
F      -2.6012857033    -1.8852935120     2.0384893477
F       0.0012083946     2.5714722830     2.0562951904
F      -0.0000257235     2.5693766511    -2.0569273409
F       4.4015409303     1.1367847897     0.0010022774
F       2.6111086711    -1.8893003477    -2.0325322229
F       2.6046732558    -1.8834263146     2.0372427258
momentum
-17.652797586433472  -22.469588470170468  3.5643812877735157
17.62776776154432  -6.3626089781217  -17.47908169209211
-20.89348132196541  2.8817515943153817  3.250755252798568
15.77580604529624  0.6677913186703124  1.9906916039859943
2.282451904220324  -7.994424529292006  -9.029729256180726
-39.421309511779576  -2.649822374026402  -40.55116175006615
25.112659759941515  61.39426412448588  18.823189955284434
-50.14497646735918  27.642895860122074  -0.5990327870188623
-50.67242308658562  -7.520999781286315  16.482170904545864
10.669213180305194  -27.332683537690862  0.3147086531991069
97.88694692191646  -18.61822614002778  22.118120415007212
