C       2.4680780671    -0.4420969519    -0.0004659616
C      -0.0001729096     1.1033546370    -0.0015047200
C      -2.4710227900    -0.4417431664     0.0001016348
F      -4.4071177658     1.1360534953     0.0017568645
F      -2.6065921738    -1.8870191459    -2.0334165869
F      -2.6012857033    -1.8852935120     2.0384893477
F       0.0012083946     2.5714722830     2.0562951904
F      -0.0000257235     2.5693766511    -2.0569273409
F       4.4015409303     1.1367847897     0.0010022774
F       2.6111086711    -1.8893003477    -2.0325322229
F       2.6046732558    -1.8834263146     2.0372427258
momentum
36.644600302003404  2.59215693968056  -11.702140148144395
16.85610351806365  -54.26296597716931  -36.10550725155541
-5.66878257459639  -9.793979917267837  35.52871457515041
12.557940927367921  3.438913634029381  10.636826849292392
18.44205738389342  -4.620050798712239  2.789988954205578
-86.85603753593597  30.435086666367564  -0.8973214169374002
-39.65330055075072  7.950688245702499  -27.384425453427326
-14.437369296461808  21.254362553926285  18.89351089850373
19.131519592921137  16.22822611742168  21.81642359399944
-10.588104725938136  2.0243456308374097  26.563561123163336
46.132486564143825  -16.97510718591408  -46.187718382315204
