C       2.4680780671    -0.4420969519    -0.0004659616
C      -0.0001729096     1.1033546370    -0.0015047200
C      -2.4710227900    -0.4417431664     0.0001016348
F      -4.4071177658     1.1360534953     0.0017568645
F      -2.6065921738    -1.8870191459    -2.0334165869
F      -2.6012857033    -1.8852935120     2.0384893477
F       0.0012083946     2.5714722830     2.0562951904
F      -0.0000257235     2.5693766511    -2.0569273409
F       4.4015409303     1.1367847897     0.0010022774
F       2.6111086711    -1.8893003477    -2.0325322229
F       2.6046732558    -1.8834263146     2.0372427258
momentum
-12.501636256724481  1.8626403932116802  -25.009046948899034
50.17709767557957  -13.082964578230634  -28.56868832047429
-18.24835058856084  -3.6661084226469804  10.945983303344866
-4.737152845334404  11.966589101383377  16.74702607157942
-24.44984956166482  -18.271821066614027  -62.81315160914081
-5.043129386800566  0.5705788142908851  19.052054068505864
6.996231002542535  -19.063936526448245  -22.566953544836903
-29.698829406330226  32.35561151929023  23.509164412936858
1.435136493332163  4.979522912590317  -10.900204853680112
37.280872531347995  -5.747687281264192  17.704302791254506
1.2792422453381354  0.9907563746057693  52.05763552107283
