C       2.4680780671    -0.4420969519    -0.0004659616
C      -0.0001729096     1.1033546370    -0.0015047200
C      -2.4710227900    -0.4417431664     0.0001016348
F      -4.4071177658     1.1360534953     0.0017568645
F      -2.6065921738    -1.8870191459    -2.0334165869
F      -2.6012857033    -1.8852935120     2.0384893477
F       0.0012083946     2.5714722830     2.0562951904
F      -0.0000257235     2.5693766511    -2.0569273409
F       4.4015409303     1.1367847897     0.0010022774
F       2.6111086711    -1.8893003477    -2.0325322229
F       2.6046732558    -1.8834263146     2.0372427258
momentum
26.838310438769046  -7.587843329206163  41.3289661699353
-13.760511183001547  10.224870629494447  44.9571545042158
25.5257710039677  -4.219479608158735  -48.26900068361818
-19.727228719437772  8.236373958960487  7.1559911071525715
-38.22441923281484  22.014192257524883  -27.374726243293377
33.561950984015304  8.615719891722014  13.84248950650572
-59.38479945005414  26.278025405687472  22.453691441078394
67.12013247397955  -123.85551915596278  18.80894214932772
36.87680306835089  48.895093826175795  -30.40623687725979
-39.61957276717565  11.010868635832901  -74.90695899949387
-7.3450329068283065  -4.511150631664794  28.160243330317932
