C       2.4680780671    -0.4420969519    -0.0004659616
C      -0.0001729096     1.1033546370    -0.0015047200
C      -2.4710227900    -0.4417431664     0.0001016348
F      -4.4071177658     1.1360534953     0.0017568645
F      -2.6065921738    -1.8870191459    -2.0334165869
F      -2.6012857033    -1.8852935120     2.0384893477
F       0.0012083946     2.5714722830     2.0562951904
F      -0.0000257235     2.5693766511    -2.0569273409
F       4.4015409303     1.1367847897     0.0010022774
F       2.6111086711    -1.8893003477    -2.0325322229
F       2.6046732558    -1.8834263146     2.0372427258
momentum
-6.875386805760998  5.182120785591783  -0.7815472912466768
37.280046555381986  -45.900827344936125  34.116238756868135
16.692825259374146  -36.43599413377359  -18.977692057699674
0.026821859284545665  -7.008122492629106  4.582689042110924
-50.42072920099247  -7.397430126025977  -53.401699739622956
-0.504892455086826  9.219609727655486  16.417606441163734
43.23926706162096  2.9979616272110645  -4.192490545268046
-8.704748079778133  21.33690160010042  5.103012092005557
-12.413290597733642  -36.94759449881143  9.954414779777128
1.571304148755657  16.68360002650699  -33.2116402649006
-19.99044857583044  82.29111710708102  37.61907951907151
