C       2.4680780671    -0.4420969519    -0.0004659616
C      -0.0001729096     1.1033546370    -0.0015047200
C      -2.4710227900    -0.4417431664     0.0001016348
F      -4.4071177658     1.1360534953     0.0017568645
F      -2.6065921738    -1.8870191459    -2.0334165869
F      -2.6012857033    -1.8852935120     2.0384893477
F       0.0012083946     2.5714722830     2.0562951904
F      -0.0000257235     2.5693766511    -2.0569273409
F       4.4015409303     1.1367847897     0.0010022774
F       2.6111086711    -1.8893003477    -2.0325322229
F       2.6046732558    -1.8834263146     2.0372427258
momentum
25.09622215163038  13.945813632035122  -16.215520879227327
-31.028266645455094  -21.10012765664773  -2.2644541649982814
29.647976604925088  -6.431118858683214  -2.4925693133337927
-28.664540299287367  10.139632490067262  7.429624773311183
32.51254499348028  -33.014302576305255  -10.21923326693963
-17.104276237050428  -0.7072153486681647  -8.943293365067797
6.120533084702116  -8.902572755020435  -22.144682827018112
6.2782085067089675  56.559034023416174  16.177882889121598
28.45673343812696  -19.222100184806056  24.540690138788854
-66.18647845495951  -27.589348226943237  7.258520491925699
31.635003052823542  30.543909128264875  2.5417897852467357
