C       2.4680780671    -0.4420969519    -0.0004659616
C      -0.0001729096     1.1033546370    -0.0015047200
C      -2.4710227900    -0.4417431664     0.0001016348
F      -4.4071177658     1.1360534953     0.0017568645
F      -2.6065921738    -1.8870191459    -2.0334165869
F      -2.6012857033    -1.8852935120     2.0384893477
F       0.0012083946     2.5714722830     2.0562951904
F      -0.0000257235     2.5693766511    -2.0569273409
F       4.4015409303     1.1367847897     0.0010022774
F       2.6111086711    -1.8893003477    -2.0325322229
F       2.6046732558    -1.8834263146     2.0372427258
momentum
27.378816961389663  14.918429212814027  48.25669999714448
19.02190416814709  -32.25564185037766  18.107295838700622
-52.85502708380295  -3.270189874212972  38.46053777306681
5.02332918924574  -28.19375115511448  -26.723138868900236
0.7000055173722532  72.84865279065401  -12.0934451491853
-24.500137128102814  -29.286284782595036  22.0182738838557
63.56838543845955  16.848332072788104  -27.626868980597038
-11.195450722396096  -21.410406193832124  2.4779609506688867
-30.91842800947043  -6.858321725061221  -12.619063974417037
15.98931762438184  9.133104580184613  -18.916345394376147
-15.229331228307345  23.96176313691671  -15.534747999592428
