C       2.4680780671    -0.4420969519    -0.0004659616
C      -0.0001729096     1.1033546370    -0.0015047200
C      -2.4710227900    -0.4417431664     0.0001016348
F      -4.4071177658     1.1360534953     0.0017568645
F      -2.6065921738    -1.8870191459    -2.0334165869
F      -2.6012857033    -1.8852935120     2.0384893477
F       0.0012083946     2.5714722830     2.0562951904
F      -0.0000257235     2.5693766511    -2.0569273409
F       4.4015409303     1.1367847897     0.0010022774
F       2.6111086711    -1.8893003477    -2.0325322229
F       2.6046732558    -1.8834263146     2.0372427258
momentum
-19.62012242095608  9.5407777861459  53.5505504422686
31.43386111225564  2.1806411847012654  -10.86080466867011
-29.340977016289244  -18.42940965160099  -16.94021371837608
-22.043372575440284  3.7522370182233624  19.137530749631818
31.282636326384647  37.831659119096074  45.63244135903526
-13.582730265560988  3.538705983367638  -25.757455638493816
8.966765891640378  -2.466043893968282  -47.16433314110807
-6.271314101857178  -25.19145344674256  -0.6779643976842571
-1.1713607365495293  13.501770946025744  16.580526513973734
15.31358306707715  -6.440980835048437  -21.304498824595512
17.9717703676537  -20.087915020741413  -23.319033565341773
