C       2.4680780671    -0.4420969519    -0.0004659616
C      -0.0001729096     1.1033546370    -0.0015047200
C      -2.4710227900    -0.4417431664     0.0001016348
F      -4.4071177658     1.1360534953     0.0017568645
F      -2.6065921738    -1.8870191459    -2.0334165869
F      -2.6012857033    -1.8852935120     2.0384893477
F       0.0012083946     2.5714722830     2.0562951904
F      -0.0000257235     2.5693766511    -2.0569273409
F       4.4015409303     1.1367847897     0.0010022774
F       2.6111086711    -1.8893003477    -2.0325322229
F       2.6046732558    -1.8834263146     2.0372427258
momentum
38.96815510038121  -13.419395111323901  -16.83619050966577
-11.534862812063079  0.06200919959394239  12.488506038385633
-4.680822984868824  -37.67665696109503  -52.04030848486313
-1.4739116407355812  33.030459649447764  -18.259006803390495
-27.548419329330205  -16.574085472422265  -5.493796964610486
0.6526752625958739  43.45660053246953  45.76628559335252
-12.978769099162498  -52.171008887592755  39.094106324595415
-35.399670348394025  9.3215345289231  8.493173149540429
3.907150160267621  2.845932667359327  -0.8065022549462466
25.92210925193626  -9.68956617390718  24.5756082525296
25.13647218121199  21.741895983132913  -26.236649952417093
