C       2.4680780671    -0.4420969519    -0.0004659616
C      -0.0001729096     1.1033546370    -0.0015047200
C      -2.4710227900    -0.4417431664     0.0001016348
F      -4.4071177658     1.1360534953     0.0017568645
F      -2.6065921738    -1.8870191459    -2.0334165869
F      -2.6012857033    -1.8852935120     2.0384893477
F       0.0012083946     2.5714722830     2.0562951904
F      -0.0000257235     2.5693766511    -2.0569273409
F       4.4015409303     1.1367847897     0.0010022774
F       2.6111086711    -1.8893003477    -2.0325322229
F       2.6046732558    -1.8834263146     2.0372427258
momentum
-7.0146897099734655  -3.09636613291473  -10.523066645230854
-4.558048062887521  -3.5431246515068113  -18.770266881898422
-26.97506314696994  -3.7838350431933896  12.852364347787084
-2.078892613747374  -16.216466584587145  -13.563736458545542
-0.44000178308703974  -24.461494787319754  -17.913922805932344
-5.572676390816893  41.021640970369724  58.122013871929155
-7.464166525562818  -16.6766714776546  -18.236310103395024
6.733145026761339  24.384896029815696  24.834841274272563
67.05019488435327  13.290302285431359  5.942080792850192
0.7288663520900165  28.494673222263344  -4.234797270208771
-19.04913970315966  -29.908244907662564  -10.550712817448197
