C       2.4680780671    -0.4420969519    -0.0004659616
C      -0.0001729096     1.1033546370    -0.0015047200
C      -2.4710227900    -0.4417431664     0.0001016348
F      -4.4071177658     1.1360534953     0.0017568645
F      -2.6065921738    -1.8870191459    -2.0334165869
F      -2.6012857033    -1.8852935120     2.0384893477
F       0.0012083946     2.5714722830     2.0562951904
F      -0.0000257235     2.5693766511    -2.0569273409
F       4.4015409303     1.1367847897     0.0010022774
F       2.6111086711    -1.8893003477    -2.0325322229
F       2.6046732558    -1.8834263146     2.0372427258
momentum
1.9051693029855559  -17.845255966175916  4.6715800127676905
0.6877240153025057  -41.401712341675704  -6.876994936012496
27.335755855508616  57.15830912676084  -8.539112563512422
3.4204075942184446  -13.264665505278641  -23.72743857760394
-16.472516485270713  -16.35969223102381  14.704350329224242
-26.448803246415583  11.536621787653027  34.82454309060007
15.176556795807693  -31.706196322975213  -13.598688825357954
-13.007213195612653  10.740642704121166  52.326287693389915
-11.18545152116478  -6.244917631504452  29.596870153539285
12.502440243428902  -9.66404443345067  11.143617701172074
4.067410933377499  65.09071065965546  -80.4025466268129
