C       2.4680780671    -0.4420969519    -0.0004659616
C      -0.0001729096     1.1033546370    -0.0015047200
C      -2.4710227900    -0.4417431664     0.0001016348
F      -4.4071177658     1.1360534953     0.0017568645
F      -2.6065921738    -1.8870191459    -2.0334165869
F      -2.6012857033    -1.8852935120     2.0384893477
F       0.0012083946     2.5714722830     2.0562951904
F      -0.0000257235     2.5693766511    -2.0569273409
F       4.4015409303     1.1367847897     0.0010022774
F       2.6111086711    -1.8893003477    -2.0325322229
F       2.6046732558    -1.8834263146     2.0372427258
momentum
32.92649377609838  21.438356718899882  -42.402526948391184
29.896792012683168  25.68601632298991  38.13762214336334
-44.95476420735528  -31.73323500333185  1.6353725499707579
-1.3470222479727203  6.64315975705818  -3.852746066438361
-47.52032409194924  -54.17378471716416  -16.309906123044666
-34.523642373476726  6.407812416531494  -13.693203554858522
-2.1664652425541187  12.885631917854807  28.775021568945053
9.175285719165032  0.17728007243109478  -20.788456252677978
26.874869863321855  -30.078759136610767  -7.521278033309298
1.763380726471132  43.890774073024694  39.109385243043796
30.516415863558535  -5.106305863191152  -0.9841630195497922
