C       2.4680780671    -0.4420969519    -0.0004659616
C      -0.0001729096     1.1033546370    -0.0015047200
C      -2.4710227900    -0.4417431664     0.0001016348
F      -4.4071177658     1.1360534953     0.0017568645
F      -2.6065921738    -1.8870191459    -2.0334165869
F      -2.6012857033    -1.8852935120     2.0384893477
F       0.0012083946     2.5714722830     2.0562951904
F      -0.0000257235     2.5693766511    -2.0569273409
F       4.4015409303     1.1367847897     0.0010022774
F       2.6111086711    -1.8893003477    -2.0325322229
F       2.6046732558    -1.8834263146     2.0372427258
momentum
10.16536925813266  -16.729131714946405  -44.98144224843147
45.05510563480979  21.92190122534554  -2.1851919425403494
-21.291676302925964  -9.707497590762191  -19.656524001119493
-21.814780942108047  21.691270346274862  -24.140897456125533
-48.425274681897385  10.774664085525433  19.021361216316603
29.86928237754229  -43.239693013047805  11.800086789111203
-4.26801545105724  6.086224822980396  -0.009412133928146837
30.157803260229745  -27.379958559974032  26.48187530998715
-30.38807945787811  33.422916400900974  -10.12885654177189
1.168284538261919  16.3869275050749  -18.078103044794005
22.35806591484038  -26.142891731848298  75.83799686516538
