C       2.4680780671    -0.4420969519    -0.0004659616
C      -0.0001729096     1.1033546370    -0.0015047200
C      -2.4710227900    -0.4417431664     0.0001016348
F      -4.4071177658     1.1360534953     0.0017568645
F      -2.6065921738    -1.8870191459    -2.0334165869
F      -2.6012857033    -1.8852935120     2.0384893477
F       0.0012083946     2.5714722830     2.0562951904
F      -0.0000257235     2.5693766511    -2.0569273409
F       4.4015409303     1.1367847897     0.0010022774
F       2.6111086711    -1.8893003477    -2.0325322229
F       2.6046732558    -1.8834263146     2.0372427258
momentum
-46.49589149714428  -8.115982856006971  -0.7832385802828056
-14.11772125024225  -3.96418964621364  63.15941269018783
-11.677779808593401  -27.62157847860402  -26.623890156171235
8.219541673027592  -9.146101347783803  -9.378064017416754
3.201083084826542  -30.169745937146182  -78.80621145129766
6.250815104180056  64.12105266373429  43.84669577113768
-18.791151802676563  61.505880880170935  -11.603124323378356
-6.11315776464821  14.885899845608005  46.52057751243852
7.1478916335346785  -30.359084338293396  -10.537637452484011
-7.341484378458882  1.9377513021257318  4.414992022340066
75.21807343302054  -27.51825793432512  -14.785203180688615
