C       2.4680780671    -0.4420969519    -0.0004659616
C      -0.0001729096     1.1033546370    -0.0015047200
C      -2.4710227900    -0.4417431664     0.0001016348
F      -4.4071177658     1.1360534953     0.0017568645
F      -2.6065921738    -1.8870191459    -2.0334165869
F      -2.6012857033    -1.8852935120     2.0384893477
F       0.0012083946     2.5714722830     2.0562951904
F      -0.0000257235     2.5693766511    -2.0569273409
F       4.4015409303     1.1367847897     0.0010022774
F       2.6111086711    -1.8893003477    -2.0325322229
F       2.6046732558    -1.8834263146     2.0372427258
momentum
-22.413296157775495  17.420779597571087  19.69607481861744
-4.151930714073325  37.31509937218959  -14.29490169607432
20.855097883099972  -48.912386351376846  4.287270346015645
36.21869113408548  2.431474929178378  1.3377587503332997
-44.34712366695703  19.61204331601327  10.820119406029345
5.495138692582529  -29.40837012708698  -11.602635771702387
14.881823957336396  0.19956694984717793  32.01465560229091
-34.06479166004237  19.084387616683127  -81.46638402653709
12.233340790819243  -6.534099246166274  33.1407426438166
0.2493762597055422  -10.511907776614171  -39.6655617598967
-6.027114628993183  -2.411250232527574  44.95094417020839
