C       2.4680780671    -0.4420969519    -0.0004659616
C      -0.0001729096     1.1033546370    -0.0015047200
C      -2.4710227900    -0.4417431664     0.0001016348
F      -4.4071177658     1.1360534953     0.0017568645
F      -2.6065921738    -1.8870191459    -2.0334165869
F      -2.6012857033    -1.8852935120     2.0384893477
F       0.0012083946     2.5714722830     2.0562951904
F      -0.0000257235     2.5693766511    -2.0569273409
F       4.4015409303     1.1367847897     0.0010022774
F       2.6111086711    -1.8893003477    -2.0325322229
F       2.6046732558    -1.8834263146     2.0372427258
momentum
17.357774730508773  -26.75813456039906  -14.867610532588982
-2.7648270057934914  -0.3302300931096754  -44.30555832697332
-5.164339334809901  3.4035061705528884  -12.759286405191075
-14.965863773771074  -5.580578633434623  -11.648924822134441
11.419027371307912  -4.388042817566466  26.991065414412073
-34.0441286876438  20.128875021983408  10.555463205174075
-12.167202253266469  19.16837984384055  15.923934941125946
-21.668981947945746  -5.444379872534587  50.635269716020325
62.84229377748925  25.28539813271513  -19.401167117378872
8.732499419573948  11.156570343294396  12.39026210619684
-0.8260035716132811  -33.31154966297685  -6.742668216696775
