C       2.4680780671    -0.4420969519    -0.0004659616
C      -0.0001729096     1.1033546370    -0.0015047200
C      -2.4710227900    -0.4417431664     0.0001016348
F      -4.4071177658     1.1360534953     0.0017568645
F      -2.6065921738    -1.8870191459    -2.0334165869
F      -2.6012857033    -1.8852935120     2.0384893477
F       0.0012083946     2.5714722830     2.0562951904
F      -0.0000257235     2.5693766511    -2.0569273409
F       4.4015409303     1.1367847897     0.0010022774
F       2.6111086711    -1.8893003477    -2.0325322229
F       2.6046732558    -1.8834263146     2.0372427258
momentum
17.428469753735683  3.2898502494482984  -4.11413047164643
40.74890383133636  -48.906857707703935  35.00245069446587
-10.073190719480047  59.4507015822215  -40.80297475383097
-15.228564422265809  17.583484714256542  3.9512818698414476
7.401536835706052  -16.678782450006405  -24.615294547928656
-7.30616589309855  30.871964044010312  16.521820066485457
-15.571208931926424  -66.63012867578574  -39.024541841611274
-51.054582402315496  -11.69024688146715  36.53520270177484
-7.685646845828565  -11.686635255251124  -12.76968000646822
11.139227479947419  11.08951355932165  51.1342826815057
38.93834223374121  23.26027312509169  -23.854471377299518
