C       2.4680780671    -0.4420969519    -0.0004659616
C      -0.0001729096     1.1033546370    -0.0015047200
C      -2.4710227900    -0.4417431664     0.0001016348
F      -4.4071177658     1.1360534953     0.0017568645
F      -2.6065921738    -1.8870191459    -2.0334165869
F      -2.6012857033    -1.8852935120     2.0384893477
F       0.0012083946     2.5714722830     2.0562951904
F      -0.0000257235     2.5693766511    -2.0569273409
F       4.4015409303     1.1367847897     0.0010022774
F       2.6111086711    -1.8893003477    -2.0325322229
F       2.6046732558    -1.8834263146     2.0372427258
momentum
45.13131987927689  -29.806602239753133  26.707009545304857
15.281621813302129  7.380717755142138  -2.1016875253126983
1.324160049246236  -39.90371742932652  18.580459363025227
-24.278486966765538  -15.219060641591955  -10.831225531130587
-16.520777439629  -8.53665751126446  -34.64901818787313
-4.747604800447733  31.42754152151668  7.376734388415746
-20.034519947612672  24.238099972362924  89.60254127101327
23.406896853934516  32.64100583136179  -19.081497076763494
41.72801376147568  27.42235292481697  -7.1819124750211065
-33.11487246060166  -68.19490378065711  -28.811616060424377
-14.066241082390071  47.37602801372516  -33.31520710248062
