C       2.4680780671    -0.4420969519    -0.0004659616
C      -0.0001729096     1.1033546370    -0.0015047200
C      -2.4710227900    -0.4417431664     0.0001016348
F      -4.4071177658     1.1360534953     0.0017568645
F      -2.6065921738    -1.8870191459    -2.0334165869
F      -2.6012857033    -1.8852935120     2.0384893477
F       0.0012083946     2.5714722830     2.0562951904
F      -0.0000257235     2.5693766511    -2.0569273409
F       4.4015409303     1.1367847897     0.0010022774
F       2.6111086711    -1.8893003477    -2.0325322229
F       2.6046732558    -1.8834263146     2.0372427258
momentum
-24.592995171672065  -5.829628357371468  6.9937546063846225
-3.9016548693194966  5.880295575785634  -16.161426647835285
12.056422388753314  22.29326256187768  -37.76567778958186
1.950627904805069  -18.033185564603045  2.928785601626784
9.382264479431923  -14.455872058122054  24.310758926912214
1.6133013778948966  -19.846988144679475  29.961875118025738
1.7819317789667286  -2.561078802768558  -71.05269122704141
35.21697848853483  39.33468199114865  64.53043055825796
-2.4377232335491343  -10.59635949956129  3.5421076965240226
-22.335042491139777  7.048051474350825  -17.669255197952864
-9.515410860950535  7.433035161904741  8.552458768790844
