C       2.4680780671    -0.4420969519    -0.0004659616
C      -0.0001729096     1.1033546370    -0.0015047200
C      -2.4710227900    -0.4417431664     0.0001016348
F      -4.4071177658     1.1360534953     0.0017568645
F      -2.6065921738    -1.8870191459    -2.0334165869
F      -2.6012857033    -1.8852935120     2.0384893477
F       0.0012083946     2.5714722830     2.0562951904
F      -0.0000257235     2.5693766511    -2.0569273409
F       4.4015409303     1.1367847897     0.0010022774
F       2.6111086711    -1.8893003477    -2.0325322229
F       2.6046732558    -1.8834263146     2.0372427258
momentum
-0.6500737886303849  -5.675088631590692  -9.440044225993576
3.8799555323368478  29.615081082637534  8.300137777452228
-27.82860972187022  -21.283976196569927  -7.43557312126166
17.963042674765322  13.02279120643142  -33.672572396519364
-28.61329078661644  -59.35032216862334  -16.585220047368313
27.520589801179078  -24.429574244323202  2.0124921573944796
52.52453667470752  -33.06838081719401  50.32331690927037
-12.527674336114195  60.99525343589657  -1.5051964419597745
-8.881447073001732  -23.686918178445374  -17.497236250609653
-31.728049766647008  -2.921281678355954  10.34271681193773
-2.19879164043743  59.075521729526926  34.78907893038409
