C       2.4680780671    -0.4420969519    -0.0004659616
C      -0.0001729096     1.1033546370    -0.0015047200
C      -2.4710227900    -0.4417431664     0.0001016348
F      -4.4071177658     1.1360534953     0.0017568645
F      -2.6065921738    -1.8870191459    -2.0334165869
F      -2.6012857033    -1.8852935120     2.0384893477
F       0.0012083946     2.5714722830     2.0562951904
F      -0.0000257235     2.5693766511    -2.0569273409
F       4.4015409303     1.1367847897     0.0010022774
F       2.6111086711    -1.8893003477    -2.0325322229
F       2.6046732558    -1.8834263146     2.0372427258
momentum
-23.332477060414124  0.5426264179836644  16.191445913224133
-13.057496650677438  4.325226667724229  -32.31097348947809
4.712535440969379  -65.83398132897523  6.670233522184592
-4.402819251248868  -24.762741957092803  11.763772665637319
25.516851867801897  103.43395519242078  -13.193501242918444
17.11716800143595  20.553533943756978  16.704974538121014
-29.36428010392592  49.58939390194696  -21.564575717819242
26.226414855007768  -4.115736930134211  -0.5474143964614215
-39.090345532918406  -29.304482046865775  1.595371113396321
-3.095964596590606  -9.601099135917517  -35.322691987237185
41.487861182127816  -30.374487459931878  42.96021459840766
