C       2.4680780671    -0.4420969519    -0.0004659616
C      -0.0001729096     1.1033546370    -0.0015047200
C      -2.4710227900    -0.4417431664     0.0001016348
F      -4.4071177658     1.1360534953     0.0017568645
F      -2.6065921738    -1.8870191459    -2.0334165869
F      -2.6012857033    -1.8852935120     2.0384893477
F       0.0012083946     2.5714722830     2.0562951904
F      -0.0000257235     2.5693766511    -2.0569273409
F       4.4015409303     1.1367847897     0.0010022774
F       2.6111086711    -1.8893003477    -2.0325322229
F       2.6046732558    -1.8834263146     2.0372427258
momentum
-14.490939911484617  4.0839286511724  -38.2138427314601
-6.8093984856133005  -14.617933347522698  36.802880229267025
49.61753208168371  40.06763504587298  -35.90745342780894
10.80946349771332  21.088473765543963  -1.980749177489861
-11.303364973239432  4.7223013705268055  -27.7151693459028
8.113853285352636  -22.414543047384846  65.32007124681024
-36.715802043862645  -2.6523171031568515  -67.27657199063948
-38.7131205045036  -32.28366347439033  40.59422453780508
15.366585774960818  4.966234238852061  23.33892935334732
12.30737156407521  7.3981657191114065  -2.272855932765211
5.6436731212929985  -22.53633361190235  8.594057041403882
