C       2.4680780671    -0.4420969519    -0.0004659616
C      -0.0001729096     1.1033546370    -0.0015047200
C      -2.4710227900    -0.4417431664     0.0001016348
F      -4.4071177658     1.1360534953     0.0017568645
F      -2.6065921738    -1.8870191459    -2.0334165869
F      -2.6012857033    -1.8852935120     2.0384893477
F       0.0012083946     2.5714722830     2.0562951904
F      -0.0000257235     2.5693766511    -2.0569273409
F       4.4015409303     1.1367847897     0.0010022774
F       2.6111086711    -1.8893003477    -2.0325322229
F       2.6046732558    -1.8834263146     2.0372427258
momentum
-5.890250126311085  10.179550142143318  11.188974683429741
-25.65707429429976  -19.704230581361553  -30.842300012538505
-27.62230345121603  -23.080042267941604  48.59011707034602
2.63484184573071  1.3235245480961015  -21.588284908412824
-33.16296109000078  -6.0427376250593134  -21.734059747863782
15.145548698924094  15.549468470191645  0.7249236318824563
47.212438083175485  -26.051076602387123  -5.795433267325081
9.628757786873095  13.3293601418982  29.35248219876736
-2.854175529432261  -2.334408996579429  18.74501371810411
14.747787979632418  -3.9232247097754485  -14.112796977602212
4.180386731214642  40.01207590403609  -1.8060010409626321
