C       2.4680780671    -0.4420969519    -0.0004659616
C      -0.0001729096     1.1033546370    -0.0015047200
C      -2.4710227900    -0.4417431664     0.0001016348
F      -4.4071177658     1.1360534953     0.0017568645
F      -2.6065921738    -1.8870191459    -2.0334165869
F      -2.6012857033    -1.8852935120     2.0384893477
F       0.0012083946     2.5714722830     2.0562951904
F      -0.0000257235     2.5693766511    -2.0569273409
F       4.4015409303     1.1367847897     0.0010022774
F       2.6111086711    -1.8893003477    -2.0325322229
F       2.6046732558    -1.8834263146     2.0372427258
momentum
51.10488367409208  -26.10612667907146  -41.74389154968955
79.17644964740717  4.495658460357058  30.89407062707024
-5.255344067323083  -44.31166279620832  -9.65218529568139
19.308583605839463  -27.572870796001204  -6.058687932345559
-8.883449373693727  59.504218360131524  -2.2111373602525908
-45.16848680662714  8.87665992188177  3.6721903648630163
-7.870059474152674  22.84247118516727  26.52250420525425
-56.06502622702752  -10.289960618405797  18.9564254873534
-11.11025651689287  -31.805546043039165  5.226169931602974
11.429728186621535  -29.090900199586166  4.0908439815605675
-38.27458347652243  89.72464646913764  -26.17407082495447
