C       2.4680780671    -0.4420969519    -0.0004659616
C      -0.0001729096     1.1033546370    -0.0015047200
C      -2.4710227900    -0.4417431664     0.0001016348
F      -4.4071177658     1.1360534953     0.0017568645
F      -2.6065921738    -1.8870191459    -2.0334165869
F      -2.6012857033    -1.8852935120     2.0384893477
F       0.0012083946     2.5714722830     2.0562951904
F      -0.0000257235     2.5693766511    -2.0569273409
F       4.4015409303     1.1367847897     0.0010022774
F       2.6111086711    -1.8893003477    -2.0325322229
F       2.6046732558    -1.8834263146     2.0372427258
momentum
-7.285402107450318  2.211158070645139  23.695325816333295
-34.20324898618665  51.15365209108269  -29.232562892941395
27.673461225766335  -26.11408525437986  -1.3790741047911024
3.6076216036211415  -9.988951698576614  8.35344229910584
24.24675624497498  -19.918632195410925  8.667827266542599
-43.85264919123577  24.926982505266057  -29.134640995305375
81.68561493411927  -18.925450123773786  17.523658724951424
-12.371419546909673  -16.65515563722798  -30.915027948435537
-15.80641221034879  15.814928147357037  27.364954502981785
-42.98337254909507  21.102118499420158  -17.329784915308167
17.34064329551332  -17.82761498411364  17.632021923066173
