C       2.4680780671    -0.4420969519    -0.0004659616
C      -0.0001729096     1.1033546370    -0.0015047200
C      -2.4710227900    -0.4417431664     0.0001016348
F      -4.4071177658     1.1360534953     0.0017568645
F      -2.6065921738    -1.8870191459    -2.0334165869
F      -2.6012857033    -1.8852935120     2.0384893477
F       0.0012083946     2.5714722830     2.0562951904
F      -0.0000257235     2.5693766511    -2.0569273409
F       4.4015409303     1.1367847897     0.0010022774
F       2.6111086711    -1.8893003477    -2.0325322229
F       2.6046732558    -1.8834263146     2.0372427258
momentum
0.7846286984423094  -15.07550753646883  -7.189114529781958
-4.140879158577419  -6.35034046011119  31.272153241367487
5.4235758940107734  10.536786033977021  34.13950918189813
-10.842227966299552  13.129726749934067  6.0745740974552715
38.2977148817183  -29.405132164218486  12.059078389899653
2.6043385575379743  -20.68269490753724  -25.944773822234147
-9.484081394342478  1.1451296372628914  -26.700774135923712
21.744277812900215  -11.928668814447557  13.90764024343416
49.844192898547945  23.205502366168755  1.0840346451892702
-25.05984545697541  -1.549042376969143  4.250181351014493
-62.89075865719945  29.404145824905708  -46.517969413471036
