C       2.4680780671    -0.4420969519    -0.0004659616
C      -0.0001729096     1.1033546370    -0.0015047200
C      -2.4710227900    -0.4417431664     0.0001016348
F      -4.4071177658     1.1360534953     0.0017568645
F      -2.6065921738    -1.8870191459    -2.0334165869
F      -2.6012857033    -1.8852935120     2.0384893477
F       0.0012083946     2.5714722830     2.0562951904
F      -0.0000257235     2.5693766511    -2.0569273409
F       4.4015409303     1.1367847897     0.0010022774
F       2.6111086711    -1.8893003477    -2.0325322229
F       2.6046732558    -1.8834263146     2.0372427258
momentum
-41.1365635096968  -60.93874785827845  -34.60926230747498
17.997372705905345  -0.32836502187517874  31.865678183190646
0.7766291975482584  22.456922694484845  15.604793527466676
-13.821255561678754  -8.273381143451413  0.6497427761191802
23.93297148913533  -22.469716648519118  -19.927515339313704
-8.34428664531138  56.38311966358324  -26.979418001082568
-46.76634345240766  72.79883405458565  30.465470143755315
-23.99275379660472  -27.18952437245097  -6.9331860382918356
11.731345876961372  -22.98198553099394  8.947129597662887
7.525136962041262  37.87993763215792  -26.906759585765492
79.9452790126417  -42.4612643229795  27.36839000159528
