C       2.4680780671    -0.4420969519    -0.0004659616
C      -0.0001729096     1.1033546370    -0.0015047200
C      -2.4710227900    -0.4417431664     0.0001016348
F      -4.4071177658     1.1360534953     0.0017568645
F      -2.6065921738    -1.8870191459    -2.0334165869
F      -2.6012857033    -1.8852935120     2.0384893477
F       0.0012083946     2.5714722830     2.0562951904
F      -0.0000257235     2.5693766511    -2.0569273409
F       4.4015409303     1.1367847897     0.0010022774
F       2.6111086711    -1.8893003477    -2.0325322229
F       2.6046732558    -1.8834263146     2.0372427258
momentum
9.11596966574814  -1.851131200294002  15.98293808521252
15.09642505903043  23.765740598973604  -11.403359512006348
-27.211392082883965  -26.776640615292127  -6.795152581216226
-6.966839434396228  10.884288933092005  2.5030519598480896
44.22943957385184  6.137223281435959  -10.262592262767866
-46.5558507506212  -11.340187777214553  48.831390903900804
-7.517994810075386  -14.280172245346723  -10.270428063977375
-6.559585525480048  51.42566894255261  -1.0224340980347242
-2.3802400940882356  17.09659145893663  -42.725185135092964
23.41104659089541  -26.469973775388567  35.426283306350086
9.606263900565589  -34.879472061326574  -21.779305482558694
