C       2.4680780671    -0.4420969519    -0.0004659616
C      -0.0001729096     1.1033546370    -0.0015047200
C      -2.4710227900    -0.4417431664     0.0001016348
F      -4.4071177658     1.1360534953     0.0017568645
F      -2.6065921738    -1.8870191459    -2.0334165869
F      -2.6012857033    -1.8852935120     2.0384893477
F       0.0012083946     2.5714722830     2.0562951904
F      -0.0000257235     2.5693766511    -2.0569273409
F       4.4015409303     1.1367847897     0.0010022774
F       2.6111086711    -1.8893003477    -2.0325322229
F       2.6046732558    -1.8834263146     2.0372427258
momentum
-7.664896021718417  23.17926249624893  16.361816730517564
10.773695241634544  -7.941570357623442  35.59799693290771
17.082191702309473  -9.07799265398604  0.2654821129745888
4.863333804442912  3.1807954962973883  -20.837217845827
-5.599308544769327  -25.521650440186193  -21.85858770668617
22.668839869945607  14.04701426417321  44.03246047478618
-25.5469426869845  42.97935265824215  6.452935830986887
25.69084476475562  -12.14440436181882  4.222274164792697
-4.395379828119848  27.1674786499535  16.881055758235572
-37.757073520326685  -12.923257256496877  -34.33715772740086
-2.7596515230000462  -44.949486641109786  -34.49949458585248
