C       2.4680780671    -0.4420969519    -0.0004659616
C      -0.0001729096     1.1033546370    -0.0015047200
C      -2.4710227900    -0.4417431664     0.0001016348
F      -4.4071177658     1.1360534953     0.0017568645
F      -2.6065921738    -1.8870191459    -2.0334165869
F      -2.6012857033    -1.8852935120     2.0384893477
F       0.0012083946     2.5714722830     2.0562951904
F      -0.0000257235     2.5693766511    -2.0569273409
F       4.4015409303     1.1367847897     0.0010022774
F       2.6111086711    -1.8893003477    -2.0325322229
F       2.6046732558    -1.8834263146     2.0372427258
momentum
4.492606486733371  18.106133817630454  -8.459037590622072
-18.04227793499528  -2.4426821354489237  -25.769083091336
11.899740289112588  16.462752006582107  -32.44924573190144
7.468780282954567  -3.6767898920268025  10.497481970423987
12.245965275090368  26.615009654008027  8.718680408563307
-21.658307187685008  2.267911050434365  44.920611100507536
9.097419359385288  -54.366861916558285  32.175589626194125
0.49360162619142334  -3.972459680853852  -14.575934452109426
-37.16558328121028  -15.206623439870597  -32.58154985513977
66.68643549332192  -2.4689834154977546  17.76883037318755
-39.79241075444279  20.896607898210636  -6.439246987642908
