C       2.4680780671    -0.4420969519    -0.0004659616
C      -0.0001729096     1.1033546370    -0.0015047200
C      -2.4710227900    -0.4417431664     0.0001016348
F      -4.4071177658     1.1360534953     0.0017568645
F      -2.6065921738    -1.8870191459    -2.0334165869
F      -2.6012857033    -1.8852935120     2.0384893477
F       0.0012083946     2.5714722830     2.0562951904
F      -0.0000257235     2.5693766511    -2.0569273409
F       4.4015409303     1.1367847897     0.0010022774
F       2.6111086711    -1.8893003477    -2.0325322229
F       2.6046732558    -1.8834263146     2.0372427258
momentum
-23.170864870199953  17.85001107169125  2.083330580558048
2.0173955193511435  4.724026669721744  -15.609166671197444
5.735321625472856  -33.354870238358785  -2.1098735224138174
39.241004097682946  22.466747944759312  -9.420778749272902
-70.21597279293462  -26.990860919498527  4.686504173537991
74.83146343362972  -24.0657274864631  -10.95601733082887
-4.44533869090455  -50.03134587207804  -21.485882050875304
23.53440016495364  43.129515436096355  8.06510085106713
-19.193957741186935  3.6556533257416244  14.364526294159385
-28.448658838357225  -4.379757274319032  -4.170687380250391
-22.685784777784328  33.77716851350195  40.024621196764244
