C       2.4680780671    -0.4420969519    -0.0004659616
C      -0.0001729096     1.1033546370    -0.0015047200
C      -2.4710227900    -0.4417431664     0.0001016348
F      -4.4071177658     1.1360534953     0.0017568645
F      -2.6065921738    -1.8870191459    -2.0334165869
F      -2.6012857033    -1.8852935120     2.0384893477
F       0.0012083946     2.5714722830     2.0562951904
F      -0.0000257235     2.5693766511    -2.0569273409
F       4.4015409303     1.1367847897     0.0010022774
F       2.6111086711    -1.8893003477    -2.0325322229
F       2.6046732558    -1.8834263146     2.0372427258
momentum
-34.90478078315363  24.087410722964055  7.577627827815345
9.554873727247525  -44.73302983199208  7.980253929895813
-21.111319642457733  37.88591313708844  -13.139647505021166
-23.707979354283463  -8.455564317989671  7.797780624459428
-11.107061314169314  6.939677746903363  12.033215226581948
62.91611750019623  28.223403389689242  7.823479532016088
-46.42109164760213  -19.865561023304213  -3.404754838469701
35.775911987679514  6.42211433880697  -6.656300524367773
32.4326047425963  10.472562271989208  -10.619012693604267
34.482023358946314  -15.059429571353498  -30.31206466880517
-24.035682785898967  -21.159312557840604  16.307300284955616
