C       2.4680780671    -0.4420969519    -0.0004659616
C      -0.0001729096     1.1033546370    -0.0015047200
C      -2.4710227900    -0.4417431664     0.0001016348
F      -4.4071177658     1.1360534953     0.0017568645
F      -2.6065921738    -1.8870191459    -2.0334165869
F      -2.6012857033    -1.8852935120     2.0384893477
F       0.0012083946     2.5714722830     2.0562951904
F      -0.0000257235     2.5693766511    -2.0569273409
F       4.4015409303     1.1367847897     0.0010022774
F       2.6111086711    -1.8893003477    -2.0325322229
F       2.6046732558    -1.8834263146     2.0372427258
momentum
-24.952020250429378  -16.53190006170336  -48.08895238671128
-3.2414198823990708  9.198131825257061  13.003619196752428
17.677058446756618  8.627156423764955  9.636228186608294
18.850624687423  0.6174113059608751  -0.4965302320203057
-23.368469430045963  -15.362678671210523  -15.160213464103084
-20.67286071339942  -4.896146603948599  15.922149032712069
33.22450137919349  0.7913146719526613  3.4319046326712686
54.45260903059926  -48.39739461753384  20.133356374194463
-67.69632263006712  54.43057440491442  13.201646107197357
20.362981125350576  4.8760028941435065  -3.7754779102221137
-15.660391694962714  6.38103989893459  -7.533091098330097
