C       2.4680780671    -0.4420969519    -0.0004659616
C      -0.0001729096     1.1033546370    -0.0015047200
C      -2.4710227900    -0.4417431664     0.0001016348
F      -4.4071177658     1.1360534953     0.0017568645
F      -2.6065921738    -1.8870191459    -2.0334165869
F      -2.6012857033    -1.8852935120     2.0384893477
F       0.0012083946     2.5714722830     2.0562951904
F      -0.0000257235     2.5693766511    -2.0569273409
F       4.4015409303     1.1367847897     0.0010022774
F       2.6111086711    -1.8893003477    -2.0325322229
F       2.6046732558    -1.8834263146     2.0372427258
momentum
28.570843145873205  -15.63271759301762  -16.306208878364348
2.944389622202009  16.149760782742373  -19.263005272607213
28.25809196244684  -25.739286303275925  -9.179333802619139
-14.604257244501628  19.803993061660158  4.333378666005775
26.11317243070158  62.23499215685292  2.068926045567656
22.69237770424838  32.499661989937664  39.591283221357145
-62.05238122484607  -53.07718908356542  14.597566917996216
-23.808067082519067  -85.3989117340507  -50.23371705077458
50.98847028253885  30.697960261171797  54.523656127208135
-52.70233875972649  21.85703159599602  27.312396924544842
1.9673136326353364  -14.96288419364361  -49.71116191847279
