C       2.4680780671    -0.4420969519    -0.0004659616
C      -0.0001729096     1.1033546370    -0.0015047200
C      -2.4710227900    -0.4417431664     0.0001016348
F      -4.4071177658     1.1360534953     0.0017568645
F      -2.6065921738    -1.8870191459    -2.0334165869
F      -2.6012857033    -1.8852935120     2.0384893477
F       0.0012083946     2.5714722830     2.0562951904
F      -0.0000257235     2.5693766511    -2.0569273409
F       4.4015409303     1.1367847897     0.0010022774
F       2.6111086711    -1.8893003477    -2.0325322229
F       2.6046732558    -1.8834263146     2.0372427258
momentum
-1.0828328922314392  -5.071695672156968  -16.67853140328666
-53.02350757916804  -29.072616204774235  -29.65748835339553
33.102469766262736  -14.318985790625545  41.96961708013602
8.043123327136913  -26.32704246578754  -15.255827567873098
30.561220262724873  61.92773236840516  63.14711235835899
47.41441324632815  25.319287467245815  -37.2354170018257
35.38565180065038  1.6445289814817774  -27.17215960827274
1.3853807357514643  -6.98592495148849  -1.368768373562144
-32.3817274609998  -4.87724772976153  27.580622826131684
-17.622280144224128  34.15021751434446  4.149534286184158
-56.514653291808  -20.912774561949703  -0.4985214711211767
