C       2.4680780671    -0.4420969519    -0.0004659616
C      -0.0001729096     1.1033546370    -0.0015047200
C      -2.4710227900    -0.4417431664     0.0001016348
F      -4.4071177658     1.1360534953     0.0017568645
F      -2.6065921738    -1.8870191459    -2.0334165869
F      -2.6012857033    -1.8852935120     2.0384893477
F       0.0012083946     2.5714722830     2.0562951904
F      -0.0000257235     2.5693766511    -2.0569273409
F       4.4015409303     1.1367847897     0.0010022774
F       2.6111086711    -1.8893003477    -2.0325322229
F       2.6046732558    -1.8834263146     2.0372427258
momentum
-29.824510649574194  -6.073513129776916  -11.156765442434821
-7.9128547530744  -39.5485870451473  7.868637169220058
-18.062730863152215  25.123408936977295  -24.976097064409192
20.484770317024772  -17.13950398053558  -23.80943874964749
-5.345689097300766  -9.54420184928402  59.39073982493572
13.12058819985821  -21.690665784627875  1.9937677026779286
44.47620594139762  12.165779762706837  -0.27989308071030394
5.939256388153249  36.901615367483224  8.016287357904623
-9.725250985813805  -0.5575439593246824  34.03088532621597
-7.009643321716754  -2.116515815125146  -44.14216470428777
-18.034170576231958  32.49854872890547  6.98951285443696
