C       2.4680780671    -0.4420969519    -0.0004659616
C      -0.0001729096     1.1033546370    -0.0015047200
C      -2.4710227900    -0.4417431664     0.0001016348
F      -4.4071177658     1.1360534953     0.0017568645
F      -2.6065921738    -1.8870191459    -2.0334165869
F      -2.6012857033    -1.8852935120     2.0384893477
F       0.0012083946     2.5714722830     2.0562951904
F      -0.0000257235     2.5693766511    -2.0569273409
F       4.4015409303     1.1367847897     0.0010022774
F       2.6111086711    -1.8893003477    -2.0325322229
F       2.6046732558    -1.8834263146     2.0372427258
momentum
30.597046099482842  -1.379040092941762  21.059501883556468
-34.652643854221644  42.94469367418426  12.40303386360447
11.489677196937958  27.220851516202906  -21.02101403558489
-19.977340887164775  25.943115367545992  -3.0332774108681733
-3.717142255863476  -33.1156632309009  -45.17918316250407
-3.899918528147801  -36.49203164756811  17.06318755896619
-3.2596865966954964  -2.668777161323515  13.571978675893876
14.001743356395766  -29.291301883129893  11.38258269541436
-12.41919961983337  -19.80089369325752  -41.53257543194322
-19.359935182575114  15.472514365321533  -13.824379336827244
53.026528855286166  -4.005716313962726  50.82492174905575
