C       2.4680780671    -0.4420969519    -0.0004659616
C      -0.0001729096     1.1033546370    -0.0015047200
C      -2.4710227900    -0.4417431664     0.0001016348
F      -4.4071177658     1.1360534953     0.0017568645
F      -2.6065921738    -1.8870191459    -2.0334165869
F      -2.6012857033    -1.8852935120     2.0384893477
F       0.0012083946     2.5714722830     2.0562951904
F      -0.0000257235     2.5693766511    -2.0569273409
F       4.4015409303     1.1367847897     0.0010022774
F       2.6111086711    -1.8893003477    -2.0325322229
F       2.6046732558    -1.8834263146     2.0372427258
momentum
-30.951244530398693  -1.9180317883422868  -1.839119164716418
52.43212190667074  17.137175179585874  10.147607094698664
-31.290688451575342  -50.68050074662327  -17.75727494219967
3.55308888179067  1.9069604085313534  -9.65200928320651
0.5640840752875665  31.418305615000474  15.101995971511302
10.52945855737498  8.863503565588143  7.811786458069906
3.9390624306898814  -1.6091357144135652  6.317256354506655
-30.933859564642418  -9.082342230816753  -7.576465639037583
16.293809383752027  1.924840664971766  -42.94818527313594
30.360041631016852  36.82844504242623  -25.07119714248965
-26.528721172246584  -36.174996013377374  70.96263708960882
