C       2.4680780671    -0.4420969519    -0.0004659616
C      -0.0001729096     1.1033546370    -0.0015047200
C      -2.4710227900    -0.4417431664     0.0001016348
F      -4.4071177658     1.1360534953     0.0017568645
F      -2.6065921738    -1.8870191459    -2.0334165869
F      -2.6012857033    -1.8852935120     2.0384893477
F       0.0012083946     2.5714722830     2.0562951904
F      -0.0000257235     2.5693766511    -2.0569273409
F       4.4015409303     1.1367847897     0.0010022774
F       2.6111086711    -1.8893003477    -2.0325322229
F       2.6046732558    -1.8834263146     2.0372427258
momentum
-13.86364401304458  -27.288294290784627  39.65809085218792
-23.44849888276004  -5.452956469103919  59.31343481894947
-13.046860121195719  18.238781726525406  33.437418414543096
-43.05107768419422  14.021486358720583  -29.03504926950142
13.094830586563909  -54.35769440666456  -0.3974677298513806
34.283193012918964  -17.92053391531695  -2.0748023040607686
40.120115626269474  30.5792940517013  7.8791401353888
31.99528497920458  49.97967495986847  -24.334398330650224
-19.305021032569222  6.281743352010627  -26.24476177721744
23.536038732307762  -0.7106893249887051  16.739129465699687
-5.0917817135158545  -21.613282008455705  -58.03684992331509
