C       2.4680780671    -0.4420969519    -0.0004659616
C      -0.0001729096     1.1033546370    -0.0015047200
C      -2.4710227900    -0.4417431664     0.0001016348
F      -4.4071177658     1.1360534953     0.0017568645
F      -2.6065921738    -1.8870191459    -2.0334165869
F      -2.6012857033    -1.8852935120     2.0384893477
F       0.0012083946     2.5714722830     2.0562951904
F      -0.0000257235     2.5693766511    -2.0569273409
F       4.4015409303     1.1367847897     0.0010022774
F       2.6111086711    -1.8893003477    -2.0325322229
F       2.6046732558    -1.8834263146     2.0372427258
momentum
8.069925781965116  -30.77636862570656  -5.390317553161123
12.915384098802754  -13.36516727993614  -33.06379156692564
-38.29596229522438  5.204667733541565  18.412489141372436
18.686089933296454  46.86707412266657  27.913351901140057
52.059604843726916  -2.9618842058573773  -44.79507245098091
23.216580310081486  15.405095266823706  -47.18876382343594
-32.76474252553113  -32.40655243216512  21.121078296875137
-32.399754186928334  -48.63644233312133  12.871334647741506
-46.36870965894923  8.677705016239285  -31.5107480953452
-7.168571480426404  2.89226157148614  38.959271974723514
30.709126288925756  21.88901630310411  26.43064259684431
