C       2.4680780671    -0.4420969519    -0.0004659616
C      -0.0001729096     1.1033546370    -0.0015047200
C      -2.4710227900    -0.4417431664     0.0001016348
F      -4.4071177658     1.1360534953     0.0017568645
F      -2.6065921738    -1.8870191459    -2.0334165869
F      -2.6012857033    -1.8852935120     2.0384893477
F       0.0012083946     2.5714722830     2.0562951904
F      -0.0000257235     2.5693766511    -2.0569273409
F       4.4015409303     1.1367847897     0.0010022774
F       2.6111086711    -1.8893003477    -2.0325322229
F       2.6046732558    -1.8834263146     2.0372427258
momentum
-3.2321691080850075  37.426647077010756  -22.472056712894425
63.98355497603654  -15.805821483048033  10.377863178397494
-4.620878355955255  -52.09179841001217  -33.133143977082085
-13.25447438862707  14.835633320968556  -8.655596103707138
-6.448567353188441  10.902527559215365  6.673556380455042
-19.905369914983805  -30.18427164157083  43.0476247574038
6.461405869701614  -12.763595258726095  -10.69577131911055
12.491889023249822  -23.570227350702147  8.25889275930787
27.51685800884041  -25.442663618905755  -25.438190477612046
-22.80753618641558  72.57697740214353  26.67568116818621
-32.496051346385315  15.178218234413823  10.253006410933619
