C       2.4680780671    -0.4420969519    -0.0004659616
C      -0.0001729096     1.1033546370    -0.0015047200
C      -2.4710227900    -0.4417431664     0.0001016348
F      -4.4071177658     1.1360534953     0.0017568645
F      -2.6065921738    -1.8870191459    -2.0334165869
F      -2.6012857033    -1.8852935120     2.0384893477
F       0.0012083946     2.5714722830     2.0562951904
F      -0.0000257235     2.5693766511    -2.0569273409
F       4.4015409303     1.1367847897     0.0010022774
F       2.6111086711    -1.8893003477    -2.0325322229
F       2.6046732558    -1.8834263146     2.0372427258
momentum
38.907190769609464  -15.071826967027048  -13.298718859899553
-3.8431924641907105  -14.908197619980143  -5.345331820218798
-6.344709170922264  17.93795847603702  -24.134612288888988
-25.949285437782077  -31.036188468586406  -35.59195538166749
-25.28918164840765  13.37641030424399  34.090075050627775
1.469331166029233  1.9616601672993814  39.762715108923324
20.585898094688275  33.43495260540202  21.04471747192949
9.925841998413757  30.651284290585913  -0.322497930087293
-14.251902199372992  -23.9104726003568  43.46204744191726
-14.012577005058507  2.603180308900472  -32.967732432163274
33.93520850211279  3.067077587657253  -5.883447790842067
