C       2.4680780671    -0.4420969519    -0.0004659616
C      -0.0001729096     1.1033546370    -0.0015047200
C      -2.4710227900    -0.4417431664     0.0001016348
F      -4.4071177658     1.1360534953     0.0017568645
F      -2.6065921738    -1.8870191459    -2.0334165869
F      -2.6012857033    -1.8852935120     2.0384893477
F       0.0012083946     2.5714722830     2.0562951904
F      -0.0000257235     2.5693766511    -2.0569273409
F       4.4015409303     1.1367847897     0.0010022774
F       2.6111086711    -1.8893003477    -2.0325322229
F       2.6046732558    -1.8834263146     2.0372427258
momentum
-37.966423172273785  24.332601438876626  -8.538383917879925
32.881465136870354  -34.538951866039646  20.933882287937116
-4.939078590340692  -18.74263337959505  -26.137251499111994
22.773572480996112  -18.505064520001923  -31.235265931630945
-20.06380742056872  29.689507315716998  26.943140695052282
-6.401979034306542  16.376120186778017  46.376253509294855
35.38854693989391  44.19514995692982  -34.844682633835106
-53.56148557087526  -14.149480698023131  4.397874943417765
3.6161584158767104  3.483909669794843  53.54774053717652
5.084076419708705  39.359421586365826  -44.87116720538908
9.98883493880909  -60.88235040650341  11.867598620873967
