C       2.4680780671    -0.4420969519    -0.0004659616
C      -0.0001729096     1.1033546370    -0.0015047200
C      -2.4710227900    -0.4417431664     0.0001016348
F      -4.4071177658     1.1360534953     0.0017568645
F      -2.6065921738    -1.8870191459    -2.0334165869
F      -2.6012857033    -1.8852935120     2.0384893477
F       0.0012083946     2.5714722830     2.0562951904
F      -0.0000257235     2.5693766511    -2.0569273409
F       4.4015409303     1.1367847897     0.0010022774
F       2.6111086711    -1.8893003477    -2.0325322229
F       2.6046732558    -1.8834263146     2.0372427258
momentum
27.665320357529065  -57.81053329893268  -19.035661753431626
40.4480229110542  18.08897957981105  50.119454035634156
-20.293873941744952  5.998008152045811  0.2553355176689146
-41.33963126286244  -9.291324938175197  -1.7784726035095324
-26.30693845602252  29.776784934742533  6.326251117050569
9.074351843363592  -12.579931827897072  -2.0645463603945653
8.220460332600386  -25.862225375711883  -12.118962632661985
-25.24927350334195  44.00931815512663  -61.2626883136217
-8.227872770605218  -35.530502204190434  48.91336398374822
28.25664884837958  -16.162012980979338  33.52406434765996
31.553280887573617  64.90541088850917  -41.82770777039176
