C       2.4680780671    -0.4420969519    -0.0004659616
C      -0.0001729096     1.1033546370    -0.0015047200
C      -2.4710227900    -0.4417431664     0.0001016348
F      -4.4071177658     1.1360534953     0.0017568645
F      -2.6065921738    -1.8870191459    -2.0334165869
F      -2.6012857033    -1.8852935120     2.0384893477
F       0.0012083946     2.5714722830     2.0562951904
F      -0.0000257235     2.5693766511    -2.0569273409
F       4.4015409303     1.1367847897     0.0010022774
F       2.6111086711    -1.8893003477    -2.0325322229
F       2.6046732558    -1.8834263146     2.0372427258
momentum
-27.032774919929995  4.6942000333945435  -1.3815699674538322
13.100761775669964  9.153605095465954  -15.838201008973146
-11.327083232872653  28.340912417610472  -5.242064012900034
-16.255352406078423  -12.766793622377534  24.80141815693439
-14.550172020111681  8.904447551470865  -13.483616402022825
-29.87432232416465  -17.7187801579193  4.437250307508646
-37.91951405224063  -4.270888121809056  -61.784936574133404
23.989143301998965  28.537335487625093  35.21417387911981
22.817882260467925  -24.179908692617182  -6.826007710607534
29.852098692635728  -17.708327992902287  -20.903492213745455
56.79323071541296  4.53576419013151  46.36880267865379
