C       2.4680780671    -0.4420969519    -0.0004659616
C      -0.0001729096     1.1033546370    -0.0015047200
C      -2.4710227900    -0.4417431664     0.0001016348
F      -4.4071177658     1.1360534953     0.0017568645
F      -2.6065921738    -1.8870191459    -2.0334165869
F      -2.6012857033    -1.8852935120     2.0384893477
F       0.0012083946     2.5714722830     2.0562951904
F      -0.0000257235     2.5693766511    -2.0569273409
F       4.4015409303     1.1367847897     0.0010022774
F       2.6111086711    -1.8893003477    -2.0325322229
F       2.6046732558    -1.8834263146     2.0372427258
momentum
3.550595959895958  41.024792383884936  -28.235800317128806
-6.1240562680012545  4.039997811256363  43.68505541890578
0.9466197157991965  12.072438690445502  19.396830817032203
44.51548709918251  -14.170914500731001  9.657300311229434
-42.56732145590819  3.6068517514519236  -19.9262142299903
-26.430332777509705  -7.373151012679663  -11.447175433247969
17.86172228582488  -17.051550042395416  -56.14833253761612
-36.087066916901954  -6.678143153940876  -5.6882990879447
27.47016171364833  22.770114833868156  -8.065930160119816
32.45745467190928  7.674664458947122  -0.5846798533432986
-41.44551527545096  -37.60624878651064  51.829814902235015
