C       2.4680780671    -0.4420969519    -0.0004659616
C      -0.0001729096     1.1033546370    -0.0015047200
C      -2.4710227900    -0.4417431664     0.0001016348
F      -4.4071177658     1.1360534953     0.0017568645
F      -2.6065921738    -1.8870191459    -2.0334165869
F      -2.6012857033    -1.8852935120     2.0384893477
F       0.0012083946     2.5714722830     2.0562951904
F      -0.0000257235     2.5693766511    -2.0569273409
F       4.4015409303     1.1367847897     0.0010022774
F       2.6111086711    -1.8893003477    -2.0325322229
F       2.6046732558    -1.8834263146     2.0372427258
momentum
-18.225791504661917  -0.8443848660058919  -15.410924181018851
-15.90964346966599  39.414954554976354  25.367888115861636
25.802405903447674  -37.32843268149423  -5.023239936289746
-34.233774290141845  1.5194361044498839  -37.92838234273301
-29.78854592933478  2.4281224676034348  27.5325847581895
8.966117407693668  35.061393496695345  -2.2667081190923852
16.228479652363273  7.879635183369828  30.32301512231054
2.8405047489656914  -29.535763058566502  31.94933422338501
29.316265950709056  23.065099791977264  -37.25579518745954
38.5667217918853  6.6178006416781505  -3.6056996578972864
-3.3806487419983284  -49.28768325813206  8.4034659178852
