C       2.4680780671    -0.4420969519    -0.0004659616
C      -0.0001729096     1.1033546370    -0.0015047200
C      -2.4710227900    -0.4417431664     0.0001016348
F      -4.4071177658     1.1360534953     0.0017568645
F      -2.6065921738    -1.8870191459    -2.0334165869
F      -2.6012857033    -1.8852935120     2.0384893477
F       0.0012083946     2.5714722830     2.0562951904
F      -0.0000257235     2.5693766511    -2.0569273409
F       4.4015409303     1.1367847897     0.0010022774
F       2.6111086711    -1.8893003477    -2.0325322229
F       2.6046732558    -1.8834263146     2.0372427258
momentum
-25.776933933908996  -11.93999806625796  -27.445509179509834
38.39563566083826  21.869897103989775  -27.561174080002434
14.519353302394238  3.8343321739488947  -3.0280160578881
-5.737118040995968  -4.92582956313892  -6.671649241080522
10.90815145015357  -28.87906932601428  6.603391186732571
-3.609319709361346  60.30009080996489  -7.430028658965832
-0.2535218008884541  -10.360561380370852  30.735271683919304
-48.95238116521506  -2.7021025743839786  31.908284984947
-12.444705598199521  -20.039127376042696  -3.2467652799647517
35.36788385688676  11.276074904582336  -6.904669762581936
0.7391679919830999  -15.633109696893275  16.94934626787611
