C       2.4680780671    -0.4420969519    -0.0004659616
C      -0.0001729096     1.1033546370    -0.0015047200
C      -2.4710227900    -0.4417431664     0.0001016348
F      -4.4071177658     1.1360534953     0.0017568645
F      -2.6065921738    -1.8870191459    -2.0334165869
F      -2.6012857033    -1.8852935120     2.0384893477
F       0.0012083946     2.5714722830     2.0562951904
F      -0.0000257235     2.5693766511    -2.0569273409
F       4.4015409303     1.1367847897     0.0010022774
F       2.6111086711    -1.8893003477    -2.0325322229
F       2.6046732558    -1.8834263146     2.0372427258
momentum
15.055986706947023  0.14869281015439298  21.773738710192866
31.910116158910075  -4.419934254844295  19.090304959026344
12.24426578808684  -9.404040350742502  -15.09370533589321
-11.90428564040722  26.133452442594596  -13.459711920039561
-19.512892067114752  -45.39115542028032  -20.238348561271987
15.926665665355719  -24.255755339631456  57.33221927483719
4.202566856321983  -16.272054981737075  24.171424533200945
1.3878974514553657  41.12999078639208  -43.53629307632635
-11.651210169162393  0.41378234758084886  41.14767270697857
-22.06008769452786  -20.068235570261646  -43.505269291073326
-8.65069524929417  36.516821762569734  -19.743617503788723
