C       2.4680780671    -0.4420969519    -0.0004659616
C      -0.0001729096     1.1033546370    -0.0015047200
C      -2.4710227900    -0.4417431664     0.0001016348
F      -4.4071177658     1.1360534953     0.0017568645
F      -2.6065921738    -1.8870191459    -2.0334165869
F      -2.6012857033    -1.8852935120     2.0384893477
F       0.0012083946     2.5714722830     2.0562951904
F      -0.0000257235     2.5693766511    -2.0569273409
F       4.4015409303     1.1367847897     0.0010022774
F       2.6111086711    -1.8893003477    -2.0325322229
F       2.6046732558    -1.8834263146     2.0372427258
momentum
25.288727436118045  -41.23541279700726  -0.3305422657268806
-25.099434116056642  -59.88068682458128  8.663548249527823
-4.218554700012381  10.275438533761731  26.3651933123857
-13.343949222375526  35.98678958836297  -14.829573616860577
-11.75852638595495  12.33658944448544  5.175378598004934
37.93754254771835  -40.249832473937  30.535047448677222
-38.989593814849464  -3.1201262094302735  -26.205283474805178
24.123051972869092  8.691876374316177  11.177322098966304
9.793185788276114  7.8768305160466765  -16.355020459245196
36.23793800671221  22.252334384938347  -12.901331859799845
-32.201834074601976  26.21086845244023  -2.729359699357782
