C       2.4680780671    -0.4420969519    -0.0004659616
C      -0.0001729096     1.1033546370    -0.0015047200
C      -2.4710227900    -0.4417431664     0.0001016348
F      -4.4071177658     1.1360534953     0.0017568645
F      -2.6065921738    -1.8870191459    -2.0334165869
F      -2.6012857033    -1.8852935120     2.0384893477
F       0.0012083946     2.5714722830     2.0562951904
F      -0.0000257235     2.5693766511    -2.0569273409
F       4.4015409303     1.1367847897     0.0010022774
F       2.6111086711    -1.8893003477    -2.0325322229
F       2.6046732558    -1.8834263146     2.0372427258
momentum
3.5701366152186362  -31.118949957097012  8.996400667047524
25.037861630234712  59.81050467481903  -36.311297351898794
-0.732494846038679  10.640484539402827  6.775798866608658
1.0782673001111167  -26.15120505913242  -1.4260891470313743
-1.292986239418107  11.516035788224931  -39.799898002534796
25.399714890734348  2.7773080508677284  27.77909335904968
-32.90096478491209  -22.1170607952907  37.124156012608935
25.24142197219247  -5.488295524155539  -2.9619985724507463
-23.594074231388596  -56.89477634836691  2.3619351684361627
-40.39853295333905  7.087629602682108  18.95948336019521
17.785178562036755  65.21120070773225  -20.717060795167328
