C       2.4680780671    -0.4420969519    -0.0004659616
C      -0.0001729096     1.1033546370    -0.0015047200
C      -2.4710227900    -0.4417431664     0.0001016348
F      -4.4071177658     1.1360534953     0.0017568645
F      -2.6065921738    -1.8870191459    -2.0334165869
F      -2.6012857033    -1.8852935120     2.0384893477
F       0.0012083946     2.5714722830     2.0562951904
F      -0.0000257235     2.5693766511    -2.0569273409
F       4.4015409303     1.1367847897     0.0010022774
F       2.6111086711    -1.8893003477    -2.0325322229
F       2.6046732558    -1.8834263146     2.0372427258
momentum
6.6272944413444  21.00845014842098  38.3620733943111
22.137848798906052  -46.401985933934995  -23.96909069839671
-28.094799254653214  15.269117166565925  2.382054421874645
-4.34653269722569  2.4493645104718245  24.692721626057573
14.398768576142029  40.68535403539402  -55.503288548138656
-14.942757958448825  -50.557151131261584  -0.45394482736761194
44.4662907730777  25.608969097718017  -21.28947359448556
-7.2329220371095095  -18.33904743620312  -8.082367900965055
-9.806562472848068  58.70167956475357  -28.77546100926723
-20.492796414635098  -20.790767624140365  58.39954172763576
-0.3868204329582128  -29.242317919611367  -0.08790304085150101
