C       2.4680780671    -0.4420969519    -0.0004659616
C      -0.0001729096     1.1033546370    -0.0015047200
C      -2.4710227900    -0.4417431664     0.0001016348
F      -4.4071177658     1.1360534953     0.0017568645
F      -2.6065921738    -1.8870191459    -2.0334165869
F      -2.6012857033    -1.8852935120     2.0384893477
F       0.0012083946     2.5714722830     2.0562951904
F      -0.0000257235     2.5693766511    -2.0569273409
F       4.4015409303     1.1367847897     0.0010022774
F       2.6111086711    -1.8893003477    -2.0325322229
F       2.6046732558    -1.8834263146     2.0372427258
momentum
-16.98433353633651  -26.824206861455117  -11.566133757606444
0.5875698284660991  31.52663502357894  -19.58589705541118
56.911694630929404  0.8911797375806794  -2.4208393908949395
4.991530335617249  21.006791429052388  -6.150679667468134
-35.164588214190246  0.6023984199670361  11.94598511451055
18.999165891855327  -13.91312874764003  -8.634963042567165
-24.598181596379664  -38.95183618561495  3.0253821011146673
-31.109492323219143  34.08944124733928  17.479377646294484
-15.61371948673504  11.927338520708677  -18.789916331243543
42.924540089468266  -42.35581276682349  28.931313720067557
-3.836624426821125  9.80259859076035  9.34081507308419
