C       2.4680780671    -0.4420969519    -0.0004659616
C      -0.0001729096     1.1033546370    -0.0015047200
C      -2.4710227900    -0.4417431664     0.0001016348
F      -4.4071177658     1.1360534953     0.0017568645
F      -2.6065921738    -1.8870191459    -2.0334165869
F      -2.6012857033    -1.8852935120     2.0384893477
F       0.0012083946     2.5714722830     2.0562951904
F      -0.0000257235     2.5693766511    -2.0569273409
F       4.4015409303     1.1367847897     0.0010022774
F       2.6111086711    -1.8893003477    -2.0325322229
F       2.6046732558    -1.8834263146     2.0372427258
momentum
-27.361734587873556  -38.39847609233428  -22.56646647584816
-19.211581992757992  -2.0114792096579386  -42.685678199279
-18.92094145045885  14.691191050993728  -3.1345326493267986
21.384515771922462  25.16542979841933  -4.022351249666042
22.941996726234144  33.165627020972295  52.32550770232476
13.244708417990882  -71.68760910350457  -8.159790162277863
-33.00184183387504  -5.393607008896196  -25.3445111513045
0.7010213748024638  10.162760686502686  9.303944466152451
17.528175362148787  23.658103625596677  10.762043325892366
-18.422015773800773  -7.447095743602655  65.82941765629265
28.540916081600795  3.5791167258427388  -29.977317457612493
