C       2.4680780671    -0.4420969519    -0.0004659616
C      -0.0001729096     1.1033546370    -0.0015047200
C      -2.4710227900    -0.4417431664     0.0001016348
F      -4.4071177658     1.1360534953     0.0017568645
F      -2.6065921738    -1.8870191459    -2.0334165869
F      -2.6012857033    -1.8852935120     2.0384893477
F       0.0012083946     2.5714722830     2.0562951904
F      -0.0000257235     2.5693766511    -2.0569273409
F       4.4015409303     1.1367847897     0.0010022774
F       2.6111086711    -1.8893003477    -2.0325322229
F       2.6046732558    -1.8834263146     2.0372427258
momentum
4.071143414378125  -43.26232821121697  19.549698005947157
-13.284845072316186  0.8055534436819852  -8.008268321070679
-52.864369864595595  -28.036368780988045  -7.357198425656195
41.776230480932774  12.843406660162024  17.377060066297446
3.483625241874486  -12.541235253467375  -33.10898332505882
-10.575689379729852  -12.318915279666909  12.921965506104545
17.3480985113483  21.856426685326745  26.89862149086654
4.17353676835655  27.01845832060484  -22.873598206765514
-36.580373412014495  37.87902995208349  3.6087272056076536
17.4101745661954  -34.22274298742736  23.10171973945461
0.6880351444263081  22.70217318937063  -42.32313894108901
