C       2.4680780671    -0.4420969519    -0.0004659616
C      -0.0001729096     1.1033546370    -0.0015047200
C      -2.4710227900    -0.4417431664     0.0001016348
F      -4.4071177658     1.1360534953     0.0017568645
F      -2.6065921738    -1.8870191459    -2.0334165869
F      -2.6012857033    -1.8852935120     2.0384893477
F       0.0012083946     2.5714722830     2.0562951904
F      -0.0000257235     2.5693766511    -2.0569273409
F       4.4015409303     1.1367847897     0.0010022774
F       2.6111086711    -1.8893003477    -2.0325322229
F       2.6046732558    -1.8834263146     2.0372427258
momentum
48.04808506871454  28.924908816666218  43.24927144095109
-4.837462033995675  2.1638062668418283  60.45992098229703
26.742432084031172  20.315048489547774  18.113546886948942
-12.146292727143019  6.162720765289979  10.859771678570771
19.718611146583083  -4.465631054380851  -49.46205298209308
44.60213416563108  4.03144948372272  -6.890888595168669
-50.57045148264537  29.18061570085461  -20.359743563164614
-22.333564452690243  27.757972256342367  -29.87806639552963
-21.851026975057177  -15.691394495998539  -10.167460129284542
-19.353361156018828  -62.42593760138195  -25.996274784433762
-0.8193413870349683  -39.593376614738  3.8439864441477485
