C       2.4680780671    -0.4420969519    -0.0004659616
C      -0.0001729096     1.1033546370    -0.0015047200
C      -2.4710227900    -0.4417431664     0.0001016348
F      -4.4071177658     1.1360534953     0.0017568645
F      -2.6065921738    -1.8870191459    -2.0334165869
F      -2.6012857033    -1.8852935120     2.0384893477
F       0.0012083946     2.5714722830     2.0562951904
F      -0.0000257235     2.5693766511    -2.0569273409
F       4.4015409303     1.1367847897     0.0010022774
F       2.6111086711    -1.8893003477    -2.0325322229
F       2.6046732558    -1.8834263146     2.0372427258
momentum
13.673667953984339  -17.574487148519427  -14.57042158996078
9.44554622018903  23.031998180952872  -5.495853084439429
-30.891115155267535  13.63848107754049  -9.778985359189093
10.978113612494797  11.282844315760075  -0.4705309441665586
-8.226179399689942  20.702980783526215  -12.399490441569927
-27.828274603969675  -64.22711392018083  3.321237635241238
34.41047388635511  35.39095124032631  30.73580977550828
-57.275208164653236  -63.95643021545886  -10.081345217260852
52.00924483565427  35.20812798583771  -20.55209712800732
28.494193547644166  13.567875764308962  32.02116205863418
-31.458456977990807  -13.815540314473791  7.5356478670261575
