C       2.4680780671    -0.4420969519    -0.0004659616
C      -0.0001729096     1.1033546370    -0.0015047200
C      -2.4710227900    -0.4417431664     0.0001016348
F      -4.4071177658     1.1360534953     0.0017568645
F      -2.6065921738    -1.8870191459    -2.0334165869
F      -2.6012857033    -1.8852935120     2.0384893477
F       0.0012083946     2.5714722830     2.0562951904
F      -0.0000257235     2.5693766511    -2.0569273409
F       4.4015409303     1.1367847897     0.0010022774
F       2.6111086711    -1.8893003477    -2.0325322229
F       2.6046732558    -1.8834263146     2.0372427258
momentum
47.10692761913865  -8.652411029511024  9.021904049754694
0.5616900182518678  4.970501629137634  18.208656931212243
-2.506827675722917  47.496988862705734  46.56290331670366
-6.481554483522414  14.831342224094776  -1.2828788330171677
42.899220035829906  -6.6814397079771775  -1.3660590917754865
-12.067054449082052  -48.12465748567983  19.916330339227503
-24.83342688451644  -33.769174598366185  -16.903441304093853
0.17515350433180502  16.004999414683038  -1.1574471788398322
6.821172572162457  17.486459914841824  -20.595998889159524
23.863887727109027  -48.468026367080014  -35.875544647221695
-71.79096076672883  36.34867373931313  -15.689064636846853
