C       2.4680780671    -0.4420969519    -0.0004659616
C      -0.0001729096     1.1033546370    -0.0015047200
C      -2.4710227900    -0.4417431664     0.0001016348
F      -4.4071177658     1.1360534953     0.0017568645
F      -2.6065921738    -1.8870191459    -2.0334165869
F      -2.6012857033    -1.8852935120     2.0384893477
F       0.0012083946     2.5714722830     2.0562951904
F      -0.0000257235     2.5693766511    -2.0569273409
F       4.4015409303     1.1367847897     0.0010022774
F       2.6111086711    -1.8893003477    -2.0325322229
F       2.6046732558    -1.8834263146     2.0372427258
momentum
37.33662776458218  -4.627505828271813  -40.461336421003274
9.540790682389611  -5.089603139755701  10.69320598438829
-0.6650620313361975  15.596243478015223  -32.873485546325966
16.8746054440874  -5.044912912919071  16.351668051929096
22.82251717714729  -24.550707840441504  39.05137051317835
-46.015150835653955  39.050363654096955  -25.987197228374363
-13.32314097067062  -19.93024788261346  10.22657223070361
-17.452132843286105  -38.529432373074776  17.040695782380727
36.8135603942729  38.00915944545105  -4.657059423424928
-14.83883268456372  17.93366686818684  -2.058662564539166
-40.90959351308785  -9.68863948078791  3.1762839899901345
