C       2.4680780671    -0.4420969519    -0.0004659616
C      -0.0001729096     1.1033546370    -0.0015047200
C      -2.4710227900    -0.4417431664     0.0001016348
F      -4.4071177658     1.1360534953     0.0017568645
F      -2.6065921738    -1.8870191459    -2.0334165869
F      -2.6012857033    -1.8852935120     2.0384893477
F       0.0012083946     2.5714722830     2.0562951904
F      -0.0000257235     2.5693766511    -2.0569273409
F       4.4015409303     1.1367847897     0.0010022774
F       2.6111086711    -1.8893003477    -2.0325322229
F       2.6046732558    -1.8834263146     2.0372427258
momentum
-7.362405680742714  -24.05347980096601  -5.558929719191504
20.020854306105132  -37.919372507455755  10.00046715733628
-22.302009598014738  -22.666070825194492  -3.193256020886723
-44.633976543787604  3.9259664992724237  15.05006385243311
64.19710322443342  -31.789065810049003  -6.103780860416746
-40.27914832319589  55.74008559565499  7.858725519767431
5.195811795054641  -39.58806508461615  14.226855166411767
34.89988760389845  56.51402997457883  -14.675011453867025
-0.6147623417777691  -14.031080234430233  -32.63855403224045
1.0658893603141546  23.649138126467694  -12.551604171565241
15.893484093026364  28.032511663719458  18.622948993450994
