C       2.4680780671    -0.4420969519    -0.0004659616
C      -0.0001729096     1.1033546370    -0.0015047200
C      -2.4710227900    -0.4417431664     0.0001016348
F      -4.4071177658     1.1360534953     0.0017568645
F      -2.6065921738    -1.8870191459    -2.0334165869
F      -2.6012857033    -1.8852935120     2.0384893477
F       0.0012083946     2.5714722830     2.0562951904
F      -0.0000257235     2.5693766511    -2.0569273409
F       4.4015409303     1.1367847897     0.0010022774
F       2.6111086711    -1.8893003477    -2.0325322229
F       2.6046732558    -1.8834263146     2.0372427258
momentum
-52.469687616406695  -5.792270370155643  -20.20027336714159
24.372256535086045  23.441419057067495  -12.242945993231753
-7.119801282915957  24.221423267526877  51.06986542510077
-14.112008489221944  -1.483780191887952  7.068507722917954
19.044603956466965  -31.84765161862184  -18.01113730006723
13.061904942494884  -37.39470000773014  -27.914327087289777
-0.2928870448999176  56.47367087513956  28.522888382288787
-15.592965507095652  40.43394629291931  -31.570219935070984
37.05467181543687  11.305975426773191  34.53210874737738
5.254433862671031  -66.6895886625091  -25.214276457258023
-1.342651045593663  -12.14115769560261  9.762716512020251
