C       2.4680780671    -0.4420969519    -0.0004659616
C      -0.0001729096     1.1033546370    -0.0015047200
C      -2.4710227900    -0.4417431664     0.0001016348
F      -4.4071177658     1.1360534953     0.0017568645
F      -2.6065921738    -1.8870191459    -2.0334165869
F      -2.6012857033    -1.8852935120     2.0384893477
F       0.0012083946     2.5714722830     2.0562951904
F      -0.0000257235     2.5693766511    -2.0569273409
F       4.4015409303     1.1367847897     0.0010022774
F       2.6111086711    -1.8893003477    -2.0325322229
F       2.6046732558    -1.8834263146     2.0372427258
momentum
12.887816375826908  -6.716249394155736  -31.77369162766262
23.266224561850496  50.23209395919631  17.020533832080982
-18.669397187393407  31.661537002284653  -19.83653641527528
-23.245658969693366  -14.123370095266761  23.19669805905587
-11.513022204593696  55.22038093753462  -42.328457426508336
-17.819031413706725  -43.434824998599545  63.24702321265741
-46.45368768263951  -21.25565180332487  -57.98753259970231
26.066364081032027  -34.63364002014463  -16.331449030406226
35.146536973372726  8.50220036857005  7.0415032466126055
1.6849390009160097  3.4606864120015843  25.741420377114107
32.233288434330014  -20.659636091803783  18.407339782561948
