C       2.4680780671    -0.4420969519    -0.0004659616
C      -0.0001729096     1.1033546370    -0.0015047200
C      -2.4710227900    -0.4417431664     0.0001016348
F      -4.4071177658     1.1360534953     0.0017568645
F      -2.6065921738    -1.8870191459    -2.0334165869
F      -2.6012857033    -1.8852935120     2.0384893477
F       0.0012083946     2.5714722830     2.0562951904
F      -0.0000257235     2.5693766511    -2.0569273409
F       4.4015409303     1.1367847897     0.0010022774
F       2.6111086711    -1.8893003477    -2.0325322229
F       2.6046732558    -1.8834263146     2.0372427258
momentum
-59.566103971082875  -38.25237619057959  0.09571347511322464
17.92176578313951  0.5666316028331612  -14.724536821281927
7.242066875426095  -11.629228511305904  -5.104402028152706
42.233864542884675  11.616884019513286  22.499464420478
33.40760535267169  53.15295844202967  -48.24183449008309
27.63844771786278  -13.748854429886055  31.804209437358022
-38.785057093820164  -18.648735531548976  30.170953132325902
-24.429867929139505  -16.526789689153997  -13.152208710698332
7.136292239378902  55.71019025565789  -31.332991604899323
20.417965564395665  -58.15547273688008  -25.84096877473536
-57.904008109678294  29.11225421694672  40.649327044750855
