C       2.4680780671    -0.4420969519    -0.0004659616
C      -0.0001729096     1.1033546370    -0.0015047200
C      -2.4710227900    -0.4417431664     0.0001016348
F      -4.4071177658     1.1360534953     0.0017568645
F      -2.6065921738    -1.8870191459    -2.0334165869
F      -2.6012857033    -1.8852935120     2.0384893477
F       0.0012083946     2.5714722830     2.0562951904
F      -0.0000257235     2.5693766511    -2.0569273409
F       4.4015409303     1.1367847897     0.0010022774
F       2.6111086711    -1.8893003477    -2.0325322229
F       2.6046732558    -1.8834263146     2.0372427258
momentum
9.407233572121322  51.27925064956352  51.41185190712287
17.357693925593374  -19.848534909435795  -8.32883723886719
15.703067735000472  0.8490470014547331  -18.243840588144565
-13.837009987573307  -10.669226187414155  8.160658313751107
4.520818122962642  62.24791708710785  28.409392775413
-19.98944451337086  -25.601209413696385  -0.5691138263446087
25.090063331036973  -5.610135406050904  3.8137556763957856
-12.406309464806139  -38.29825254900943  -22.437152317891123
-22.32661692665942  -39.27346229483205  16.971566133473644
21.15932449806612  -19.32302364869741  -43.9667474755161
-16.651698469086654  50.28497493442445  -19.8984960540904
