C       2.4680780671    -0.4420969519    -0.0004659616
C      -0.0001729096     1.1033546370    -0.0015047200
C      -2.4710227900    -0.4417431664     0.0001016348
F      -4.4071177658     1.1360534953     0.0017568645
F      -2.6065921738    -1.8870191459    -2.0334165869
F      -2.6012857033    -1.8852935120     2.0384893477
F       0.0012083946     2.5714722830     2.0562951904
F      -0.0000257235     2.5693766511    -2.0569273409
F       4.4015409303     1.1367847897     0.0010022774
F       2.6111086711    -1.8893003477    -2.0325322229
F       2.6046732558    -1.8834263146     2.0372427258
momentum
-46.465067888122775  43.265431615469666  -14.506555909345977
-32.96118511493779  20.445090968084806  -5.863911585565136
46.95658817108425  13.853014469874049  0.5270951227605487
-30.762325993644545  -19.703245920753627  -0.7880120192639162
-36.52123014052341  1.775968801312981  -43.80089901622654
83.80220512422119  44.92627969569143  -1.115564095480554
51.330179560165746  -48.85265813054699  7.316892920253112
4.6528461896697895  5.897504692045192  -12.200400690597393
-32.905309919156586  -29.272207970522537  32.4463890630557
8.285186053383136  -25.14443004701052  10.336639767441804
2.444380280206177  4.08235028533581  28.187033160731886
