C       2.4680780671    -0.4420969519    -0.0004659616
C      -0.0001729096     1.1033546370    -0.0015047200
C      -2.4710227900    -0.4417431664     0.0001016348
F      -4.4071177658     1.1360534953     0.0017568645
F      -2.6065921738    -1.8870191459    -2.0334165869
F      -2.6012857033    -1.8852935120     2.0384893477
F       0.0012083946     2.5714722830     2.0562951904
F      -0.0000257235     2.5693766511    -2.0569273409
F       4.4015409303     1.1367847897     0.0010022774
F       2.6111086711    -1.8893003477    -2.0325322229
F       2.6046732558    -1.8834263146     2.0372427258
momentum
5.036357173733995  23.609675322901666  -7.49217016107193
-15.57710923010541  -14.628001802789912  -5.170511990343828
1.0986440381109495  0.38443241291619146  -15.814241561511876
21.879281931817022  10.812424471517076  38.66648215144291
40.58601530358682  -17.370865900809687  42.23122145546767
-15.701621129752583  -5.283439480610751  -24.19846389129062
-2.9053485751139423  -14.773304235260396  -52.14709162164868
-41.66050772350152  39.62780952328075  -2.4565890948812346
35.571300808135504  4.751270901857264  17.394632058977283
33.844345723857835  -24.82914150944865  -0.9863869661597029
-74.80557359574348  -8.468347918771505  -12.663170778382442
