C       2.4680780671    -0.4420969519    -0.0004659616
C      -0.0001729096     1.1033546370    -0.0015047200
C      -2.4710227900    -0.4417431664     0.0001016348
F      -4.4071177658     1.1360534953     0.0017568645
F      -2.6065921738    -1.8870191459    -2.0334165869
F      -2.6012857033    -1.8852935120     2.0384893477
F       0.0012083946     2.5714722830     2.0562951904
F      -0.0000257235     2.5693766511    -2.0569273409
F       4.4015409303     1.1367847897     0.0010022774
F       2.6111086711    -1.8893003477    -2.0325322229
F       2.6046732558    -1.8834263146     2.0372427258
momentum
-39.72989998703828  0.45594247085392475  9.6065496835773
15.455694490568655  29.917622043775022  -22.82444856836006
-25.345858933859883  -5.066934384562174  44.186848142622914
-2.3148579875023487  -11.423319757077968  2.212896776741011
11.786004752673819  -6.470898665754544  -1.192649194961349
34.99843977784443  22.05126282349268  -3.594808293416713
-41.4784784066811  14.871828404489499  26.388069142126426
52.21187020706277  -27.496406568668217  2.198659370051695
-5.89091493182881  -30.1742087549161  28.97773039712468
11.17767198540936  -12.128623897984834  -64.91802464546534
-9.66003227249829  31.995272248737084  -22.432670966102194
