C       2.4680780671    -0.4420969519    -0.0004659616
C      -0.0001729096     1.1033546370    -0.0015047200
C      -2.4710227900    -0.4417431664     0.0001016348
F      -4.4071177658     1.1360534953     0.0017568645
F      -2.6065921738    -1.8870191459    -2.0334165869
F      -2.6012857033    -1.8852935120     2.0384893477
F       0.0012083946     2.5714722830     2.0562951904
F      -0.0000257235     2.5693766511    -2.0569273409
F       4.4015409303     1.1367847897     0.0010022774
F       2.6111086711    -1.8893003477    -2.0325322229
F       2.6046732558    -1.8834263146     2.0372427258
momentum
-11.518750242187025  -23.824429786360778  4.873696283309886
29.11786789753313  26.494141710682545  11.408964244251745
-50.02512753149007  22.719638591771997  -17.70382942892847
-24.014891244466057  17.228906943244503  28.782275728262416
26.551489433850303  3.767367039051807  1.876013354438795
16.14634665841046  -0.4307167771493418  -28.611821781242906
-30.59150694207456  -34.647048038443636  -39.556623221950446
-49.05473091438789  -8.947411188907864  -13.55936594410086
75.550016535562  18.43746028741886  42.76281218905535
-3.2188478201570603  -41.8023989022322  -53.8478289776184
34.9336876047042  10.90750006221307  46.87102349594086
