C       2.4680780671    -0.4420969519    -0.0004659616
C      -0.0001729096     1.1033546370    -0.0015047200
C      -2.4710227900    -0.4417431664     0.0001016348
F      -4.4071177658     1.1360534953     0.0017568645
F      -2.6065921738    -1.8870191459    -2.0334165869
F      -2.6012857033    -1.8852935120     2.0384893477
F       0.0012083946     2.5714722830     2.0562951904
F      -0.0000257235     2.5693766511    -2.0569273409
F       4.4015409303     1.1367847897     0.0010022774
F       2.6111086711    -1.8893003477    -2.0325322229
F       2.6046732558    -1.8834263146     2.0372427258
momentum
23.71266325035433  23.71067775551735  31.6703567627986
5.328435677285998  -70.66386789352553  1.0586537312546827
-2.129727094373039  -19.064049337037382  -21.853267261243243
1.1476175001885351  30.65600717492536  -7.122182087702695
22.719564244328403  7.5314740326722385  -37.23704934437586
-35.95916286886763  20.113952296683618  69.68811484535777
18.936440292778148  -5.6377193003882216  -6.5213653144539965
-74.06606386602397  -11.71698199490591  -10.778024010426027
-5.724667616131476  -27.236123552401143  0.1918684021839811
25.75528271695322  49.51511566402934  -13.768050638150267
19.62722210869611  -15.11645683687278  -0.9688174558212805
