C       2.4680780671    -0.4420969519    -0.0004659616
C      -0.0001729096     1.1033546370    -0.0015047200
C      -2.4710227900    -0.4417431664     0.0001016348
F      -4.4071177658     1.1360534953     0.0017568645
F      -2.6065921738    -1.8870191459    -2.0334165869
F      -2.6012857033    -1.8852935120     2.0384893477
F       0.0012083946     2.5714722830     2.0562951904
F      -0.0000257235     2.5693766511    -2.0569273409
F       4.4015409303     1.1367847897     0.0010022774
F       2.6111086711    -1.8893003477    -2.0325322229
F       2.6046732558    -1.8834263146     2.0372427258
momentum
-57.056961662557754  41.108581960082184  -43.13429966213049
21.643803033164126  25.326986425729505  19.32388339626993
-13.442706027805361  32.082047153867634  0.676385244211213
13.354098412266556  -22.851656971787914  1.3247063983958052
51.80179247736455  -18.563508482156273  -25.270658417943757
-40.46913936494084  49.574173982212386  30.057566737103482
-21.02579106998403  13.325082108789445  16.326372570311328
-11.737656107007114  -56.935012897209106  -7.219913626128232
14.994010770885517  -24.79596137624135  13.475664940840728
-12.528377553213424  36.58325631089009  6.193583860416799
46.60260230278631  -61.61746339678958  -12.394318141520296
