C       2.4680780671    -0.4420969519    -0.0004659616
C      -0.0001729096     1.1033546370    -0.0015047200
C      -2.4710227900    -0.4417431664     0.0001016348
F      -4.4071177658     1.1360534953     0.0017568645
F      -2.6065921738    -1.8870191459    -2.0334165869
F      -2.6012857033    -1.8852935120     2.0384893477
F       0.0012083946     2.5714722830     2.0562951904
F      -0.0000257235     2.5693766511    -2.0569273409
F       4.4015409303     1.1367847897     0.0010022774
F       2.6111086711    -1.8893003477    -2.0325322229
F       2.6046732558    -1.8834263146     2.0372427258
momentum
8.858186738074265  -13.24421740577764  -20.746838190515934
13.559747026537146  -12.470038375041613  -11.042885732237828
-53.565582336738984  17.112638248730143  -17.490392657849206
-23.750932303706026  4.337995456344759  -5.495869386741159
0.31122457679553395  -28.362848749845167  14.797258944885275
-11.088815344918688  -49.85644775698228  28.43528914788795
41.82449523984734  25.557903811283317  -18.329660215241695
21.42583275418106  61.62640367786884  9.649609943003142
-26.601971822438614  -8.98478548664952  11.150251780409489
26.344089088942308  0.9221535023717328  -13.396166212484019
16.471857218333966  0.7643254667131069  25.479648120755922
