C       2.4680780671    -0.4420969519    -0.0004659616
C      -0.0001729096     1.1033546370    -0.0015047200
C      -2.4710227900    -0.4417431664     0.0001016348
F      -4.4071177658     1.1360534953     0.0017568645
F      -2.6065921738    -1.8870191459    -2.0334165869
F      -2.6012857033    -1.8852935120     2.0384893477
F       0.0012083946     2.5714722830     2.0562951904
F      -0.0000257235     2.5693766511    -2.0569273409
F       4.4015409303     1.1367847897     0.0010022774
F       2.6111086711    -1.8893003477    -2.0325322229
F       2.6046732558    -1.8834263146     2.0372427258
momentum
1.2050426355239119  6.849949617645585  -26.832843877324088
-12.01114500019689  10.127892582220012  14.78229681618296
-31.92872004633231  6.971613691449311  6.298678466780466
-38.76106339909831  5.250885128631449  -0.09816318524417807
44.59361751376226  -26.555155122320553  17.374988345637597
24.189664652791524  53.8186215386664  -33.76588874813507
14.517435158342543  -53.11507702067917  -12.270565089606498
-4.279190370973832  32.18652957428934  10.008542317829384
15.81856400988157  19.60822709742057  -15.859371091614621
4.75779478016966  -21.33562468433567  -1.2343717561886876
4.523887593535563  -36.84678913416597  41.69236622592972
