C       2.4680780671    -0.4420969519    -0.0004659616
C      -0.0001729096     1.1033546370    -0.0015047200
C      -2.4710227900    -0.4417431664     0.0001016348
F      -4.4071177658     1.1360534953     0.0017568645
F      -2.6065921738    -1.8870191459    -2.0334165869
F      -2.6012857033    -1.8852935120     2.0384893477
F       0.0012083946     2.5714722830     2.0562951904
F      -0.0000257235     2.5693766511    -2.0569273409
F       4.4015409303     1.1367847897     0.0010022774
F       2.6111086711    -1.8893003477    -2.0325322229
F       2.6046732558    -1.8834263146     2.0372427258
momentum
7.43185088802628  -36.8699238042165  37.42618139078104
2.6419894630673233  35.69298700640768  10.668850403738556
-32.54159960628821  -17.43021253813505  -15.71062682797083
17.871937958175206  9.119109039732933  32.37270846622827
34.60543469628412  13.625697402391824  -34.0947076614093
20.173059537205308  1.8306489379727597  13.705907795154419
-40.96150197194796  -24.66175726005162  -9.009000046757404
20.180688418202863  5.687531355567534  -45.263593459376224
-17.73241985437655  23.446247805089932  -25.39993405894796
-21.870161859194756  -4.4140508770823255  14.093360737011231
-0.020291858487141642  -11.218958063527893  2.229349125800195
