C       2.4680780671    -0.4420969519    -0.0004659616
C      -0.0001729096     1.1033546370    -0.0015047200
C      -2.4710227900    -0.4417431664     0.0001016348
F      -4.4071177658     1.1360534953     0.0017568645
F      -2.6065921738    -1.8870191459    -2.0334165869
F      -2.6012857033    -1.8852935120     2.0384893477
F       0.0012083946     2.5714722830     2.0562951904
F      -0.0000257235     2.5693766511    -2.0569273409
F       4.4015409303     1.1367847897     0.0010022774
F       2.6111086711    -1.8893003477    -2.0325322229
F       2.6046732558    -1.8834263146     2.0372427258
momentum
6.3036290975036735  37.0814889891756  23.216250979627578
13.497849355910532  -0.23534638309867167  1.1916042887010956
-20.275582890507806  1.9790399769959042  -23.18879012977691
24.231562359373537  -3.025993815748972  23.354198733608282
-0.4376773406221584  8.934756458285126  17.350078959294137
-8.625398461751383  -4.20083528008235  -20.47546415112224
-60.17586901936909  12.917971119873048  -11.296701898020295
-15.736120879031379  -41.823579796117784  31.295483678831463
61.80209413851642  -46.981702566199374  -16.266134308741893
18.593950833323774  1.5420628016895375  13.75856185955082
-33.28313701481715  35.65610561289333  -52.66350411236219
