C       2.4680780671    -0.4420969519    -0.0004659616
C      -0.0001729096     1.1033546370    -0.0015047200
C      -2.4710227900    -0.4417431664     0.0001016348
F      -4.4071177658     1.1360534953     0.0017568645
F      -2.6065921738    -1.8870191459    -2.0334165869
F      -2.6012857033    -1.8852935120     2.0384893477
F       0.0012083946     2.5714722830     2.0562951904
F      -0.0000257235     2.5693766511    -2.0569273409
F       4.4015409303     1.1367847897     0.0010022774
F       2.6111086711    -1.8893003477    -2.0325322229
F       2.6046732558    -1.8834263146     2.0372427258
momentum
8.602777702587229  -0.13747531891154274  -3.729043165074524
1.8981785970835614  -23.657525737465225  -34.178035965507505
8.247303774657707  19.973131773895044  1.9727834324970577
3.047935301562487  10.27647223818643  1.0779654117220692
10.336277767673828  7.895918469987358  12.238825605848078
-3.63874009319746  -52.8796737890708  62.09437764171312
-42.42543538088295  -34.13504528436628  -57.61244673655907
-5.616215550911906  68.35413697105656  -22.59395735382294
40.27662727644211  -21.494156252494637  31.74807179066402
-23.62902644722719  16.287301538692944  -0.5001098284261836
1.1963304828196775  3.534969338573877  8.874252227248288
