C       2.4680780671    -0.4420969519    -0.0004659616
C      -0.0001729096     1.1033546370    -0.0015047200
C      -2.4710227900    -0.4417431664     0.0001016348
F      -4.4071177658     1.1360534953     0.0017568645
F      -2.6065921738    -1.8870191459    -2.0334165869
F      -2.6012857033    -1.8852935120     2.0384893477
F       0.0012083946     2.5714722830     2.0562951904
F      -0.0000257235     2.5693766511    -2.0569273409
F       4.4015409303     1.1367847897     0.0010022774
F       2.6111086711    -1.8893003477    -2.0325322229
F       2.6046732558    -1.8834263146     2.0372427258
momentum
3.588218723237253  -1.344195112714792  19.38005484300978
21.55762038260668  -12.256020052522073  6.821649660805138
-6.408503626636353  23.639682535100373  -6.981498609833117
-3.35923887346848  -4.547717113932175  -0.050639356627267276
54.9354760828509  -8.469631401326025  37.99426199194062
35.91038547332519  0.33015293766098536  -30.493377345399665
-8.628637702242033  35.88601160668082  5.240614054813429
13.515230984508806  -20.12597879990576  3.8749538599974716
-22.868417763338797  18.81373280518588  -7.108711574657657
-49.24060693176171  3.936479846412575  -28.873818585238276
-37.0656936171708  -33.3491935276749  0.23805950015720984
