C       2.4680780671    -0.4420969519    -0.0004659616
C      -0.0001729096     1.1033546370    -0.0015047200
C      -2.4710227900    -0.4417431664     0.0001016348
F      -4.4071177658     1.1360534953     0.0017568645
F      -2.6065921738    -1.8870191459    -2.0334165869
F      -2.6012857033    -1.8852935120     2.0384893477
F       0.0012083946     2.5714722830     2.0562951904
F      -0.0000257235     2.5693766511    -2.0569273409
F       4.4015409303     1.1367847897     0.0010022774
F       2.6111086711    -1.8893003477    -2.0325322229
F       2.6046732558    -1.8834263146     2.0372427258
momentum
9.957816803718153  65.30536085354602  -7.770023951462411
-3.8030375064023048  -55.374880613932866  -3.418450668628232
-2.6827515793177525  39.07345871680341  7.980176602510732
8.434908540973124  14.113155809806312  -10.796000025459977
-41.0103249717437  -21.66636179415097  33.52778241594787
-6.928008275361081  -26.55075252435505  9.041554590913501
19.369786998587823  -10.737034888430868  3.9175932321091573
-5.2907785303127355  2.5565115808146217  -32.324537676523974
-0.2553187103459812  27.259274818408887  57.56688130555962
26.841790600840124  -26.880865856850793  -56.018526758922064
-9.656749676761843  -15.584169116191731  4.835518016659958
