C       2.4680780671    -0.4420969519    -0.0004659616
C      -0.0001729096     1.1033546370    -0.0015047200
C      -2.4710227900    -0.4417431664     0.0001016348
F      -4.4071177658     1.1360534953     0.0017568645
F      -2.6065921738    -1.8870191459    -2.0334165869
F      -2.6012857033    -1.8852935120     2.0384893477
F       0.0012083946     2.5714722830     2.0562951904
F      -0.0000257235     2.5693766511    -2.0569273409
F       4.4015409303     1.1367847897     0.0010022774
F       2.6111086711    -1.8893003477    -2.0325322229
F       2.6046732558    -1.8834263146     2.0372427258
momentum
21.151652676135466  39.101705225176644  3.8060624472499778
3.5157585975640533  23.039633934127195  -32.809455235513575
39.47881852177434  -11.587766070926586  41.51852933685787
23.366854266776087  5.780288673344581  -19.613960599234726
-36.99796362370065  -36.21010066503098  -16.37880519727677
-7.185483587726007  23.569139430393417  25.94952642305954
6.288434433970156  -73.14568789759525  16.248608404051346
-24.191157449590534  -4.535939917527246  -32.548512090163
40.243866357955724  30.42297092487115  11.078050401157308
-35.0061670644749  36.12273645761123  31.356431330108887
-44.291113489099025  -36.13360322574502  -16.833959695368634
