C       2.4680780671    -0.4420969519    -0.0004659616
C      -0.0001729096     1.1033546370    -0.0015047200
C      -2.4710227900    -0.4417431664     0.0001016348
F      -4.4071177658     1.1360534953     0.0017568645
F      -2.6065921738    -1.8870191459    -2.0334165869
F      -2.6012857033    -1.8852935120     2.0384893477
F       0.0012083946     2.5714722830     2.0562951904
F      -0.0000257235     2.5693766511    -2.0569273409
F       4.4015409303     1.1367847897     0.0010022774
F       2.6111086711    -1.8893003477    -2.0325322229
F       2.6046732558    -1.8834263146     2.0372427258
momentum
-34.35903541718251  45.04409008258688  13.53745190180085
5.729057277208612  -20.165384196046517  -32.64769687805368
-9.420282315217115  -3.789443488665131  -5.8113359588913065
14.431213004151088  -10.857148303838267  -37.13684759113112
-33.70100094867822  1.479206768869424  -19.161694126218027
-14.311904170347647  42.419915482374215  52.18443181978892
-12.636977610280129  -8.040516824103578  70.94817948085422
-16.075599347629506  -36.76770068063515  31.960650863801142
58.54295721130572  -0.6075459894381555  -26.397622861685026
18.80670547931584  5.753881172038349  -17.863670571742922
14.609967811457473  -8.347703742164123  -7.759385258636843
