C       2.4680780671    -0.4420969519    -0.0004659616
C      -0.0001729096     1.1033546370    -0.0015047200
C      -2.4710227900    -0.4417431664     0.0001016348
F      -4.4071177658     1.1360534953     0.0017568645
F      -2.6065921738    -1.8870191459    -2.0334165869
F      -2.6012857033    -1.8852935120     2.0384893477
F       0.0012083946     2.5714722830     2.0562951904
F      -0.0000257235     2.5693766511    -2.0569273409
F       4.4015409303     1.1367847897     0.0010022774
F       2.6111086711    -1.8893003477    -2.0325322229
F       2.6046732558    -1.8834263146     2.0372427258
momentum
-15.500556339774384  36.848357881687804  1.4364703726940675
13.719230242147624  10.661064455975716  -16.41227443546994
-41.64703060794039  42.36928212812378  14.96784551122603
-4.025343471924091  -14.038907612713276  -18.400187133857873
40.244867721393604  24.63298329900716  -12.114379686024906
-13.574496765628238  -31.291521960741054  13.837327247359639
35.53162680155661  6.672471564828678  55.850602873473704
-15.559332487761745  -41.59117170937192  -13.017618133703639
8.257951296971141  11.760429671900592  -12.218608383060058
-10.83317298891393  -32.36858954598692  14.455716239324376
5.427547183199002  -5.740721601081108  -17.442088727473916
