C       2.4680780671    -0.4420969519    -0.0004659616
C      -0.0001729096     1.1033546370    -0.0015047200
C      -2.4710227900    -0.4417431664     0.0001016348
F      -4.4071177658     1.1360534953     0.0017568645
F      -2.6065921738    -1.8870191459    -2.0334165869
F      -2.6012857033    -1.8852935120     2.0384893477
F       0.0012083946     2.5714722830     2.0562951904
F      -0.0000257235     2.5693766511    -2.0569273409
F       4.4015409303     1.1367847897     0.0010022774
F       2.6111086711    -1.8893003477    -2.0325322229
F       2.6046732558    -1.8834263146     2.0372427258
momentum
47.88948650684997  -27.011668497723395  -5.743616320406637
-16.649881721581398  9.859750688738513  74.40846118951158
30.383441617137624  28.6692600779147  -53.95702270164542
18.715072707631936  -11.337119295884198  -5.854089326323405
-32.60331046485466  -21.43317966164202  -1.6454382871247757
-18.64114713808619  27.995238414628133  3.2572451170948438
10.086573641789256  -42.90056564196816  26.065575202298888
35.74456900139721  -17.485404689544573  -57.42460384298211
-53.692998734252036  62.483714124796336  -24.615189282282994
-65.10292428931665  37.066561967730394  7.596351451313978
33.341638044985736  -39.11113649130034  41.496484570429004
