C       2.4680780671    -0.4420969519    -0.0004659616
C      -0.0001729096     1.1033546370    -0.0015047200
C      -2.4710227900    -0.4417431664     0.0001016348
F      -4.4071177658     1.1360534953     0.0017568645
F      -2.6065921738    -1.8870191459    -2.0334165869
F      -2.6012857033    -1.8852935120     2.0384893477
F       0.0012083946     2.5714722830     2.0562951904
F      -0.0000257235     2.5693766511    -2.0569273409
F       4.4015409303     1.1367847897     0.0010022774
F       2.6111086711    -1.8893003477    -2.0325322229
F       2.6046732558    -1.8834263146     2.0372427258
momentum
19.311297649349747  5.080215923625463  -35.106334639186024
15.205273302512062  -23.687247958312895  -18.334871614610236
-47.81439773337734  -36.72833382543542  -4.615713782129428
-7.858649869065256  28.56831446791954  -16.57688524583863
12.050600600141173  32.24844709844756  45.076200035095326
40.43514650537452  27.106802234362217  25.74142643109836
-45.89517997811159  -43.409173695003936  -9.277083707080505
17.620824478902836  6.383639218716407  -10.377347226081755
-37.12714730159479  5.706858450389427  27.525211157075656
3.146570978465606  11.414118141393816  37.06657648377544
35.3829702747826  -29.289700656672146  -31.372800991449854
