C       2.4680780671    -0.4420969519    -0.0004659616
C      -0.0001729096     1.1033546370    -0.0015047200
C      -2.4710227900    -0.4417431664     0.0001016348
F      -4.4071177658     1.1360534953     0.0017568645
F      -2.6065921738    -1.8870191459    -2.0334165869
F      -2.6012857033    -1.8852935120     2.0384893477
F       0.0012083946     2.5714722830     2.0562951904
F      -0.0000257235     2.5693766511    -2.0569273409
F       4.4015409303     1.1367847897     0.0010022774
F       2.6111086711    -1.8893003477    -2.0325322229
F       2.6046732558    -1.8834263146     2.0372427258
momentum
20.70674421293534  10.625149564307483  0.515699046429196
11.159404462992816  2.654172318647894  -32.8947450631189
6.91651982815042  11.799778902614785  -24.104260660442716
6.946673737726452  21.0609866274594  8.247319914913671
-30.865661821192024  -35.8059286321487  18.301494338790494
-12.304553459888126  -51.367898373486284  -21.285912120913828
-1.3313131734309047  16.40899493035967  -45.615112165118894
-13.599210307791646  -9.62156296024098  34.38474358897219
66.20201049180207  59.08353467763126  20.49965382894508
-62.16606590375289  6.646562969927833  20.967583763868923
4.316698828508995  -43.902979683935094  16.23594029765032
