C       2.4680780671    -0.4420969519    -0.0004659616
C      -0.0001729096     1.1033546370    -0.0015047200
C      -2.4710227900    -0.4417431664     0.0001016348
F      -4.4071177658     1.1360534953     0.0017568645
F      -2.6065921738    -1.8870191459    -2.0334165869
F      -2.6012857033    -1.8852935120     2.0384893477
F       0.0012083946     2.5714722830     2.0562951904
F      -0.0000257235     2.5693766511    -2.0569273409
F       4.4015409303     1.1367847897     0.0010022774
F       2.6111086711    -1.8893003477    -2.0325322229
F       2.6046732558    -1.8834263146     2.0372427258
momentum
-36.51497417857166  30.951026290843565  7.817078173149986
-2.5754602829429243  -23.842364448111002  7.691406302887989
-7.349434098765877  23.717121095011564  1.2257376026789537
-14.177143191379958  9.8641946973835  20.2026134102982
1.254538585358083  -32.6965536219436  21.025869075505675
-6.6994227312465275  -1.7031035970117037  -13.611367142759551
-84.41953451986375  18.83220499349382  -49.27007845989128
25.55766996900588  40.968372277471595  5.165031669000895
56.41442020689547  -45.63322647669779  -7.01397964536656
25.1472957537532  11.90552724280536  42.501448154063404
51.77877748282385  -38.06005687749554  -47.694416745314435
