C       2.4680780671    -0.4420969519    -0.0004659616
C      -0.0001729096     1.1033546370    -0.0015047200
C      -2.4710227900    -0.4417431664     0.0001016348
F      -4.4071177658     1.1360534953     0.0017568645
F      -2.6065921738    -1.8870191459    -2.0334165869
F      -2.6012857033    -1.8852935120     2.0384893477
F       0.0012083946     2.5714722830     2.0562951904
F      -0.0000257235     2.5693766511    -2.0569273409
F       4.4015409303     1.1367847897     0.0010022774
F       2.6111086711    -1.8893003477    -2.0325322229
F       2.6046732558    -1.8834263146     2.0372427258
momentum
14.147257701938546  41.41093047837265  -10.744837868697468
-44.073427520666044  -25.525247091758395  16.642233249633286
44.206121437098766  -46.58219281243933  28.15032311990647
24.63265600005616  -14.14606072700991  -4.483680215010288
39.544840877456075  31.01431601741953  -7.782458551981436
-111.07726484522183  -19.994551880652942  32.916367421200114
9.068504448997855  32.46570991623026  25.519608014447638
9.961660264346047  5.234527832913965  -43.138322258196474
32.520936396901675  -25.196883127669686  12.029843853396077
-43.312400504038244  0.5343880892928926  -22.591193898539633
10.20783173665247  29.166037264174626  -23.856546235897184
