C       2.4680780671    -0.4420969519    -0.0004659616
C      -0.0001729096     1.1033546370    -0.0015047200
C      -2.4710227900    -0.4417431664     0.0001016348
F      -4.4071177658     1.1360534953     0.0017568645
F      -2.6065921738    -1.8870191459    -2.0334165869
F      -2.6012857033    -1.8852935120     2.0384893477
F       0.0012083946     2.5714722830     2.0562951904
F      -0.0000257235     2.5693766511    -2.0569273409
F       4.4015409303     1.1367847897     0.0010022774
F       2.6111086711    -1.8893003477    -2.0325322229
F       2.6046732558    -1.8834263146     2.0372427258
momentum
23.77682084099315  6.918809501356516  11.994810660381939
-34.06515719918821  1.296981017404339  3.1888867962927647
77.95307237705879  -2.9687812242549922  -12.252105161956733
-6.935599899682337  -20.008989829728613  15.870681721567326
35.59715233659872  -41.773621937459886  -20.52751857071028
1.410005425689441  69.78294338638074  -8.452101432275182
26.870848743113513  -14.912566557533768  4.959998039300327
-27.573011170042776  7.812558860853781  8.670694878358463
22.224469012124615  -16.67646610045224  11.915957401569914
-50.33403202809254  10.896558454972476  18.95753165520703
-64.72141976984567  11.46017105790827  -43.50167433234857
