C       2.4680780671    -0.4420969519    -0.0004659616
C      -0.0001729096     1.1033546370    -0.0015047200
C      -2.4710227900    -0.4417431664     0.0001016348
F      -4.4071177658     1.1360534953     0.0017568645
F      -2.6065921738    -1.8870191459    -2.0334165869
F      -2.6012857033    -1.8852935120     2.0384893477
F       0.0012083946     2.5714722830     2.0562951904
F      -0.0000257235     2.5693766511    -2.0569273409
F       4.4015409303     1.1367847897     0.0010022774
F       2.6111086711    -1.8893003477    -2.0325322229
F       2.6046732558    -1.8834263146     2.0372427258
momentum
3.140802589641921  -9.443438731179118  33.839719825272894
-41.26375184988321  8.20716486155641  9.806511264666545
62.131290694465825  28.85354833964759  -4.4391327852101705
3.7371401953078727  -17.359030332588713  33.07043558490231
11.629388799015807  3.1494318929494924  -0.8400498230685387
-47.75230982624345  40.605684604557894  -30.105436924399996
-2.1886540624728292  -60.431154209686845  -26.145138743576343
-7.850080284542247  -14.667347822294001  -27.276299675030476
50.16532642028219  56.05126551154194  -4.828712651067944
-23.24233211556599  -10.988372044662624  -3.6687545252961553
-10.325473897488969  -13.608582382220106  1.4939025482514172
