C       2.4680780671    -0.4420969519    -0.0004659616
C      -0.0001729096     1.1033546370    -0.0015047200
C      -2.4710227900    -0.4417431664     0.0001016348
F      -4.4071177658     1.1360534953     0.0017568645
F      -2.6065921738    -1.8870191459    -2.0334165869
F      -2.6012857033    -1.8852935120     2.0384893477
F       0.0012083946     2.5714722830     2.0562951904
F      -0.0000257235     2.5693766511    -2.0569273409
F       4.4015409303     1.1367847897     0.0010022774
F       2.6111086711    -1.8893003477    -2.0325322229
F       2.6046732558    -1.8834263146     2.0372427258
momentum
10.936601013975103  32.83842394094021  -6.521866469246711
13.693815626187881  23.446744279680935  -0.24638433209352517
3.3091697589241527  15.591964319148513  -21.54746566981664
13.073788298659565  -21.09689744335434  -19.179868033695364
-7.404443021980687  -19.5668575657503  45.50834681932803
7.441156670338039  6.816746603840497  -26.321868316458755
8.628692306298193  26.28327036546345  -7.166861322496867
-87.91871618945767  14.421432908343087  9.814418589518159
4.1968467065914  -147.58318629823464  22.31722629925941
6.336444215609525  72.94217454915818  49.65794669592254
19.899687741488137  8.197525946100448  -35.11472033351051
