C       2.4680780671    -0.4420969519    -0.0004659616
C      -0.0001729096     1.1033546370    -0.0015047200
C      -2.4710227900    -0.4417431664     0.0001016348
F      -4.4071177658     1.1360534953     0.0017568645
F      -2.6065921738    -1.8870191459    -2.0334165869
F      -2.6012857033    -1.8852935120     2.0384893477
F       0.0012083946     2.5714722830     2.0562951904
F      -0.0000257235     2.5693766511    -2.0569273409
F       4.4015409303     1.1367847897     0.0010022774
F       2.6111086711    -1.8893003477    -2.0325322229
F       2.6046732558    -1.8834263146     2.0372427258
momentum
14.13700322978018  -1.1864265729606045  -4.8095963099057535
-21.287313434589436  17.79439777946544  -7.670823897238543
1.9405200747386806  -13.246205990882872  -3.6731559007227985
17.86249060433591  28.7367102453252  -14.353884795065989
27.674392805831395  -49.653437404230914  40.267785094545474
-21.959596169740667  16.819112449177602  17.01284825609602
-37.828681446699164  -45.17437868783921  0.16210269332595284
15.445674727155977  6.197318733073052  17.898204855628492
9.18085071131702  -1.2883952794594937  -14.260118415886392
-16.921143046604  35.792401307089314  -37.482956754167084
1.655790805094033  -11.415650138872312  15.30475299803739
