C       2.4680780671    -0.4420969519    -0.0004659616
C      -0.0001729096     1.1033546370    -0.0015047200
C      -2.4710227900    -0.4417431664     0.0001016348
F      -4.4071177658     1.1360534953     0.0017568645
F      -2.6065921738    -1.8870191459    -2.0334165869
F      -2.6012857033    -1.8852935120     2.0384893477
F       0.0012083946     2.5714722830     2.0562951904
F      -0.0000257235     2.5693766511    -2.0569273409
F       4.4015409303     1.1367847897     0.0010022774
F       2.6111086711    -1.8893003477    -2.0325322229
F       2.6046732558    -1.8834263146     2.0372427258
momentum
19.750858777041188  -27.12431904997859  -26.14369769576413
-33.585058306704134  -1.5674221911538353  39.92952355401733
-74.90475432765801  -10.690331568486307  20.241891112272246
-1.7677594434390818  18.575682696506313  -30.97800982823485
-30.233509210700305  -34.463304763290296  -6.722474445012038
-17.188598557948914  -24.860026709194496  42.59143609059361
37.45129213336819  -25.135289449873337  -49.150837796347176
34.663262306899384  20.47251575627569  9.84470218400917
20.2586616452723  8.786980647143592  7.684151554608946
14.059209710990903  60.85885878439318  8.961272445909005
32.68182239451547  4.540833963894379  1.8264485441643967
