C       2.4680780671    -0.4420969519    -0.0004659616
C      -0.0001729096     1.1033546370    -0.0015047200
C      -2.4710227900    -0.4417431664     0.0001016348
F      -4.4071177658     1.1360534953     0.0017568645
F      -2.6065921738    -1.8870191459    -2.0334165869
F      -2.6012857033    -1.8852935120     2.0384893477
F       0.0012083946     2.5714722830     2.0562951904
F      -0.0000257235     2.5693766511    -2.0569273409
F       4.4015409303     1.1367847897     0.0010022774
F       2.6111086711    -1.8893003477    -2.0325322229
F       2.6046732558    -1.8834263146     2.0372427258
momentum
55.24102134779197  -11.880547022025226  0.5896280566161645
-21.00297836584156  31.77569411935333  18.532055903114326
76.94152803945758  -15.691849770944343  -21.14328814670177
-46.266868399382425  29.349270495582427  1.5247250830287902
1.0786153583353888  -30.76098120975702  -52.081246489542536
-24.833585361304532  17.558245406492386  22.34157400119654
26.709037087693385  -48.95248925043887  -73.38797350707266
-42.22513071366059  29.62234214696697  77.17237005202338
-9.638856921163685  8.05817409191488  -25.875066372076233
-6.904982110820487  -21.580818557138173  27.20692056530601
18.18593271461597  -4.34839758243217  24.31894950564439
