C       2.4680780671    -0.4420969519    -0.0004659616
C      -0.0001729096     1.1033546370    -0.0015047200
C      -2.4710227900    -0.4417431664     0.0001016348
F      -4.4071177658     1.1360534953     0.0017568645
F      -2.6065921738    -1.8870191459    -2.0334165869
F      -2.6012857033    -1.8852935120     2.0384893477
F       0.0012083946     2.5714722830     2.0562951904
F      -0.0000257235     2.5693766511    -2.0569273409
F       4.4015409303     1.1367847897     0.0010022774
F       2.6111086711    -1.8893003477    -2.0325322229
F       2.6046732558    -1.8834263146     2.0372427258
momentum
63.08050852685169  -10.612419496038092  -35.254499848932134
25.936901019936744  -32.272080596776185  11.341669477074106
-16.53737032281281  -22.215225564895515  2.145506743783972
-20.931775080509965  14.68609143681126  14.996139599689576
-7.061108021994231  11.706878149392272  -15.572800306561476
-50.696529412450815  1.3398457250210987  11.792184144201457
-25.925399340421944  11.422842457298858  5.9525935109023225
10.92702431284933  18.431244564849287  -30.9654009331857
-21.615097939794946  12.29682198815303  -9.98568361251638
20.245838242537733  5.189412590868407  92.88571979896186
34.569621851569856  -18.376664337980632  -56.17140894271518
