C       2.4680780671    -0.4420969519    -0.0004659616
C      -0.0001729096     1.1033546370    -0.0015047200
C      -2.4710227900    -0.4417431664     0.0001016348
F      -4.4071177658     1.1360534953     0.0017568645
F      -2.6065921738    -1.8870191459    -2.0334165869
F      -2.6012857033    -1.8852935120     2.0384893477
F       0.0012083946     2.5714722830     2.0562951904
F      -0.0000257235     2.5693766511    -2.0569273409
F       4.4015409303     1.1367847897     0.0010022774
F       2.6111086711    -1.8893003477    -2.0325322229
F       2.6046732558    -1.8834263146     2.0372427258
momentum
-9.83065156125904  6.532493332167588  -21.593030773199295
13.802343282870394  -3.5274272327211906  14.892457588647623
-54.73413669054611  27.758959644279475  -6.529712743257669
-4.985663119730096  -26.334322547826773  -10.048801229885573
41.930896527257474  14.64472127284816  10.428245757433585
-45.83976309016135  -5.604086504253893  2.8352971914774017
27.142784181922988  64.99679643441824  77.75092665431808
33.61325863399278  -36.50500924431018  -16.00040202569736
-50.32913720377695  2.7801017062685585  -13.20724113633055
14.396018393946783  -20.495338994412077  -59.53392157238033
37.58464188897667  -9.019484200778072  26.7979623261814
