C       2.4680780671    -0.4420969519    -0.0004659616
C      -0.0001729096     1.1033546370    -0.0015047200
C      -2.4710227900    -0.4417431664     0.0001016348
F      -4.4071177658     1.1360534953     0.0017568645
F      -2.6065921738    -1.8870191459    -2.0334165869
F      -2.6012857033    -1.8852935120     2.0384893477
F       0.0012083946     2.5714722830     2.0562951904
F      -0.0000257235     2.5693766511    -2.0569273409
F       4.4015409303     1.1367847897     0.0010022774
F       2.6111086711    -1.8893003477    -2.0325322229
F       2.6046732558    -1.8834263146     2.0372427258
momentum
29.779508021092294  11.746128081534408  -50.31557641839294
15.722060140929548  7.436413978723545  59.49040575664647
-7.2208703226691515  -3.7655559818177373  40.198635848512495
-12.797460100754241  -18.631412056940473  -14.548828147471221
70.31094853429138  63.56751679819275  46.873921428111245
34.42371571064437  65.8212405723674  -43.260365315853555
-79.93472018609988  -10.184479580300245  -8.408792901672161
-1.43680463434818  -68.62740580953691  -3.021730623176379
15.45867121853226  -18.472057715604095  -23.898696184353625
-31.233645819987704  29.076177635914558  -6.9594192904372445
-25.72951381767615  -47.003567155456906  12.444550155845047
