C       2.4680780671    -0.4420969519    -0.0004659616
C      -0.0001729096     1.1033546370    -0.0015047200
C      -2.4710227900    -0.4417431664     0.0001016348
F      -4.4071177658     1.1360534953     0.0017568645
F      -2.6065921738    -1.8870191459    -2.0334165869
F      -2.6012857033    -1.8852935120     2.0384893477
F       0.0012083946     2.5714722830     2.0562951904
F      -0.0000257235     2.5693766511    -2.0569273409
F       4.4015409303     1.1367847897     0.0010022774
F       2.6111086711    -1.8893003477    -2.0325322229
F       2.6046732558    -1.8834263146     2.0372427258
momentum
11.915330713338392  -46.51144920051774  -54.044324410228846
6.64700596991453  18.26735320942916  33.67543414497622
16.48105981942375  31.30581446668978  19.479377115770774
9.377747364785007  32.491922314044615  -2.692245571602804
31.888075323100303  -18.15499624198422  -2.7516001247049715
17.751141973091144  -53.83941317117156  8.196547082983596
-38.18919589705558  0.598201976558434  -34.03090900234129
-1.9866008708412821  -19.388338763523404  -3.6125290694362366
-8.666378275438325  21.050306119680705  -16.556439476227794
-23.727404613923976  44.052604339117956  3.130011427287815
-27.04771468430946  -28.782634978955468  50.71035405153124
