C       2.4680780671    -0.4420969519    -0.0004659616
C      -0.0001729096     1.1033546370    -0.0015047200
C      -2.4710227900    -0.4417431664     0.0001016348
F      -4.4071177658     1.1360534953     0.0017568645
F      -2.6065921738    -1.8870191459    -2.0334165869
F      -2.6012857033    -1.8852935120     2.0384893477
F       0.0012083946     2.5714722830     2.0562951904
F      -0.0000257235     2.5693766511    -2.0569273409
F       4.4015409303     1.1367847897     0.0010022774
F       2.6111086711    -1.8893003477    -2.0325322229
F       2.6046732558    -1.8834263146     2.0372427258
momentum
27.64330761860576  -8.906604983155107  -19.588210895052516
35.11025514042652  44.87225939586594  -23.33672984104247
27.422838832191815  19.739545250529996  -20.95799503824892
-24.744690950339674  30.61323124798917  11.589203135828999
1.5098498344179954  -53.54762774992852  68.90170431600419
-57.96031642984063  -41.87958183076928  -60.20052749086414
-29.899815316319195  31.27916213101492  22.77372054683379
-9.874919516262818  -24.529034151609867  46.22838239742578
9.073211807921957  -4.052570640276641  -9.312718452911055
27.81318832770438  -22.555912507946072  -34.13809060976083
8.22146640259049  11.014734757834326  11.074590911584876
