C       2.4680780671    -0.4420969519    -0.0004659616
C      -0.0001729096     1.1033546370    -0.0015047200
C      -2.4710227900    -0.4417431664     0.0001016348
F      -4.4071177658     1.1360534953     0.0017568645
F      -2.6065921738    -1.8870191459    -2.0334165869
F      -2.6012857033    -1.8852935120     2.0384893477
F       0.0012083946     2.5714722830     2.0562951904
F      -0.0000257235     2.5693766511    -2.0569273409
F       4.4015409303     1.1367847897     0.0010022774
F       2.6111086711    -1.8893003477    -2.0325322229
F       2.6046732558    -1.8834263146     2.0372427258
momentum
29.01044599502588  9.66901190965952  -56.645622450251345
16.92149697182311  6.82518118474937  55.11880094323529
-16.46091168009089  -20.127141850160037  8.198480267911963
22.2695173764626  -0.5932973375240804  -6.005100885425424
-9.225169985270373  -16.888851463034857  2.5614986347807194
12.947640968310466  16.02745953980949  -52.5284810320949
-15.44333203260848  24.641895016496754  29.594047246261876
-35.4585899010408  27.06727284181301  -38.16258597824861
5.1583813760406665  2.6718988652185507  24.482551848614058
-43.203235775372555  -34.18373171954477  -11.277048013238046
20.28930015237365  -14.795523753322534  48.22581964130108
