C       2.4680780671    -0.4420969519    -0.0004659616
C      -0.0001729096     1.1033546370    -0.0015047200
C      -2.4710227900    -0.4417431664     0.0001016348
F      -4.4071177658     1.1360534953     0.0017568645
F      -2.6065921738    -1.8870191459    -2.0334165869
F      -2.6012857033    -1.8852935120     2.0384893477
F       0.0012083946     2.5714722830     2.0562951904
F      -0.0000257235     2.5693766511    -2.0569273409
F       4.4015409303     1.1367847897     0.0010022774
F       2.6111086711    -1.8893003477    -2.0325322229
F       2.6046732558    -1.8834263146     2.0372427258
momentum
23.241166917847583  -4.5507991061850435  0.7052404198815803
2.1185290497743  -10.46286547184158  3.0671660725555188
-18.500748171041067  13.095001488196136  -6.075768737484249
13.260422107992447  14.103716043975899  3.3396907095560686
3.9353017254710307  -18.421616645565265  8.093821296794445
7.57159421999184  -23.179034615846753  -10.811507970083605
-4.744959165780864  20.331306777352616  13.700641795509428
-9.743441835212513  14.623478823044803  3.6481503204364167
-41.966888179373846  -25.204915358081063  -22.331543159959278
33.962149909119454  -0.5617692151084732  7.989173075681329
-16.957083221434303  12.048046487937592  -3.396842138833217
