C       2.4680780671    -0.4420969519    -0.0004659616
C      -0.0001729096     1.1033546370    -0.0015047200
C      -2.4710227900    -0.4417431664     0.0001016348
F      -4.4071177658     1.1360534953     0.0017568645
F      -2.6065921738    -1.8870191459    -2.0334165869
F      -2.6012857033    -1.8852935120     2.0384893477
F       0.0012083946     2.5714722830     2.0562951904
F      -0.0000257235     2.5693766511    -2.0569273409
F       4.4015409303     1.1367847897     0.0010022774
F       2.6111086711    -1.8893003477    -2.0325322229
F       2.6046732558    -1.8834263146     2.0372427258
momentum
-11.604782817228896  -17.803700988400642  -9.032199065784612
2.635580376907688  -60.76052579341107  64.06927570198899
23.178634403871204  -54.18100967467693  -45.09725589758573
-11.473554313631032  55.18368349008369  14.84891725454938
-17.34857156169304  -18.08572594265452  -9.126338297876215
49.06097602210102  47.14572018782365  7.068834717336565
9.149143965630207  2.1287789161635473  -22.747379803521945
-12.940089767114594  -40.34291900931403  4.939067141898064
-28.091512464878395  52.77169372388804  28.845714108156997
44.430901847584835  7.755639495342768  -5.232843339182731
-40.234723867352876  -5.929507717006845  -37.21944731764686
