C       2.4680780671    -0.4420969519    -0.0004659616
C      -0.0001729096     1.1033546370    -0.0015047200
C      -2.4710227900    -0.4417431664     0.0001016348
F      -4.4071177658     1.1360534953     0.0017568645
F      -2.6065921738    -1.8870191459    -2.0334165869
F      -2.6012857033    -1.8852935120     2.0384893477
F       0.0012083946     2.5714722830     2.0562951904
F      -0.0000257235     2.5693766511    -2.0569273409
F       4.4015409303     1.1367847897     0.0010022774
F       2.6111086711    -1.8893003477    -2.0325322229
F       2.6046732558    -1.8834263146     2.0372427258
momentum
29.616618964754387  38.50418882590689  -4.299858137176374
20.880111761657652  -30.521320051530743  -9.391290636175297
-13.13243833607297  -4.412729531892864  -25.762642676711465
-2.23354800943097  -58.55701993490604  21.19968203002476
-30.69385512465411  44.49739324710647  13.760846101742485
-25.03867477805341  46.04267264143093  -39.44698950280618
-4.474396923177696  10.082676450441587  3.7524730126433545
20.078864390185693  -21.983917089633906  11.721800967610646
52.634352833191166  -0.7213202549036886  -49.79158925877863
-13.945591105462995  35.15725074891837  49.8545913661267
-32.36305236678626  -23.938829778994524  15.899558067106236
