C       2.4680780671    -0.4420969519    -0.0004659616
C      -0.0001729096     1.1033546370    -0.0015047200
C      -2.4710227900    -0.4417431664     0.0001016348
F      -4.4071177658     1.1360534953     0.0017568645
F      -2.6065921738    -1.8870191459    -2.0334165869
F      -2.6012857033    -1.8852935120     2.0384893477
F       0.0012083946     2.5714722830     2.0562951904
F      -0.0000257235     2.5693766511    -2.0569273409
F       4.4015409303     1.1367847897     0.0010022774
F       2.6111086711    -1.8893003477    -2.0325322229
F       2.6046732558    -1.8834263146     2.0372427258
momentum
-30.238691331771523  17.73405568319834  -20.405506716719003
6.589389058659619  25.09207700882246  26.857698470765467
23.630236646710316  -45.98499486004483  -4.926962858475976
-23.896865631621594  -9.899917775768722  -7.896165633417969
-35.05271499456907  33.6586439692779  16.292060908888267
40.385779887525146  -55.207865343206144  -24.946196313290002
13.975657706952513  65.81502249841202  43.28415516414994
10.475744644644033  -52.10732923664288  -28.64120867829335
83.95108352816432  -50.61502915509739  -9.935714354552292
-6.49259244351976  43.46298579535858  24.183366394037538
-69.5813299590044  33.40143500939333  -9.61661485025696
