C       2.4680780671    -0.4420969519    -0.0004659616
C      -0.0001729096     1.1033546370    -0.0015047200
C      -2.4710227900    -0.4417431664     0.0001016348
F      -4.4071177658     1.1360534953     0.0017568645
F      -2.6065921738    -1.8870191459    -2.0334165869
F      -2.6012857033    -1.8852935120     2.0384893477
F       0.0012083946     2.5714722830     2.0562951904
F      -0.0000257235     2.5693766511    -2.0569273409
F       4.4015409303     1.1367847897     0.0010022774
F       2.6111086711    -1.8893003477    -2.0325322229
F       2.6046732558    -1.8834263146     2.0372427258
momentum
-7.595070315913392  50.495073718983434  5.293921616599896
12.54395512355329  -11.272367780480904  -12.859290797329598
28.014529386669235  21.328477739801873  -14.560257172900444
-21.590108093520893  12.420173661851551  11.653850647438057
26.520127480238852  12.6640989538925  23.25880071260251
-8.29123417611564  13.411647575949335  -34.810021558036425
-21.743637720860946  -43.499092805486036  7.8809143158170984
-28.55164165839949  -44.99557908529707  9.101291720686202
44.03687699357078  1.387024047345136  -4.2353633918676525
-15.828662431090336  -24.7815201848399  12.410706400657071
4.955436141966534  5.458899439604588  -9.759186575559589
