C       2.4680780671    -0.4420969519    -0.0004659616
C      -0.0001729096     1.1033546370    -0.0015047200
C      -2.4710227900    -0.4417431664     0.0001016348
F      -4.4071177658     1.1360534953     0.0017568645
F      -2.6065921738    -1.8870191459    -2.0334165869
F      -2.6012857033    -1.8852935120     2.0384893477
F       0.0012083946     2.5714722830     2.0562951904
F      -0.0000257235     2.5693766511    -2.0569273409
F       4.4015409303     1.1367847897     0.0010022774
F       2.6111086711    -1.8893003477    -2.0325322229
F       2.6046732558    -1.8834263146     2.0372427258
momentum
-10.21096233795404  -10.646768442151952  -9.733074969415739
-24.226823847858668  4.89021934518287  7.737563018961909
51.43688618350234  -9.401492123734954  -17.279899958162595
-9.567199129083829  12.403673057512776  40.72486261174586
-3.118408729146575  -12.965823747058725  -21.132072759908198
-19.696866111577553  12.404615077717956  -39.28031114360388
12.654905806025567  -15.867557218279739  -34.39533559952164
-12.522826880468703  10.962361629558103  8.538847739502549
1.3361320549015305  16.72237729737748  -0.16825365628640546
14.647765868008957  -24.202952859634483  67.50775778716206
4.909710939119564  8.701094683425515  -26.37115784806617
