C       2.4680780671    -0.4420969519    -0.0004659616
C      -0.0001729096     1.1033546370    -0.0015047200
C      -2.4710227900    -0.4417431664     0.0001016348
F      -4.4071177658     1.1360534953     0.0017568645
F      -2.6065921738    -1.8870191459    -2.0334165869
F      -2.6012857033    -1.8852935120     2.0384893477
F       0.0012083946     2.5714722830     2.0562951904
F      -0.0000257235     2.5693766511    -2.0569273409
F       4.4015409303     1.1367847897     0.0010022774
F       2.6111086711    -1.8893003477    -2.0325322229
F       2.6046732558    -1.8834263146     2.0372427258
momentum
6.513955045711081  21.912325901778456  -4.628773937969334
26.619295299533793  -12.481328112744718  19.54277713668958
-43.60298341855652  -17.780198944693417  38.447506470634394
40.7633098520088  26.458922107103277  -26.79855239897719
19.335304081304407  -42.54847248156853  -33.65807043834489
-40.819410059071814  26.015265918179423  15.669186266648971
20.71871148799819  -49.631930853758334  11.38391637292012
-62.83172775937744  -27.830452776596037  14.285313606864845
24.586245643818565  -3.4341286143635172  -8.096836091300698
-11.25097537771538  38.551103451588965  -15.535670537986782
-3.9718384139433134  25.35279658366591  5.371215236896143
