C       2.4680780671    -0.4420969519    -0.0004659616
C      -0.0001729096     1.1033546370    -0.0015047200
C      -2.4710227900    -0.4417431664     0.0001016348
F      -4.4071177658     1.1360534953     0.0017568645
F      -2.6065921738    -1.8870191459    -2.0334165869
F      -2.6012857033    -1.8852935120     2.0384893477
F       0.0012083946     2.5714722830     2.0562951904
F      -0.0000257235     2.5693766511    -2.0569273409
F       4.4015409303     1.1367847897     0.0010022774
F       2.6111086711    -1.8893003477    -2.0325322229
F       2.6046732558    -1.8834263146     2.0372427258
momentum
-19.47525873047296  29.35913671102523  -17.100658093695134
0.03028243732676668  16.83525178699414  -16.754209748581626
-13.677611178814317  18.07438768524963  25.848536193533327
2.8803631745097817  10.578323772520287  6.036551569045735
17.189928937264998  -30.595555437763092  11.898501597271732
-51.34454803067995  -62.886289679091995  24.20920679813062
40.4675312049643  -38.718958424363244  -5.212824564514111
33.86008412751  25.42208340638809  -6.3941067891122305
-6.059525206578339  7.7316518428978505  8.769788965033468
38.82756116203804  -31.37344639334473  -24.73124985458283
-44.406923079963356  49.319158489709935  -10.151611025420946
