C       2.4680780671    -0.4420969519    -0.0004659616
C      -0.0001729096     1.1033546370    -0.0015047200
C      -2.4710227900    -0.4417431664     0.0001016348
F      -4.4071177658     1.1360534953     0.0017568645
F      -2.6065921738    -1.8870191459    -2.0334165869
F      -2.6012857033    -1.8852935120     2.0384893477
F       0.0012083946     2.5714722830     2.0562951904
F      -0.0000257235     2.5693766511    -2.0569273409
F       4.4015409303     1.1367847897     0.0010022774
F       2.6111086711    -1.8893003477    -2.0325322229
F       2.6046732558    -1.8834263146     2.0372427258
momentum
-4.3047696276788106  -23.0276867375721  -6.668492920137662
-37.50875606714503  -15.948817325399133  -19.12792618811928
34.27312236531268  -3.1070070936521548  -10.368165987328181
21.5893650610584  4.028030881732213  28.393495188080884
-38.18829910431321  32.50632595391856  -19.95895826813058
55.48177603503308  -19.640519887516593  -19.204275316555954
-28.038630876734743  -14.507569178266595  -47.607049224097096
31.702282155793164  53.72472108061337  -17.920057738688026
-47.60838340255504  33.15367723712867  -33.80078532135568
-8.289029783269841  -1.9606980114446262  45.877656654686746
8.509259219931126  -47.44494785873156  83.61143049387273
