C       2.4680780671    -0.4420969519    -0.0004659616
C      -0.0001729096     1.1033546370    -0.0015047200
C      -2.4710227900    -0.4417431664     0.0001016348
F      -4.4071177658     1.1360534953     0.0017568645
F      -2.6065921738    -1.8870191459    -2.0334165869
F      -2.6012857033    -1.8852935120     2.0384893477
F       0.0012083946     2.5714722830     2.0562951904
F      -0.0000257235     2.5693766511    -2.0569273409
F       4.4015409303     1.1367847897     0.0010022774
F       2.6111086711    -1.8893003477    -2.0325322229
F       2.6046732558    -1.8834263146     2.0372427258
momentum
-7.55274382495093  -6.395448958464584  3.4733293743832947
38.48344119851076  76.79676205902207  -35.63252789863769
32.67416050312222  -6.311832685822353  30.944540992332605
14.788885587975674  7.3343219034482345  -17.854751263982397
19.033610804608703  4.949528099875439  3.2939963579169778
-10.044232081088515  -62.86410910072316  56.05584685061672
10.422537708724684  11.86214263301378  -24.68296444454145
-62.82796552126481  -19.34557366639325  11.664089729197705
-3.9120242861684793  -52.80685628119654  11.25017482610058
32.80116604330126  43.819318657715584  -17.906606094481766
-72.60729577827941  -1.5572212021640153  -10.202540010010075
