 C          0.000 -0.000 -0.081    0.000  0.000  0.054   -0.140  0.015  0.000
 C          0.000 -0.000 -0.000    0.000 -0.000 -0.130   -0.000  0.230  0.000
 C          0.000  0.000  0.081   -0.000  0.000  0.054    0.140  0.015  0.000
 F         -0.000  0.000 -0.282    0.000  0.000  0.412   -0.107 -0.305  0.001
 F          0.132 -0.317  0.295   -0.230  0.168 -0.050    0.381 -0.011 -0.002
 F         -0.132  0.318  0.296    0.229 -0.168 -0.051    0.380 -0.011  0.001
 F          0.056 -0.000  0.000   -0.000  0.242 -0.305    0.000  0.245 -0.016
 F         -0.056  0.000  0.000    0.000 -0.243 -0.305   -0.000  0.243  0.015
 F         -0.000 -0.000  0.282   -0.000  0.000  0.412    0.107 -0.304  0.001
 F          0.132  0.317 -0.295    0.229  0.168 -0.050   -0.381 -0.011 -0.002
 F         -0.131 -0.318 -0.295   -0.229 -0.168 -0.050   -0.380 -0.011  0.001

 C          0.000 -0.000 -0.121   -0.001 -0.000  0.109    0.131  0.159  0.000
 C         -0.000  0.000 -0.238   -0.000  0.000 -0.000    0.057 -0.000  0.000
 C          0.000 -0.000 -0.120   -0.000  0.000 -0.110    0.132 -0.159 -0.000
 F          0.000 -0.000  0.027   -0.001 -0.001 -0.011    0.451  0.238 -0.001
 F         -0.343 -0.186  0.037   -0.286 -0.142  0.030   -0.121 -0.184  0.041
 F          0.344  0.186  0.036    0.287  0.142  0.029   -0.120 -0.184 -0.041
 F          0.001 -0.380  0.051   -0.530 -0.001  0.000   -0.311  0.000  0.000
 F         -0.001  0.381  0.051    0.533  0.001  0.000   -0.308 -0.000  0.000
 F          0.000 -0.001  0.027   -0.001  0.001  0.011    0.450 -0.237  0.001
 F          0.344 -0.187  0.037   -0.285  0.141 -0.030   -0.123  0.184 -0.041
 F         -0.345  0.187  0.036    0.285 -0.141 -0.029   -0.120  0.183  0.041

 C          0.213  0.025  0.000   -0.046  0.139 -0.000   -0.000 -0.000  0.155
 C          0.000  0.086  0.000    0.099 -0.000  0.000   -0.000  0.000 -0.000
 C         -0.213  0.025 -0.000   -0.046 -0.139  0.000   -0.000  0.000 -0.155
 F         -0.488 -0.287  0.000   -0.011 -0.103  0.000   -0.001 -0.000 -0.300
 F         -0.219  0.041 -0.015   -0.223 -0.265  0.087   -0.317 -0.071 -0.101
 F         -0.220  0.041  0.015   -0.224 -0.265 -0.087    0.316  0.070 -0.102
 F         -0.001  0.162 -0.050    0.456 -0.000 -0.000    0.394  0.000 -0.000
 F         -0.000  0.161  0.049    0.456 -0.000 -0.000   -0.393  0.001  0.000
 F          0.490 -0.287  0.000   -0.011  0.103 -0.000   -0.001  0.000  0.301
 F          0.219  0.042 -0.015   -0.223  0.264 -0.087   -0.316  0.070  0.102
 F          0.219  0.041  0.015   -0.224  0.265  0.086    0.317 -0.071  0.102

 C         -0.016 -0.083  0.000    0.000 -0.000 -0.064   -0.163 -0.204 -0.000
 C         -0.000  0.120  0.000    0.000 -0.000 -0.321   -0.157  0.002 -0.000
 C          0.016 -0.082  0.000    0.000 -0.000 -0.064   -0.164  0.208  0.000
 F          0.171  0.085 -0.000    0.001 -0.000  0.380   -0.189  0.326  0.000
 F         -0.111 -0.262  0.121    0.266 -0.115 -0.015    0.177 -0.161  0.289
 F         -0.111 -0.262 -0.121   -0.267  0.115 -0.014    0.176 -0.161 -0.289
 F         -0.000  0.454 -0.228   -0.000 -0.296 -0.209   -0.013 -0.001  0.002
 F          0.001  0.453  0.228    0.000  0.297 -0.208   -0.013 -0.001 -0.003
 F         -0.171  0.085 -0.001   -0.000  0.000  0.380   -0.185 -0.324  0.000
 F          0.111 -0.262  0.121   -0.266 -0.115 -0.015    0.176  0.159 -0.284
 F          0.111 -0.262 -0.121    0.266  0.115 -0.015    0.176  0.159  0.284

 C         -0.081 -0.205  0.001   -0.000  0.000  0.277   -0.000 -0.000 -0.220
 C         -0.001 -0.224  0.000   -0.000  0.000 -0.000    0.000  0.001  0.251
 C          0.079 -0.202 -0.000   -0.000  0.000 -0.277    0.000 -0.000 -0.220
 F          0.223 -0.180 -0.000    0.000  0.000  0.349    0.001 -0.000  0.220
 F         -0.058  0.144 -0.306    0.073 -0.320 -0.194   -0.006 -0.280 -0.196
 F         -0.057  0.145  0.306   -0.073  0.320 -0.195    0.005  0.280 -0.196
 F          0.000  0.091 -0.310    0.099 -0.000  0.000    0.000  0.289  0.233
 F         -0.000  0.091  0.310   -0.099  0.000 -0.001   -0.000 -0.289  0.232
 F         -0.226 -0.186 -0.001    0.001 -0.000 -0.349   -0.001 -0.000  0.219
 F          0.061  0.148 -0.310    0.073  0.320  0.195    0.006 -0.280 -0.197
 F          0.060  0.147  0.310   -0.073 -0.320  0.194   -0.006  0.280 -0.196

 C          0.181  0.044 -0.000    0.281 -0.207  0.001    0.231 -0.143  0.001
 C          0.000 -0.383  0.001    0.309 -0.000 -0.000    0.000  0.092 -0.000
 C         -0.181  0.044 -0.000    0.281  0.207 -0.000   -0.231 -0.143  0.000
 F         -0.236  0.236  0.001    0.034 -0.260 -0.000   -0.157  0.278  0.000
 F          0.146 -0.013  0.048   -0.103  0.121  0.317    0.072 -0.163 -0.318
 F          0.146 -0.012 -0.049   -0.103  0.121 -0.317    0.073 -0.163  0.318
 F         -0.000 -0.117 -0.468   -0.103 -0.000 -0.000    0.000  0.108  0.205
 F          0.000 -0.118  0.468   -0.103  0.000 -0.000   -0.000  0.109 -0.206
 F          0.236  0.236  0.000    0.034  0.260 -0.000    0.157  0.278 -0.000
 F         -0.146 -0.013  0.048   -0.103 -0.121 -0.317   -0.072 -0.163 -0.318
 F         -0.146 -0.012 -0.048   -0.103 -0.121  0.317   -0.073 -0.163  0.318

 C          0.269 -0.114 -0.000   -0.352  0.211 -0.000   -0.191 -0.612 -0.004
 C          0.729 -0.000 -0.000    0.000  0.651  0.007   -0.004 -0.001  0.002
 C          0.269  0.114 -0.000    0.352  0.212 -0.000   -0.192  0.613  0.004
 F         -0.263  0.138  0.000   -0.081  0.035  0.000    0.157 -0.137 -0.000
 F         -0.026 -0.105 -0.123   -0.051 -0.095 -0.101   -0.009 -0.110 -0.102
 F         -0.026 -0.104  0.123   -0.050 -0.094  0.100   -0.008 -0.109  0.100
 F         -0.086  0.000  0.000   -0.000 -0.187 -0.185   -0.018 -0.000 -0.000
 F         -0.086  0.000 -0.000   -0.000 -0.185  0.182   -0.018  0.001 -0.001
 F         -0.263 -0.139 -0.000    0.082  0.035  0.000    0.157  0.137  0.000
 F         -0.026  0.105  0.123    0.051 -0.094 -0.100   -0.009  0.110  0.102
 F         -0.026  0.104 -0.123    0.050 -0.094  0.100   -0.008  0.109 -0.100

 C          0.005 -0.000 -0.084    0.001  0.004 -0.647    0.027  0.033  0.645
 C          0.000 -0.002  0.912   -0.000  0.000  0.000    0.000  0.002  0.037
 C         -0.003 -0.003 -0.085    0.002 -0.004  0.647   -0.027  0.033  0.645
 F          0.001 -0.000  0.006   -0.001  0.001 -0.036    0.012 -0.009 -0.036
 F         -0.017 -0.016 -0.003   -0.022 -0.101 -0.170   -0.016 -0.103 -0.171
 F          0.018  0.018 -0.005    0.021  0.102 -0.171    0.018  0.093 -0.163
 F         -0.000 -0.146 -0.231   -0.025 -0.000 -0.000   -0.000 -0.053 -0.051
 F          0.000  0.148 -0.234    0.025 -0.000 -0.000   -0.000  0.048 -0.047
 F         -0.001 -0.001  0.006   -0.001 -0.001  0.036   -0.012 -0.009 -0.036
 F          0.017 -0.016 -0.003   -0.022  0.101  0.170    0.016 -0.103 -0.170
 F         -0.018  0.017 -0.005    0.021 -0.102  0.171   -0.018  0.093 -0.163

 C          0.413  0.502 -0.041   -0.510  0.157 -0.000    0.366 -0.350  0.001
 C         -0.000  0.036 -0.004    0.626 -0.003  0.000    0.003  0.627 -0.003
 C         -0.412  0.502 -0.041   -0.507 -0.153  0.000   -0.370 -0.351  0.000
 F          0.183 -0.144  0.002    0.080 -0.042 -0.000    0.088 -0.010 -0.000
 F          0.017 -0.066 -0.049    0.041  0.044  0.046    0.029  0.068  0.063
 F          0.015 -0.079  0.071    0.041  0.044 -0.046    0.029  0.068 -0.063
 F          0.000 -0.036 -0.029   -0.039  0.000  0.000   -0.000 -0.102 -0.089
 F          0.000 -0.043  0.036   -0.039  0.000 -0.000   -0.000 -0.102  0.090
 F         -0.184 -0.144  0.002    0.080  0.042  0.000   -0.087 -0.010 -0.000
 F         -0.017 -0.066 -0.049    0.041 -0.045 -0.047   -0.029  0.068  0.062
 F         -0.015 -0.079  0.071    0.041 -0.045  0.047   -0.029  0.068 -0.062