 C          0.000 -0.001  0.168    0.000  0.000  0.024    0.001  0.000  0.171
 C          0.000 -0.000 -0.025   -0.000 -0.000  0.030   -0.000 -0.000 -0.057
 C         -0.000  0.000 -0.005   -0.000 -0.000 -0.005    0.000 -0.001 -0.126
 C         -0.000  0.000  0.040   -0.000  0.000 -0.009    0.000  0.000  0.067
 F          0.000 -0.001 -0.114   -0.000  0.000  0.045    0.000  0.001  0.387
 F         -0.050 -0.141  0.136    0.019  0.046 -0.040    0.217  0.137 -0.013
 F          0.049  0.142  0.135   -0.019 -0.046 -0.039   -0.217 -0.137 -0.012
 F         -0.021  0.018 -0.015    0.008  0.019 -0.017   -0.045  0.174 -0.251
 F          0.021 -0.017 -0.014   -0.008 -0.019 -0.017    0.046 -0.175 -0.250
 F         -0.066  0.142 -0.125   -0.012 -0.033  0.056   -0.101  0.107 -0.138
 F          0.066 -0.142 -0.126    0.012  0.033  0.056    0.098 -0.107 -0.139
 O          0.000 -0.000 -0.072    0.001  0.000 -0.155   -0.000  0.000  0.411
 H         -0.002  0.001  0.685   -0.003  0.002  0.954    0.000  0.000  0.346
 H         -0.006 -0.229  0.326   -0.045 -0.102  0.096    0.170  0.013  0.154
 H          0.007  0.226  0.328    0.046  0.102  0.097   -0.167 -0.012  0.154

 C         -0.001  0.000 -0.146    0.092  0.102 -0.005    0.207 -0.033  0.004
 C          0.000  0.001 -0.066   -0.054 -0.119 -0.002    0.111 -0.152 -0.005
 C          0.000  0.001 -0.008   -0.021 -0.163 -0.000   -0.021  0.046 -0.011
 C         -0.001 -0.000  0.001    0.091  0.025 -0.000   -0.055  0.063 -0.006
 F          0.000 -0.002 -0.019   -0.081  0.236 -0.002    0.059 -0.084  0.002
 F          0.002 -0.027  0.020    0.246  0.044  0.001   -0.170  0.052 -0.008
 F         -0.004  0.027  0.020    0.246  0.048  0.002   -0.202  0.067  0.011
 F         -0.026 -0.054  0.034   -0.066 -0.170  0.010   -0.145  0.043 -0.006
 F          0.027  0.056  0.034   -0.064 -0.165 -0.006   -0.146  0.076  0.010
 F          0.048 -0.033 -0.046   -0.141 -0.125  0.004    0.192 -0.193  0.024
 F         -0.046  0.035 -0.045   -0.144 -0.124 -0.008    0.221 -0.175 -0.022
 O          0.001 -0.003  0.151   -0.107  0.373  0.004   -0.009  0.282  0.000
 H         -0.003 -0.006  0.815    0.022  0.573  0.025    0.142  0.516 -0.011
 H          0.088  0.199 -0.290    0.232  0.101 -0.012    0.355 -0.038  0.001
 H         -0.090 -0.197 -0.292    0.228  0.090 -0.006    0.351 -0.024  0.016

 C         -0.018  0.002  0.090   -0.002  0.000 -0.000    0.026  0.026  0.000
 C         -0.010  0.014 -0.085   -0.001  0.001 -0.123   -0.026 -0.059  0.000
 C          0.002 -0.004 -0.216    0.000 -0.000 -0.028    0.070  0.025 -0.000
 C          0.005 -0.006 -0.118    0.000 -0.000  0.102    0.236  0.142 -0.000
 F         -0.005  0.006  0.028   -0.001  0.001  0.019    0.626 -0.308  0.000
 F          0.352 -0.174  0.031   -0.256  0.113 -0.018    0.039  0.179 -0.049
 F         -0.320  0.163  0.029    0.259 -0.115 -0.018    0.040  0.179  0.048
 F          0.057 -0.330  0.033   -0.512 -0.031  0.006   -0.181  0.055 -0.013
 F         -0.031  0.320  0.031    0.514  0.030  0.005   -0.180  0.055  0.013
 F         -0.300 -0.142  0.035   -0.321 -0.153  0.015   -0.318 -0.076  0.022
 F          0.265  0.175  0.040    0.318  0.156  0.016   -0.318 -0.076 -0.021
 O          0.001 -0.024 -0.032   -0.001 -0.002  0.014    0.115 -0.100 -0.001
 H         -0.011 -0.044 -0.265   -0.001 -0.003 -0.173    0.049 -0.203 -0.001
 H         -0.004 -0.155  0.199    0.024 -0.031  0.013   -0.023  0.016  0.006
 H         -0.058  0.159  0.199   -0.029  0.031  0.013   -0.022  0.016 -0.005

 C          0.306  0.162 -0.000   -0.000  0.001 -0.227    0.017 -0.094 -0.001
 C          0.105  0.022  0.001   -0.000 -0.000  0.009   -0.028 -0.122  0.000
 C          0.006 -0.072  0.000   -0.000  0.000  0.030    0.103  0.000  0.000
 C         -0.068  0.014 -0.000    0.000 -0.000  0.067   -0.067  0.128  0.000
 F         -0.147  0.097 -0.000    0.000 -0.000  0.116   -0.067  0.133  0.000
 F         -0.111  0.022 -0.006   -0.112  0.030  0.044   -0.237  0.245 -0.081
 F         -0.111  0.022  0.006    0.114 -0.031  0.044   -0.236  0.245  0.081
 F         -0.084 -0.128  0.040    0.193  0.024  0.013    0.465 -0.010  0.005
 F         -0.084 -0.128 -0.040   -0.194 -0.024  0.013    0.464 -0.009 -0.004
 F         -0.092  0.054 -0.014   -0.231  0.039 -0.030   -0.193 -0.256  0.090
 F         -0.090  0.052  0.015    0.231 -0.040 -0.031   -0.192 -0.255 -0.090
 O          0.536 -0.080 -0.001   -0.001  0.000 -0.051   -0.030 -0.036 -0.000
 H          0.367 -0.349 -0.006   -0.001  0.000  0.033    0.001  0.012 -0.001
 H          0.259  0.149  0.008   -0.090  0.353 -0.469    0.053 -0.088 -0.001
 H          0.260  0.146 -0.012    0.089 -0.349 -0.473    0.054 -0.090 -0.001

 C          0.140  0.023  0.001    0.000 -0.001  0.137    0.000 -0.001 -0.029
 C          0.002 -0.060 -0.001    0.000  0.001 -0.174    0.001 -0.002  0.224
 C         -0.003  0.110 -0.001    0.000 -0.000 -0.105    0.000 -0.001 -0.182
 C         -0.011 -0.080  0.000    0.000  0.000  0.043    0.001  0.000 -0.158
 F         -0.164  0.079  0.000    0.000  0.001  0.186    0.001  0.002  0.301
 F          0.114 -0.246  0.114   -0.180  0.001  0.037   -0.129 -0.189 -0.088
 F          0.115 -0.247 -0.113    0.180 -0.000  0.037    0.127  0.187 -0.091
 F         -0.003  0.426 -0.215    0.116 -0.097 -0.062   -0.086 -0.181 -0.137
 F         -0.003  0.427  0.214   -0.116  0.095 -0.063    0.086  0.182 -0.136
 F         -0.168 -0.210  0.104    0.079 -0.162 -0.071    0.065  0.213  0.142
 F         -0.170 -0.208 -0.104   -0.080  0.163 -0.070   -0.065 -0.212  0.145
 O          0.204 -0.015  0.000    0.000 -0.000  0.032   -0.001  0.000 -0.022
 H          0.156 -0.093 -0.003    0.001 -0.000 -0.048   -0.000  0.002  0.031
 H          0.164  0.020  0.004    0.174 -0.393  0.409   -0.192  0.328 -0.255
 H          0.162  0.025  0.002   -0.173  0.390  0.413    0.192 -0.328 -0.259

 C          0.161 -0.219 -0.001    0.121 -0.247 -0.001   -0.000  0.000  0.006
 C          0.018 -0.211 -0.001    0.085 -0.181 -0.001    0.000 -0.000  0.104
 C         -0.029 -0.162  0.000    0.103  0.024  0.001   -0.000  0.000 -0.235
 C         -0.055 -0.133  0.001    0.140  0.200  0.000   -0.000  0.000  0.283
 F         -0.137 -0.141 -0.000    0.195  0.283 -0.003   -0.001 -0.001 -0.298
 F          0.046  0.113 -0.210   -0.144 -0.141  0.275    0.005  0.351  0.237
 F          0.046  0.113  0.210   -0.146 -0.146 -0.273   -0.004 -0.349  0.239
 F          0.022  0.075 -0.235    0.023 -0.008  0.036    0.025 -0.275 -0.220
 F          0.021  0.075  0.236    0.023 -0.010 -0.034   -0.025  0.275 -0.221
 F         -0.041  0.112 -0.318   -0.087  0.079 -0.247    0.048  0.122  0.093
 F         -0.040  0.111  0.318   -0.085  0.079  0.247   -0.047 -0.122  0.092
 O         -0.015  0.015  0.000   -0.105  0.004  0.000   -0.000 -0.000 -0.013
 H          0.135  0.247  0.001    0.088  0.305  0.002   -0.000 -0.000  0.015
 H          0.265 -0.227 -0.003    0.188 -0.253 -0.004   -0.106  0.171 -0.111
 H          0.265 -0.226  0.002    0.187 -0.252  0.003    0.104 -0.169 -0.113

 C         -0.164  0.229  0.001    0.136 -0.242 -0.001   -0.191  0.290  0.001
 C         -0.027  0.060  0.000    0.234  0.102 -0.000   -0.101 -0.083 -0.000
 C          0.072 -0.312  0.000    0.261  0.037 -0.000    0.024  0.045 -0.000
 C          0.162  0.009  0.000    0.233 -0.173  0.000    0.126 -0.082  0.000
 F          0.154  0.207 -0.001    0.011  0.210 -0.001    0.067  0.146 -0.000
 F         -0.129 -0.018  0.001   -0.077 -0.110 -0.281   -0.038 -0.088 -0.175
 F         -0.129 -0.019 -0.000   -0.076 -0.109  0.281   -0.038 -0.087  0.176
 F         -0.021 -0.092 -0.387   -0.080  0.027  0.058   -0.000  0.070  0.129
 F         -0.021 -0.091  0.387   -0.080  0.027 -0.058   -0.000  0.070 -0.129
 F          0.080  0.011  0.073   -0.070  0.081  0.162    0.037 -0.122 -0.211
 F          0.081  0.012 -0.074   -0.070  0.081 -0.161    0.038 -0.123  0.210
 O         -0.007 -0.012 -0.000   -0.143 -0.037  0.000    0.072  0.024 -0.000
 H         -0.177 -0.275 -0.000    0.161  0.442  0.002   -0.254 -0.486 -0.001
 H         -0.261  0.226  0.007    0.086 -0.237 -0.012   -0.219  0.287  0.012
 H         -0.262  0.228 -0.004    0.085 -0.237  0.009   -0.219  0.288 -0.009

 C         -0.062  0.198 -0.001   -0.000 -0.000  0.205    0.264  0.233  0.001
 C          0.425  0.058 -0.001    0.001 -0.000  0.112   -0.054 -0.145  0.000
 C          0.476 -0.004 -0.000    0.001 -0.000 -0.017   -0.044 -0.130 -0.000
 C          0.082 -0.016  0.000    0.000 -0.000 -0.008    0.024  0.006 -0.000
 F         -0.214 -0.141  0.001   -0.000 -0.000  0.000   -0.002 -0.004  0.000
 F          0.000  0.079  0.103   -0.002  0.003  0.004   -0.004  0.004  0.005
 F         -0.000  0.078 -0.104    0.002 -0.002  0.003   -0.004  0.004 -0.005
 F         -0.060  0.000 -0.003   -0.002  0.000  0.003    0.007  0.040  0.039
 F         -0.060 -0.000  0.003    0.002 -0.000  0.003    0.007  0.040 -0.039
 F         -0.041 -0.067 -0.082    0.013 -0.064 -0.071    0.011  0.038  0.037
 F         -0.041 -0.068  0.082   -0.014  0.064 -0.071    0.011  0.039 -0.037
 O         -0.141 -0.057  0.000   -0.000 -0.000 -0.041   -0.209 -0.163 -0.001
 H         -0.174 -0.095  0.001    0.002  0.003  0.012   -0.348 -0.353 -0.001
 H         -0.356  0.204  0.001   -0.282  0.587 -0.197    0.471  0.166  0.020
 H         -0.361  0.215  0.005    0.280 -0.584 -0.204    0.475  0.168 -0.017

 C          0.187  0.173  0.001   -0.003 -0.002 -0.140    0.060  0.047 -0.004
 C          0.295  0.182 -0.000    0.005 -0.007  0.284   -0.091  0.141  0.008
 C         -0.212  0.428 -0.001    0.000  0.004  0.109   -0.018 -0.087  0.010
 C         -0.372  0.137  0.000   -0.002  0.005 -0.081    0.026 -0.125 -0.003
 F          0.132  0.066 -0.000   -0.001 -0.001  0.004    0.016  0.018  0.000
 F          0.048 -0.083 -0.092   -0.001  0.008  0.017   -0.009  0.030  0.030
 F          0.048 -0.083  0.092    0.002 -0.011  0.020   -0.009  0.029 -0.029
 F          0.018 -0.121 -0.117   -0.008 -0.027 -0.036   -0.002  0.019  0.017
 F          0.018 -0.121  0.118    0.008  0.025 -0.034   -0.002  0.023 -0.023
 F         -0.031 -0.077 -0.073   -0.008 -0.046 -0.072    0.010 -0.036 -0.034
 F         -0.031 -0.077  0.073    0.006  0.050 -0.075    0.011 -0.033  0.029
 O         -0.158 -0.148 -0.001    0.001  0.005  0.056   -0.017 -0.098  0.002
 H          0.135  0.342  0.000   -0.025 -0.037  0.013    0.527  0.774  0.002
 H         -0.106  0.207 -0.015   -0.468 -0.421  0.173   -0.146  0.047  0.001
 H         -0.110  0.203  0.015    0.478  0.413  0.176   -0.121  0.073  0.010

 C         -0.002 -0.002  0.099   -0.032  0.060 -0.000    0.075 -0.012 -0.000
 C          0.004 -0.005 -0.203    0.075 -0.172  0.000   -0.333  0.223  0.001
 C          0.001  0.005  0.781   -0.082 -0.098  0.001    0.129  0.238 -0.000
 C         -0.001  0.005 -0.002    0.068  0.274 -0.001    0.335  0.323 -0.008
 F         -0.001 -0.001  0.001   -0.050 -0.053  0.000   -0.158 -0.112  0.001
 F          0.019 -0.028 -0.024    0.003 -0.049 -0.044   -0.013 -0.045 -0.035
 F         -0.018  0.025 -0.022    0.003 -0.049  0.045   -0.012 -0.047  0.039
 F          0.000 -0.122 -0.195    0.015  0.019  0.018   -0.012 -0.070 -0.062
 F         -0.000  0.120 -0.193    0.015  0.019 -0.018   -0.012 -0.070  0.063
 F         -0.013  0.001  0.023    0.001  0.031  0.028    0.020 -0.048 -0.042
 F          0.012  0.001  0.020    0.001  0.032 -0.029    0.021 -0.048  0.042
 O          0.000  0.004 -0.032    0.019 -0.034  0.000   -0.021 -0.053 -0.000
 H         -0.024 -0.035  0.009    0.392  0.559  0.001    0.047  0.059 -0.001
 H          0.181  0.271 -0.094   -0.423  0.082  0.001    0.483 -0.047  0.009
 H         -0.164 -0.276 -0.098   -0.430  0.084  0.000    0.475 -0.047 -0.010


 C          0.001  0.000 -0.029   -0.000 -0.000 -0.009   -0.024  0.092 -0.000
 C         -0.004  0.002  0.005   -0.000 -0.000  0.183   -0.290 -0.369 -0.001
 C          0.001  0.002 -0.012    0.000  0.000  0.008    0.397  0.253  0.000
 C          0.004  0.005  0.610    0.000 -0.000  0.074   -0.236 -0.085 -0.000
 F         -0.002 -0.001 -0.034    0.000  0.000 -0.004    0.034  0.037 -0.000
 F          0.018 -0.094 -0.158    0.002 -0.011 -0.019    0.019  0.004 -0.001
 F         -0.019  0.092 -0.158   -0.002  0.011 -0.019    0.019  0.004  0.002
 F          0.012 -0.020 -0.017   -0.003 -0.010 -0.009   -0.025 -0.040 -0.036
 F         -0.012  0.019 -0.015    0.003  0.009 -0.009   -0.025 -0.039  0.036
 F          0.005 -0.007 -0.008   -0.005 -0.017 -0.034    0.021  0.060  0.050
 F         -0.004  0.006 -0.007    0.004  0.018 -0.034    0.021  0.060 -0.050
 O         -0.000 -0.001  0.032   -0.000  0.000 -0.033    0.030 -0.058  0.000
 H          0.003  0.004  0.019   -0.001 -0.001 -0.023    0.391  0.518  0.000
 H         -0.509 -0.108  0.058    0.692  0.016 -0.026   -0.123  0.050  0.034
 H          0.515  0.107  0.058   -0.688 -0.014 -0.025   -0.122  0.054 -0.033

 C          0.058  0.053  0.000    0.197 -0.068 -0.000   -0.030 -0.078 -0.000
 C          0.078 -0.248 -0.001   -0.089  0.036  0.000    0.006 -0.010 -0.000
 C         -0.303  0.380 -0.000    0.035 -0.017  0.000    0.003 -0.002  0.000
 C          0.434 -0.324  0.000   -0.017  0.018 -0.000   -0.002  0.001 -0.000
 F         -0.077 -0.016  0.000    0.002 -0.000  0.000    0.000  0.000  0.000
 F         -0.037  0.068  0.064    0.001 -0.003 -0.003    0.000 -0.000 -0.000
 F         -0.037  0.067 -0.065    0.001 -0.003  0.003    0.000 -0.000  0.000
 F          0.019 -0.056 -0.047   -0.002  0.002  0.002   -0.000  0.000  0.000
 F          0.019 -0.056  0.048   -0.002  0.002 -0.002   -0.000  0.000 -0.000
 F         -0.007  0.033  0.029    0.006 -0.006 -0.005   -0.001  0.002  0.001
 F         -0.007  0.033 -0.029    0.006 -0.006  0.005   -0.001  0.002 -0.001
 O         -0.002 -0.003  0.000   -0.017  0.046 -0.000    0.001 -0.011 -0.000
 H          0.029  0.044 -0.000   -0.234 -0.307 -0.000    0.030  0.034  0.000
 H         -0.398  0.129 -0.031   -0.611  0.105 -0.106    0.130  0.549 -0.421
 H         -0.398  0.129  0.033   -0.613  0.102  0.107    0.133  0.544  0.426

 C         -0.001  0.066 -0.000   -0.000  0.000 -0.096    0.000  0.002 -0.000
 C          0.001 -0.000 -0.000   -0.000  0.000 -0.003    0.000  0.000 -0.000
 C         -0.001  0.001  0.000    0.000 -0.000 -0.001   -0.000 -0.000  0.000
 C          0.000 -0.000  0.000   -0.000  0.000 -0.000   -0.000  0.000  0.000
 F         -0.000 -0.000  0.000    0.000 -0.000  0.000    0.000  0.000 -0.000
 F          0.000 -0.000 -0.000   -0.000  0.000  0.000    0.000 -0.000 -0.000
 F          0.000 -0.000  0.000    0.000 -0.000  0.000    0.000 -0.000  0.000
 F          0.000 -0.000 -0.000   -0.000  0.000  0.000    0.000 -0.000  0.000
 F          0.000 -0.000  0.000    0.000 -0.000  0.000    0.000 -0.000 -0.000
 F          0.000 -0.000 -0.000   -0.000  0.000  0.001    0.000 -0.000 -0.000
 F          0.000 -0.000  0.000    0.000 -0.000  0.001    0.000 -0.000  0.000
 O          0.002  0.000 -0.000   -0.000 -0.000  0.000   -0.054  0.032 -0.000
 H          0.003  0.005  0.000   -0.000  0.000  0.002    0.845 -0.531  0.004
 H         -0.015 -0.390 -0.584    0.010  0.406  0.579    0.003  0.001 -0.001
 H         -0.015 -0.399  0.586   -0.010 -0.408  0.569    0.003  0.001  0.001