C   0.0312761894  0.3325787020  0.3921268865
C   2.5142844942  0.0353324016  -1.1018386595
C   4.9252439858  -0.2835608636  0.5070413448
F   6.8883627397  -0.4438221189  -1.0296201641
F   5.2462201872  1.6753003640  2.0249457599
F   4.8064974814  -2.3659705248  1.8823453710
F   2.3117514665  -1.9952204678  -2.5857606942
F   2.8193626358  2.0865350996  -2.5388803036
O   -1.8742344892  0.5212469788  -1.3312789038
C   -4.2282007527  0.9583221242  -0.4466698579
C   -5.9000882724  -0.8370204200  -0.0609353490
F   -8.2214424924  -0.3996087286  0.6493289954
F   -5.4264304378  -3.2397925390  -0.3563925299
F   -4.8175121090  3.3663577508  -0.1548723274
F   0.1446395410  2.3743489791  1.8640478488
F   -0.3138065626  -1.6585597583  1.9017341595
momentum
22.833454942307966  -1.4834831075434474  7.125492822781
26.06873441723347  -15.975361603124957  25.515433580062037
21.27252476656742  24.506641763351247  -3.7213155095200414
-40.99382330151476  -16.701595871823752  -12.66411184720206
0.6326881117786679  -11.071420476483757  20.645631432761643
8.70571772011631  68.91181264036119  -37.1426381972717
-35.76793465695312  25.067919715476787  4.970523818780305
-17.692645762244773  40.5421697047312  -26.776641429416422
41.77288590839417  -91.3658434522152  -14.172743433303344
-19.496154798531514  41.716073793297895  5.114665806370506
-1.8906676354456895  16.73665419889383  -25.208192414764902
-27.914706216731464  -32.23498501773502  -23.563283365120487
-35.87119205816768  8.04269928846  18.408964830711742
82.15228519250044  28.768403634395124  -6.143614994116532
-22.66681732420431  -52.87805026029074  -0.8214126330272539
-1.216600197157729  -32.64809600611583  68.06474885732074
