C   0.0312761894  0.3325787020  0.3921268865
C   2.5142844942  0.0353324016  -1.1018386595
C   4.9252439858  -0.2835608636  0.5070413448
F   6.8883627397  -0.4438221189  -1.0296201641
F   5.2462201872  1.6753003640  2.0249457599
F   4.8064974814  -2.3659705248  1.8823453710
F   2.3117514665  -1.9952204678  -2.5857606942
F   2.8193626358  2.0865350996  -2.5388803036
O   -1.8742344892  0.5212469788  -1.3312789038
C   -4.2282007527  0.9583221242  -0.4466698579
C   -5.9000882724  -0.8370204200  -0.0609353490
F   -8.2214424924  -0.3996087286  0.6493289954
F   -5.4264304378  -3.2397925390  -0.3563925299
F   -4.8175121090  3.3663577508  -0.1548723274
F   0.1446395410  2.3743489791  1.8640478488
F   -0.3138065626  -1.6585597583  1.9017341595
momentum
-9.201469555407126  8.687228988849336  20.19206238308735
14.580670853334558  -19.304882240154743  63.70830578817397
-4.9680422935625  16.342616686076855  -4.084377820592924
33.39418738768138  -43.329730278189345  -50.12701583784869
-40.82201934838044  -33.2787637741893  -17.032419529543105
24.242016659737235  22.14983890156754  1.2347317475714723
43.16605742575727  26.09030793185717  -8.903376060522433
2.8007091568255134  -20.607558749989312  5.164336044902498
-33.34169212861392  16.682635539302968  44.41832935468967
-22.225986783932218  28.37237762924153  -19.105384484911887
17.024809325328956  8.879237103978065  -26.43239531766957
26.75033544703716  2.3666671953776253  -29.757353468669496
-26.33614887733042  19.691011935121008  31.63693337523588
-28.69169651524514  -58.14149641534186  12.543364559149836
-20.430965986003226  9.934595317730194  1.28739160839492
24.35677954687262  15.204882308744015  -24.897596408947607
