C   0.0312761894  0.3325787020  0.3921268865
C   2.5142844942  0.0353324016  -1.1018386595
C   4.9252439858  -0.2835608636  0.5070413448
F   6.8883627397  -0.4438221189  -1.0296201641
F   5.2462201872  1.6753003640  2.0249457599
F   4.8064974814  -2.3659705248  1.8823453710
F   2.3117514665  -1.9952204678  -2.5857606942
F   2.8193626358  2.0865350996  -2.5388803036
O   -1.8742344892  0.5212469788  -1.3312789038
C   -4.2282007527  0.9583221242  -0.4466698579
C   -5.9000882724  -0.8370204200  -0.0609353490
F   -8.2214424924  -0.3996087286  0.6493289954
F   -5.4264304378  -3.2397925390  -0.3563925299
F   -4.8175121090  3.3663577508  -0.1548723274
F   0.1446395410  2.3743489791  1.8640478488
F   -0.3138065626  -1.6585597583  1.9017341595
momentum
11.878906416553589  39.72108829392326  8.10671311713199
-19.492349212092993  -24.679201887297058  10.702279346179791
18.893981054268124  3.4769546907615534  -23.532120164949813
-5.066536356461867  2.8181475821316564  -38.555679540490914
43.675028830071476  -13.98278331289959  -14.637116932031267
14.087158814023223  -2.760170867580854  51.40401613445536
51.26024628375424  -21.538039636449334  5.204860140466988
-5.949482930620999  12.23059666146782  13.95685230036048
7.666118166750222  -9.817347873119099  12.288641045459688
6.8321687220372365  -34.48964122598124  5.252918542491495
-17.73528606939141  21.215302409861778  12.383368870734406
-23.617804351758775  -33.7159962633009  -6.24567634490379
-25.716312528828936  12.01603588995761  -58.62810096278795
-24.87344080493833  -3.431864162329893  31.216839596780254
32.58846531210013  37.22278425969235  -19.603733615690896
-64.33750146884579  15.622491252680899  10.844682257813398
