C   0.0312761894  0.3325787020  0.3921268865
C   2.5142844942  0.0353324016  -1.1018386595
C   4.9252439858  -0.2835608636  0.5070413448
F   6.8883627397  -0.4438221189  -1.0296201641
F   5.2462201872  1.6753003640  2.0249457599
F   4.8064974814  -2.3659705248  1.8823453710
F   2.3117514665  -1.9952204678  -2.5857606942
F   2.8193626358  2.0865350996  -2.5388803036
O   -1.8742344892  0.5212469788  -1.3312789038
C   -4.2282007527  0.9583221242  -0.4466698579
C   -5.9000882724  -0.8370204200  -0.0609353490
F   -8.2214424924  -0.3996087286  0.6493289954
F   -5.4264304378  -3.2397925390  -0.3563925299
F   -4.8175121090  3.3663577508  -0.1548723274
F   0.1446395410  2.3743489791  1.8640478488
F   -0.3138065626  -1.6585597583  1.9017341595
momentum
7.703933572593484  9.799634206221674  -10.59019773933966
-37.329015789485275  15.119476918033943  32.64475772409021
4.315934714910649  28.75059957265155  27.85743631798878
-21.58721962794755  61.81873439630926  -19.820853617146216
-0.3928292604727275  -61.27857350121095  15.168959062822438
46.87516264224178  -13.222539247819165  -26.83416921513493
2.8365329827853403  20.334671836495815  14.621864836095858
10.032723818564333  -29.16120632813671  -43.88639074252748
51.39869263077696  -44.163085711314956  20.696694326367954
-2.5118726595833656  1.219835466998405  38.0394646757039
21.44330875443469  6.992354102669273  -27.374902403972023
-30.8506490003615  -20.00055369099015  10.971010244537425
-10.61895723864835  30.87395759142562  42.49830180696783
35.70647825468331  7.209232283905922  -59.5570746427631
-5.20346072511519  6.922118676499743  24.04346840362601
-72.00334024254617  -21.55396161573037  -38.60390386907061
