C   0.0312761894  0.3325787020  0.3921268865
C   2.5142844942  0.0353324016  -1.1018386595
C   4.9252439858  -0.2835608636  0.5070413448
F   6.8883627397  -0.4438221189  -1.0296201641
F   5.2462201872  1.6753003640  2.0249457599
F   4.8064974814  -2.3659705248  1.8823453710
F   2.3117514665  -1.9952204678  -2.5857606942
F   2.8193626358  2.0865350996  -2.5388803036
O   -1.8742344892  0.5212469788  -1.3312789038
C   -4.2282007527  0.9583221242  -0.4466698579
C   -5.9000882724  -0.8370204200  -0.0609353490
F   -8.2214424924  -0.3996087286  0.6493289954
F   -5.4264304378  -3.2397925390  -0.3563925299
F   -4.8175121090  3.3663577508  -0.1548723274
F   0.1446395410  2.3743489791  1.8640478488
F   -0.3138065626  -1.6585597583  1.9017341595
momentum
56.0411930162674  16.429293434805892  -4.760696205135877
-13.28191874491212  3.7926922763997735  16.004233832077094
12.384197639749669  -23.56141758968516  -18.223541051650333
16.428322772527512  32.678812760704304  0.016850071230399475
36.01934893495148  19.154029244917492  10.238286195149046
-70.27316832133128  -8.541906993233686  -5.42357602327459
-24.26814636344647  -8.713209441049019  39.10710045766988
-26.61844894505741  -1.7353618457534228  -42.50539854848318
-19.9350569428756  -19.11034762875955  8.637143983088263
27.24799417574632  -50.40034728776361  3.109114664498541
-14.522312377333481  -3.3507604201158165  9.154465731231305
-47.095448493774434  -12.377282543772546  -33.44176115850031
3.71061227544444  8.584023878423602  -33.80112893786413
6.314097283020096  25.49818201665975  27.63721129707937
43.080299726687706  27.268680931794115  8.834039091575493
14.674383826281124  -5.539000024576276  15.259506964256559
