C   0.0312761894  0.3325787020  0.3921268865
C   2.5142844942  0.0353324016  -1.1018386595
C   4.9252439858  -0.2835608636  0.5070413448
F   6.8883627397  -0.4438221189  -1.0296201641
F   5.2462201872  1.6753003640  2.0249457599
F   4.8064974814  -2.3659705248  1.8823453710
F   2.3117514665  -1.9952204678  -2.5857606942
F   2.8193626358  2.0865350996  -2.5388803036
O   -1.8742344892  0.5212469788  -1.3312789038
C   -4.2282007527  0.9583221242  -0.4466698579
C   -5.9000882724  -0.8370204200  -0.0609353490
F   -8.2214424924  -0.3996087286  0.6493289954
F   -5.4264304378  -3.2397925390  -0.3563925299
F   -4.8175121090  3.3663577508  -0.1548723274
F   0.1446395410  2.3743489791  1.8640478488
F   -0.3138065626  -1.6585597583  1.9017341595
momentum
-22.81846928452138  -58.21606270925574  17.52814770733367
35.83956038521632  10.411474871333429  8.043537357612724
-47.29772329581257  -10.047466033640589  -3.087428572483941
-2.13718915321875  -30.573796259042727  -17.78011391977052
34.836647869747054  34.53197146392013  -65.34748813596383
-27.607035912927184  34.147263377828175  9.239397462735367
-2.520240095586735  20.984135031538344  34.00449622269915
-18.610186006674503  -16.840001339678683  42.244838392534554
-20.877493905312264  23.546987977322846  -15.293867207634998
24.987289255649628  28.107560406649704  2.5031275863120364
15.067194698489615  -19.11647392776186  -35.433834174404964
8.70262050240458  -19.749362306683473  -38.43053462908251
7.704113564208042  24.50134237919487  28.697127210510708
41.716108729437366  -17.988447436571008  44.17358959250608
-19.612727262187832  0.6260820839355281  6.850497428542379
-7.714705593458647  -4.6268613742307885  -17.834063499011396
