C   0.0312761894  0.3325787020  0.3921268865
C   2.5142844942  0.0353324016  -1.1018386595
C   4.9252439858  -0.2835608636  0.5070413448
F   6.8883627397  -0.4438221189  -1.0296201641
F   5.2462201872  1.6753003640  2.0249457599
F   4.8064974814  -2.3659705248  1.8823453710
F   2.3117514665  -1.9952204678  -2.5857606942
F   2.8193626358  2.0865350996  -2.5388803036
O   -1.8742344892  0.5212469788  -1.3312789038
C   -4.2282007527  0.9583221242  -0.4466698579
C   -5.9000882724  -0.8370204200  -0.0609353490
F   -8.2214424924  -0.3996087286  0.6493289954
F   -5.4264304378  -3.2397925390  -0.3563925299
F   -4.8175121090  3.3663577508  -0.1548723274
F   0.1446395410  2.3743489791  1.8640478488
F   -0.3138065626  -1.6585597583  1.9017341595
momentum
46.674542280422465  -50.62031292827883  -10.295774478857549
-3.571684864837011  26.234233032164813  18.282447611113863
30.62549234516063  -17.66059088086025  5.654802012168831
-7.596801883633623  34.05213269388542  -37.76943127400151
-28.446145800677158  -34.73120722348648  18.517162619724232
-6.493319607237724  -4.226264745149106  -53.928462489859236
8.92328373550309  9.91718395891425  44.22770061429021
39.09940648573095  -43.74517168574927  -4.228277125829349
-12.964728601474008  11.899533873799182  -24.273475693549212
-8.9691664702269  6.884333642568291  -45.65889424210935
-17.13734944665179  37.05900816876168  10.24606288936249
29.637176891071945  -13.072712908906542  -34.15641445131126
58.749740230414716  22.175373553096808  54.006740050475074
-47.99994074224637  10.931582388483061  33.88512879915989
-58.25976046193262  5.006880952354581  -8.39235985339028
-21.804909279840267  0.5517008026794784  33.85896440677984
