C   0.0312761894  0.3325787020  0.3921268865
C   2.5142844942  0.0353324016  -1.1018386595
C   4.9252439858  -0.2835608636  0.5070413448
F   6.8883627397  -0.4438221189  -1.0296201641
F   5.2462201872  1.6753003640  2.0249457599
F   4.8064974814  -2.3659705248  1.8823453710
F   2.3117514665  -1.9952204678  -2.5857606942
F   2.8193626358  2.0865350996  -2.5388803036
O   -1.8742344892  0.5212469788  -1.3312789038
C   -4.2282007527  0.9583221242  -0.4466698579
C   -5.9000882724  -0.8370204200  -0.0609353490
F   -8.2214424924  -0.3996087286  0.6493289954
F   -5.4264304378  -3.2397925390  -0.3563925299
F   -4.8175121090  3.3663577508  -0.1548723274
F   0.1446395410  2.3743489791  1.8640478488
F   -0.3138065626  -1.6585597583  1.9017341595
momentum
32.39314983158901  1.2087512904414182  15.080119532995054
-21.92296287870462  -14.93765428996083  39.11008721519337
21.791914502231364  -25.88163800631072  -34.509300386553576
-44.70283479252642  13.415954611090791  19.623079705306093
24.526189594437767  -1.626029373822997  -6.479739317579021
3.5310864008691323  -5.610408776572918  -10.241852642882419
63.064511659437855  19.927764723829135  -3.5929896360399245
-32.905813407324736  4.34582223771778  -2.8307535511016444
-43.983865589283084  -34.225119550609  22.83400443015289
-28.86439214324305  -27.057692221682853  21.295243499380188
5.625760069308885  80.38379187003301  -26.46912636783921
16.090368591350167  -2.6803994329401277  -22.33847905631745
3.435254801982102  39.88514117809104  14.194788899947575
-13.867506911293203  -47.49732497737274  -18.566401828428877
-8.117711362884355  -18.54562511308142  -7.550946582556318
24.128697130855684  18.66675300313212  0.2006085572741772
