C   0.0312761894  0.3325787020  0.3921268865
C   2.5142844942  0.0353324016  -1.1018386595
C   4.9252439858  -0.2835608636  0.5070413448
F   6.8883627397  -0.4438221189  -1.0296201641
F   5.2462201872  1.6753003640  2.0249457599
F   4.8064974814  -2.3659705248  1.8823453710
F   2.3117514665  -1.9952204678  -2.5857606942
F   2.8193626358  2.0865350996  -2.5388803036
O   -1.8742344892  0.5212469788  -1.3312789038
C   -4.2282007527  0.9583221242  -0.4466698579
C   -5.9000882724  -0.8370204200  -0.0609353490
F   -8.2214424924  -0.3996087286  0.6493289954
F   -5.4264304378  -3.2397925390  -0.3563925299
F   -4.8175121090  3.3663577508  -0.1548723274
F   0.1446395410  2.3743489791  1.8640478488
F   -0.3138065626  -1.6585597583  1.9017341595
momentum
-10.041163020272695  -25.420268396705605  30.98494123793542
-39.252444021894206  -23.78428943556298  -20.59962622346272
12.975690437348202  -30.875970554244947  -14.985744255992794
-33.79803332599145  26.818808875586004  4.8799668162008025
-135.41858768520962  5.661487991729986  -39.567375093436574
9.495102135270592  26.11279638930509  16.996776507723396
-24.701408483434676  -23.45825855482508  36.24188231414413
28.18585942213403  17.48318177391393  9.479852365519108
-0.2540477970157705  43.220682243356414  -70.08900095791299
91.00258360877085  9.73633009785029  21.556021967329176
0.6269313704409245  -42.85908336567438  13.92625633063572
60.652049788082735  1.5661791712500022  15.186531447389857
4.143045946554061  21.88501712629576  -46.90817888138947
5.810797775540762  26.321931561291137  19.482515942020495
28.061270030649357  -18.85050486436431  -18.820847222796537
2.892579583413117  -12.744825696264403  42.596635674102245
