C   0.0312761894  0.3325787020  0.3921268865
C   2.5142844942  0.0353324016  -1.1018386595
C   4.9252439858  -0.2835608636  0.5070413448
F   6.8883627397  -0.4438221189  -1.0296201641
F   5.2462201872  1.6753003640  2.0249457599
F   4.8064974814  -2.3659705248  1.8823453710
F   2.3117514665  -1.9952204678  -2.5857606942
F   2.8193626358  2.0865350996  -2.5388803036
O   -1.8742344892  0.5212469788  -1.3312789038
C   -4.2282007527  0.9583221242  -0.4466698579
C   -5.9000882724  -0.8370204200  -0.0609353490
F   -8.2214424924  -0.3996087286  0.6493289954
F   -5.4264304378  -3.2397925390  -0.3563925299
F   -4.8175121090  3.3663577508  -0.1548723274
F   0.1446395410  2.3743489791  1.8640478488
F   -0.3138065626  -1.6585597583  1.9017341595
momentum
12.510397922892876  32.40135030653367  -7.400103369605341
8.344512845676798  -23.16882244381062  -15.941116703474389
-22.561688531937076  16.149882646637565  18.17080751139884
76.73002082572741  6.956746936526583  -34.78420082060614
5.563280492715042  3.4880433661551753  -3.841824632025424
5.670806812809808  -3.1503935143398203  56.48824953731318
-7.661866950721338  33.37008550099494  9.777642274383641
-5.219836911922032  -16.52656669066612  -12.904928009070904
-23.762783298312733  5.6435792402783065  -9.091390835086393
28.00965160142711  -4.751318588651474  13.038630233992203
18.44610054810497  7.532265892782275  6.006244933059783
-12.827506919189565  -4.3862228077075285  26.817983310334913
-26.856749025866655  -25.75571728732527  -15.745429228942527
-23.688405979404724  42.689988873689586  -15.493726633747379
-0.1300777167632604  -40.81160261027115  5.1469700270690515
-32.727514648728835  -29.840382163516242  -20.06120992925393
