C   0.0312761894  0.3325787020  0.3921268865
C   2.5142844942  0.0353324016  -1.1018386595
C   4.9252439858  -0.2835608636  0.5070413448
F   6.8883627397  -0.4438221189  -1.0296201641
F   5.2462201872  1.6753003640  2.0249457599
F   4.8064974814  -2.3659705248  1.8823453710
F   2.3117514665  -1.9952204678  -2.5857606942
F   2.8193626358  2.0865350996  -2.5388803036
O   -1.8742344892  0.5212469788  -1.3312789038
C   -4.2282007527  0.9583221242  -0.4466698579
C   -5.9000882724  -0.8370204200  -0.0609353490
F   -8.2214424924  -0.3996087286  0.6493289954
F   -5.4264304378  -3.2397925390  -0.3563925299
F   -4.8175121090  3.3663577508  -0.1548723274
F   0.1446395410  2.3743489791  1.8640478488
F   -0.3138065626  -1.6585597583  1.9017341595
momentum
18.741418110231727  21.43756348572781  28.996742204790305
8.548441953115713  -14.673903271203809  15.112054137156536
-6.037193633790735  9.26325516107549  -18.257008607269416
-27.875476986823237  9.515234906669615  -1.5263213326680884
15.888729137437663  -6.333600554004412  -0.19801581359440532
-17.56157229610302  24.929012657369164  11.462451570185408
41.84823880682683  -9.9345500821656  -12.208765576814516
-5.304758661628096  34.77629530997118  -8.412011256130878
-7.256056520356588  6.474809666996632  -22.759616906819062
-31.541863902758067  -34.7770895107637  -11.367996471512729
-18.760353987774483  50.59059978022831  17.02367477349168
20.577904143684577  -2.6422122070616556  22.109024593702006
-6.147401396308579  -6.367594177690236  13.718592274394517
32.89906544163379  -24.39775722128796  -49.41644451019516
29.019941725308573  -47.002115134282846  43.923451559159545
-46.82998113266359  -11.07965821640538  -28.362279768683955
