C   0.0312761894  0.3325787020  0.3921268865
C   2.5142844942  0.0353324016  -1.1018386595
C   4.9252439858  -0.2835608636  0.5070413448
F   6.8883627397  -0.4438221189  -1.0296201641
F   5.2462201872  1.6753003640  2.0249457599
F   4.8064974814  -2.3659705248  1.8823453710
F   2.3117514665  -1.9952204678  -2.5857606942
F   2.8193626358  2.0865350996  -2.5388803036
O   -1.8742344892  0.5212469788  -1.3312789038
C   -4.2282007527  0.9583221242  -0.4466698579
C   -5.9000882724  -0.8370204200  -0.0609353490
F   -8.2214424924  -0.3996087286  0.6493289954
F   -5.4264304378  -3.2397925390  -0.3563925299
F   -4.8175121090  3.3663577508  -0.1548723274
F   0.1446395410  2.3743489791  1.8640478488
F   -0.3138065626  -1.6585597583  1.9017341595
momentum
37.17504764610625  -49.65552037623133  21.157225593115605
-28.492611347171497  20.84181321070935  -14.886383862110849
11.885440789537737  17.825845819831354  -40.63249811444445
-27.85286950410259  -18.88767425271402  -3.0899466781836273
-3.5313159558361518  36.851539380215534  55.35632905980911
-7.810820552177906  22.655656341592618  46.86048628417582
-17.505517259008162  -13.204529924408405  12.203424426741863
-54.25376237536854  24.162098754987657  47.381199943634876
18.079985862835727  -85.75036139672736  -109.99235316027284
-20.54610217847454  14.06936174580431  15.568065985803788
58.51322187471481  48.48785355755751  21.157778894053344
8.676410181110242  -19.914820711378557  -3.3628313918725246
-27.452733169792904  2.454730457675668  13.254274226178788
5.991851254138591  74.05106735116098  14.793076360814247
15.94697177033192  7.901507770685146  -32.67201883089669
31.30816790610982  -81.50498432771558  -42.0548316236334
