C   0.0312761894  0.3325787020  0.3921268865
C   2.5142844942  0.0353324016  -1.1018386595
C   4.9252439858  -0.2835608636  0.5070413448
F   6.8883627397  -0.4438221189  -1.0296201641
F   5.2462201872  1.6753003640  2.0249457599
F   4.8064974814  -2.3659705248  1.8823453710
F   2.3117514665  -1.9952204678  -2.5857606942
F   2.8193626358  2.0865350996  -2.5388803036
O   -1.8742344892  0.5212469788  -1.3312789038
C   -4.2282007527  0.9583221242  -0.4466698579
C   -5.9000882724  -0.8370204200  -0.0609353490
F   -8.2214424924  -0.3996087286  0.6493289954
F   -5.4264304378  -3.2397925390  -0.3563925299
F   -4.8175121090  3.3663577508  -0.1548723274
F   0.1446395410  2.3743489791  1.8640478488
F   -0.3138065626  -1.6585597583  1.9017341595
momentum
-30.0255492463693  -19.507762546339183  8.921992984204792
-30.33693686593562  23.227398579435697  -27.567997840389264
-1.552172503482649  4.671974760305004  9.455323279075659
-16.339069437989952  -44.22592284003639  29.540956930168978
-9.628290147144444  75.89247126716693  -12.077794698409498
59.468736702866494  -21.447041698171518  -14.505258433451734
-1.4692766391565402  -5.412312553226182  6.57741872648828
4.119619058134735  -22.487200660909394  -19.506241776509345
9.576132100771403  -7.541016939578959  -30.649148156332817
15.599480156257044  4.508159019554707  29.645555230110837
-17.443070679116502  12.424853481945728  46.37745844335444
26.709709724581277  61.64895796393665  -25.144099687794213
57.44187698722332  23.122068505040172  -21.697344838659788
-18.01026384660883  -48.4245700340951  -1.1772128717317256
-46.525059923951176  -19.78244088662215  54.08614852945957
-1.4802853932095337  -16.32903327980123  -32.14282463556114
