C   0.0312761894  0.3325787020  0.3921268865
C   2.5142844942  0.0353324016  -1.1018386595
C   4.9252439858  -0.2835608636  0.5070413448
F   6.8883627397  -0.4438221189  -1.0296201641
F   5.2462201872  1.6753003640  2.0249457599
F   4.8064974814  -2.3659705248  1.8823453710
F   2.3117514665  -1.9952204678  -2.5857606942
F   2.8193626358  2.0865350996  -2.5388803036
O   -1.8742344892  0.5212469788  -1.3312789038
C   -4.2282007527  0.9583221242  -0.4466698579
C   -5.9000882724  -0.8370204200  -0.0609353490
F   -8.2214424924  -0.3996087286  0.6493289954
F   -5.4264304378  -3.2397925390  -0.3563925299
F   -4.8175121090  3.3663577508  -0.1548723274
F   0.1446395410  2.3743489791  1.8640478488
F   -0.3138065626  -1.6585597583  1.9017341595
momentum
-2.658594903089784  -34.13905263150161  6.021777717842287
34.125158438784716  41.7814530041104  4.734555293524085
7.223123616313896  -11.674929819615306  2.4626926611319724
-62.472973106880076  -6.856212357372068  9.294370655754003
-27.239940848430205  21.7454214117462  14.553528438020228
15.573669111241232  18.3462179432326  -7.198334088006631
10.636148589087732  44.557192075012274  -25.81366665226148
2.3870162314877623  -37.8047710443894  -13.462774874061571
51.75390736361544  19.94523114065846  43.74848901286918
-20.433045076308005  -31.799040612865856  -30.049934252588134
18.75923361898747  16.074519773760517  49.30123036332654
11.909913945775324  15.09631511605017  -64.11299813259252
-0.21719887363467327  63.64048850841955  65.93749255854335
-7.563932085978599  -35.32615784729918  20.529816936753047
-10.599719134415377  -55.4144127377434  -49.25998212129501
-21.021218337164864  -28.004206971641604  -26.847773652130588
