C   0.0312761894  0.3325787020  0.3921268865
C   2.5142844942  0.0353324016  -1.1018386595
C   4.9252439858  -0.2835608636  0.5070413448
F   6.8883627397  -0.4438221189  -1.0296201641
F   5.2462201872  1.6753003640  2.0249457599
F   4.8064974814  -2.3659705248  1.8823453710
F   2.3117514665  -1.9952204678  -2.5857606942
F   2.8193626358  2.0865350996  -2.5388803036
O   -1.8742344892  0.5212469788  -1.3312789038
C   -4.2282007527  0.9583221242  -0.4466698579
C   -5.9000882724  -0.8370204200  -0.0609353490
F   -8.2214424924  -0.3996087286  0.6493289954
F   -5.4264304378  -3.2397925390  -0.3563925299
F   -4.8175121090  3.3663577508  -0.1548723274
F   0.1446395410  2.3743489791  1.8640478488
F   -0.3138065626  -1.6585597583  1.9017341595
momentum
3.9802543309937195  -17.56559328953042  -14.060642590100763
25.67006517668431  1.9981092959537936  -6.810529391544895
-12.644277944773599  -10.108354604779686  -11.201457772345249
15.680942930942463  27.33479773359466  73.86908996212325
-12.90386325171841  31.825500154613604  -65.35376756219166
7.368955165994302  13.577259320757031  -15.475750744012364
-21.034908487230997  -41.777902698153454  -1.0354092457085904
-38.81818337587146  -5.399792277341335  9.72327638228629
58.21623695538223  26.070087502984542  30.776865763644764
36.42118659594633  15.604000901054908  -15.978104388221174
22.90092388362251  13.053220429685759  1.6373672145211413
-39.81456549712074  -21.14887792244906  8.173699144436307
-24.136555592780745  85.38819140136502  -4.501796362286391
-26.33223339469644  -42.65636542027082  1.451578687179947
8.250106188750157  -32.265834480365996  7.1637316850856285
-2.5156582575981763  -44.328479869867685  1.7602060591193784
