C   0.0312761894  0.3325787020  0.3921268865
C   2.5142844942  0.0353324016  -1.1018386595
C   4.9252439858  -0.2835608636  0.5070413448
F   6.8883627397  -0.4438221189  -1.0296201641
F   5.2462201872  1.6753003640  2.0249457599
F   4.8064974814  -2.3659705248  1.8823453710
F   2.3117514665  -1.9952204678  -2.5857606942
F   2.8193626358  2.0865350996  -2.5388803036
O   -1.8742344892  0.5212469788  -1.3312789038
C   -4.2282007527  0.9583221242  -0.4466698579
C   -5.9000882724  -0.8370204200  -0.0609353490
F   -8.2214424924  -0.3996087286  0.6493289954
F   -5.4264304378  -3.2397925390  -0.3563925299
F   -4.8175121090  3.3663577508  -0.1548723274
F   0.1446395410  2.3743489791  1.8640478488
F   -0.3138065626  -1.6585597583  1.9017341595
momentum
-9.735362268589354  27.038210302709995  22.42247301406212
-19.308398083235243  -7.629427745848564  0.6379079720446079
14.033948974863172  4.902118080462813  -38.81108616802032
-39.142525004561755  15.02363921730141  56.67537869165326
-22.678833435241327  14.880712861078358  -63.617319597412745
41.33322504840229  -57.761739021308045  -18.138791700045875
20.06972945554958  24.063107950752514  -22.053652608837922
-5.496999176024585  -5.922705221787691  49.80473403031172
22.567338238532678  -16.58948284288522  -45.17215943345194
8.793471874047654  -17.98834603102428  47.40296975884572
25.066491862509857  -14.200477534932663  -10.152958982747883
-0.08371724581301918  20.902781141708324  -24.278434208412296
-4.601523078484747  -19.52873441488164  32.294985329666645
8.092760545991805  22.634162734761155  -23.396762613863775
9.021668931596674  7.958032283406965  18.685653525467632
-47.85671975827113  2.5542312099137314  17.838054701193915
