C   0.0312761894  0.3325787020  0.3921268865
C   2.5142844942  0.0353324016  -1.1018386595
C   4.9252439858  -0.2835608636  0.5070413448
F   6.8883627397  -0.4438221189  -1.0296201641
F   5.2462201872  1.6753003640  2.0249457599
F   4.8064974814  -2.3659705248  1.8823453710
F   2.3117514665  -1.9952204678  -2.5857606942
F   2.8193626358  2.0865350996  -2.5388803036
O   -1.8742344892  0.5212469788  -1.3312789038
C   -4.2282007527  0.9583221242  -0.4466698579
C   -5.9000882724  -0.8370204200  -0.0609353490
F   -8.2214424924  -0.3996087286  0.6493289954
F   -5.4264304378  -3.2397925390  -0.3563925299
F   -4.8175121090  3.3663577508  -0.1548723274
F   0.1446395410  2.3743489791  1.8640478488
F   -0.3138065626  -1.6585597583  1.9017341595
momentum
55.440633592452045  25.60400162591733  -4.925575485384949
-18.015813075913655  -22.227259057351652  37.526906552487866
-13.765903516246771  -1.9622869007382568  45.6597755579858
34.80856756071841  -15.997762610634743  61.50249917009578
-9.268834196092072  4.782310182074799  -45.1131596360131
-38.45131774639431  -13.667489427527554  -47.3937079237731
-47.17160811173014  34.724317402463015  -56.076014479983755
35.84566145874285  -6.776135263770628  -14.365906152828984
-5.2878329462916795  51.09499230140272  -17.99162537042051
8.11635583161936  -16.574246563953015  37.604261446313565
-32.104734366257915  -40.052472864023144  7.2082369740831345
14.61033460285102  -20.84436632039795  -13.374163603496854
40.34408369519808  53.17392772813564  37.57491394488851
-4.206481082278405  -44.10443579644969  -11.551570179571547
-3.270646494935298  14.331621503686193  -17.65527355427748
-17.516588541597656  -1.6648375450957646  0.70622241096747
