C   0.0312761894  0.3325787020  0.3921268865
C   2.5142844942  0.0353324016  -1.1018386595
C   4.9252439858  -0.2835608636  0.5070413448
F   6.8883627397  -0.4438221189  -1.0296201641
F   5.2462201872  1.6753003640  2.0249457599
F   4.8064974814  -2.3659705248  1.8823453710
F   2.3117514665  -1.9952204678  -2.5857606942
F   2.8193626358  2.0865350996  -2.5388803036
O   -1.8742344892  0.5212469788  -1.3312789038
C   -4.2282007527  0.9583221242  -0.4466698579
C   -5.9000882724  -0.8370204200  -0.0609353490
F   -8.2214424924  -0.3996087286  0.6493289954
F   -5.4264304378  -3.2397925390  -0.3563925299
F   -4.8175121090  3.3663577508  -0.1548723274
F   0.1446395410  2.3743489791  1.8640478488
F   -0.3138065626  -1.6585597583  1.9017341595
momentum
12.09291184709786  49.04091750185434  21.85257811993373
12.740861274599697  13.664986711035327  -12.61937420472826
37.501183727662486  29.36799751978991  4.65365137145042
36.14506760767504  0.44551598196950093  14.988516574910118
-8.436720455519918  -78.99985379154923  1.1727993331397244
15.519376438700219  -4.321639297189514  -59.094643528778406
-75.94910817867823  22.533678674539143  -32.57811440357026
-5.040072380932474  -25.711191274053967  46.034423396248386
30.527132427698294  5.587082053202965  -10.936474528292441
25.68387961723952  -13.261765415564604  24.467996043613923
-17.131401594648008  -6.213899467485878  6.86500398679421
-45.29445446345242  3.7702129788858736  4.406193625590954
26.3087168694681  -35.329377472382866  -0.5010796465732243
-35.167533389144744  -5.126594755059354  -81.79146471684538
3.052064596078659  -37.9432049538971  10.376911531158347
-12.471090012353853  83.00885695164997  62.28687368704517
