C   0.0312761894  0.3325787020  0.3921268865
C   2.5142844942  0.0353324016  -1.1018386595
C   4.9252439858  -0.2835608636  0.5070413448
F   6.8883627397  -0.4438221189  -1.0296201641
F   5.2462201872  1.6753003640  2.0249457599
F   4.8064974814  -2.3659705248  1.8823453710
F   2.3117514665  -1.9952204678  -2.5857606942
F   2.8193626358  2.0865350996  -2.5388803036
O   -1.8742344892  0.5212469788  -1.3312789038
C   -4.2282007527  0.9583221242  -0.4466698579
C   -5.9000882724  -0.8370204200  -0.0609353490
F   -8.2214424924  -0.3996087286  0.6493289954
F   -5.4264304378  -3.2397925390  -0.3563925299
F   -4.8175121090  3.3663577508  -0.1548723274
F   0.1446395410  2.3743489791  1.8640478488
F   -0.3138065626  -1.6585597583  1.9017341595
momentum
5.983295802021703  47.06000823725378  -19.85764031431969
12.48516138933637  -0.4518820015452408  40.74121382221593
16.921362151498837  -6.84320121878893  -12.260143656762919
2.268404550183245  -18.341423506890678  40.83115622324299
-34.33982826993773  18.758721379239468  11.421395932751093
11.251712267974996  -4.009725010891376  -54.85107848212121
3.336997598630087  -42.621206837414995  17.017077392698823
-77.46961990553218  7.196410014345778  -39.53341823682795
-65.75192666069823  -37.61868525999644  -23.77710639555012
61.95859123156194  65.60488640618645  38.453752434833554
-38.0741166692347  20.468392496203332  3.1803258855970653
55.65675968382144  -18.560554134888537  1.1834830779837282
33.9063779281026  -21.56824765938612  -54.924141162905244
-14.879996543184642  17.458792694001513  -17.79797594445934
27.23690481216415  -50.77004028029883  21.091899603609406
-0.27790667627967647  24.50700227443191  49.017814304224586
