C   0.0312761894  0.3325787020  0.3921268865
C   2.5142844942  0.0353324016  -1.1018386595
C   4.9252439858  -0.2835608636  0.5070413448
F   6.8883627397  -0.4438221189  -1.0296201641
F   5.2462201872  1.6753003640  2.0249457599
F   4.8064974814  -2.3659705248  1.8823453710
F   2.3117514665  -1.9952204678  -2.5857606942
F   2.8193626358  2.0865350996  -2.5388803036
O   -1.8742344892  0.5212469788  -1.3312789038
C   -4.2282007527  0.9583221242  -0.4466698579
C   -5.9000882724  -0.8370204200  -0.0609353490
F   -8.2214424924  -0.3996087286  0.6493289954
F   -5.4264304378  -3.2397925390  -0.3563925299
F   -4.8175121090  3.3663577508  -0.1548723274
F   0.1446395410  2.3743489791  1.8640478488
F   -0.3138065626  -1.6585597583  1.9017341595
momentum
-6.381417565835388  -10.195837490116123  -8.720890295756117
-12.502331013689913  7.4402803642911906  8.744689788372241
-11.720484603431467  15.675107142095937  -30.83860176577228
8.027004799287617  -35.15441487166206  -23.29124947784542
-26.190793965651057  -12.38836412890497  59.326534289992495
-31.942177209187513  -28.748198111807614  28.319302685432636
-41.4836336208204  20.444295781523916  -22.92579924472067
24.740025549442603  -6.372909279464389  -57.700744224252254
32.25050759407075  43.75641176193822  24.69579141301655
33.49187640288424  4.0899563973822115  44.118290349348655
-52.691687831662065  -11.254543400583925  -17.447583712478917
15.034841870420701  -63.17766776859694  -24.470992857805673
40.28213652556412  -7.351230141248078  19.443393173638025
-33.02545683638739  15.044797416011578  -17.306152670599992
50.50759585424736  -3.2140355026445175  10.413000292545151
11.288644523647145  71.44893786803343  7.571175354844597
