C   0.0312761894  0.3325787020  0.3921268865
C   2.5142844942  0.0353324016  -1.1018386595
C   4.9252439858  -0.2835608636  0.5070413448
F   6.8883627397  -0.4438221189  -1.0296201641
F   5.2462201872  1.6753003640  2.0249457599
F   4.8064974814  -2.3659705248  1.8823453710
F   2.3117514665  -1.9952204678  -2.5857606942
F   2.8193626358  2.0865350996  -2.5388803036
O   -1.8742344892  0.5212469788  -1.3312789038
C   -4.2282007527  0.9583221242  -0.4466698579
C   -5.9000882724  -0.8370204200  -0.0609353490
F   -8.2214424924  -0.3996087286  0.6493289954
F   -5.4264304378  -3.2397925390  -0.3563925299
F   -4.8175121090  3.3663577508  -0.1548723274
F   0.1446395410  2.3743489791  1.8640478488
F   -0.3138065626  -1.6585597583  1.9017341595
momentum
-8.575141073973388  4.422925976534076  -15.083228364088813
-20.586695582039436  7.387104237451612  18.073149169315478
-18.42490894723778  -56.79023242754029  23.714523667934063
2.731489217057872  47.01748368288149  1.397742317718794
-13.923841217691363  19.43477222882307  -13.531752390473995
51.43598697823661  2.580252912427123  6.124335324312561
-76.5981180839744  -21.18078091960476  7.466549813991334
-2.7583448738531646  -26.782198245712017  -26.96281853456356
31.892053319733424  -4.136492009176512  73.90255293348409
-42.701648389106985  35.57367531984965  -31.959970259023084
33.635733428980856  11.51296482546077  -8.255189462764994
39.796135092868326  -36.7742533033304  10.990876021764738
12.978757007241283  53.458112518414566  -53.5697441681386
-19.78990929748231  16.519662308848986  -7.73891504604234
0.022731032049742327  -39.91060071554182  -20.75300560517082
31.3436483591002  -12.479680002842846  36.15177470419424
