C   0.0312761894  0.3325787020  0.3921268865
C   2.5142844942  0.0353324016  -1.1018386595
C   4.9252439858  -0.2835608636  0.5070413448
F   6.8883627397  -0.4438221189  -1.0296201641
F   5.2462201872  1.6753003640  2.0249457599
F   4.8064974814  -2.3659705248  1.8823453710
F   2.3117514665  -1.9952204678  -2.5857606942
F   2.8193626358  2.0865350996  -2.5388803036
O   -1.8742344892  0.5212469788  -1.3312789038
C   -4.2282007527  0.9583221242  -0.4466698579
C   -5.9000882724  -0.8370204200  -0.0609353490
F   -8.2214424924  -0.3996087286  0.6493289954
F   -5.4264304378  -3.2397925390  -0.3563925299
F   -4.8175121090  3.3663577508  -0.1548723274
F   0.1446395410  2.3743489791  1.8640478488
F   -0.3138065626  -1.6585597583  1.9017341595
momentum
-45.990928377970235  25.827540101353716  20.801049824688796
19.233583841162506  0.4942075036119585  -15.296464362935152
2.069622516232977  -6.18474669814539  5.277882956917443
-22.459123278800536  -21.66557015718177  36.97519910128217
-39.43415583252101  2.6918222005870156  15.737355719295037
4.468398598030249  -2.8305016188091012  -44.689493471568234
-27.84420529628148  34.7434023115646  -5.053318428418467
45.37230292539066  4.155916819606015  -59.18950944726722
31.71300865115952  -0.26453613255248415  15.7325163971529
-15.663358559141141  5.719135840739621  -27.177176648706784
-8.37561487912787  -1.8324929669487056  -15.298134812335748
-5.929575817529448  26.449334431243308  14.98420044584753
36.84868973603635  -66.97419697155719  24.229124070481877
-5.837827122023449  11.560765145141493  -5.522714535770273
25.194621539547867  -8.921286660784856  26.887290123168036
6.58783382787102  -2.782282171131504  11.303826824963329
