C   0.0312761894  0.3325787020  0.3921268865
C   2.5142844942  0.0353324016  -1.1018386595
C   4.9252439858  -0.2835608636  0.5070413448
F   6.8883627397  -0.4438221189  -1.0296201641
F   5.2462201872  1.6753003640  2.0249457599
F   4.8064974814  -2.3659705248  1.8823453710
F   2.3117514665  -1.9952204678  -2.5857606942
F   2.8193626358  2.0865350996  -2.5388803036
O   -1.8742344892  0.5212469788  -1.3312789038
C   -4.2282007527  0.9583221242  -0.4466698579
C   -5.9000882724  -0.8370204200  -0.0609353490
F   -8.2214424924  -0.3996087286  0.6493289954
F   -5.4264304378  -3.2397925390  -0.3563925299
F   -4.8175121090  3.3663577508  -0.1548723274
F   0.1446395410  2.3743489791  1.8640478488
F   -0.3138065626  -1.6585597583  1.9017341595
momentum
-42.41623804130593  -3.473953820168652  -39.11685590458589
-16.773754974525243  -16.79934328572765  -18.132995234254523
8.918746498288463  8.685678676894643  -40.97050820713706
24.507965052937397  -5.031824119739178  26.012115002070768
-22.740978736312535  -82.52114235493754  -15.191958300154512
26.61599561820019  46.735368841227334  35.2793898495171
4.5071268413994705  40.71508809136476  23.76724293815332
17.584097682255546  -6.1095598631219294  47.194031621895995
29.69927570535722  -33.83718861550541  20.180797530885044
-27.71402434075655  -10.220813245464889  -3.8591929708691413
0.1766469391455638  -5.184036158988345  -31.791176696726048
-0.5751078426113369  8.61178563425588  40.14019084453986
-19.09815730610706  -23.1850359312816  -4.11839314080116
-10.606346979419248  16.27176911028966  23.33171180805134
22.558358133687594  64.45092680598255  -25.170647735910713
5.238864609825335  0.6085139188913526  -37.472118990960446
