C   0.0312761894  0.3325787020  0.3921268865
C   2.5142844942  0.0353324016  -1.1018386595
C   4.9252439858  -0.2835608636  0.5070413448
F   6.8883627397  -0.4438221189  -1.0296201641
F   5.2462201872  1.6753003640  2.0249457599
F   4.8064974814  -2.3659705248  1.8823453710
F   2.3117514665  -1.9952204678  -2.5857606942
F   2.8193626358  2.0865350996  -2.5388803036
O   -1.8742344892  0.5212469788  -1.3312789038
C   -4.2282007527  0.9583221242  -0.4466698579
C   -5.9000882724  -0.8370204200  -0.0609353490
F   -8.2214424924  -0.3996087286  0.6493289954
F   -5.4264304378  -3.2397925390  -0.3563925299
F   -4.8175121090  3.3663577508  -0.1548723274
F   0.1446395410  2.3743489791  1.8640478488
F   -0.3138065626  -1.6585597583  1.9017341595
momentum
-2.497468266008803  -16.45840117224492  -6.966329424138223
1.640701523073531  -8.722238235493817  7.12887613162147
-3.4610975429621207  -3.9053670159855107  -24.7464603024435
21.583279911899762  3.4035940634562936  -36.00425773586806
-15.485042653906733  15.396235680991255  11.75203256516622
26.38499666664529  22.536743004363178  59.78348848275659
-17.011719356489714  6.497892721331886  -25.14087797604126
23.174784390507075  -27.39775542402335  -45.50870968813185
36.75690460478806  14.528464535364261  1.2852935901752474
-12.756614655080291  -32.2492805173821  57.58850230422851
-17.05352558973537  52.49342356223665  33.67310012246807
24.754557086771335  -16.586470374015907  -46.190474448266826
-6.817914702178101  -4.199361123507883  -11.298374176076837
1.5068157550345942  9.924800133204588  -3.5854266610664314
-26.41823579126325  -16.12419581021601  49.27994594232767
-34.321861086155025  1.0006738703822142  -20.950737199491083
