C   0.0312761894  0.3325787020  0.3921268865
C   2.5142844942  0.0353324016  -1.1018386595
C   4.9252439858  -0.2835608636  0.5070413448
F   6.8883627397  -0.4438221189  -1.0296201641
F   5.2462201872  1.6753003640  2.0249457599
F   4.8064974814  -2.3659705248  1.8823453710
F   2.3117514665  -1.9952204678  -2.5857606942
F   2.8193626358  2.0865350996  -2.5388803036
O   -1.8742344892  0.5212469788  -1.3312789038
C   -4.2282007527  0.9583221242  -0.4466698579
C   -5.9000882724  -0.8370204200  -0.0609353490
F   -8.2214424924  -0.3996087286  0.6493289954
F   -5.4264304378  -3.2397925390  -0.3563925299
F   -4.8175121090  3.3663577508  -0.1548723274
F   0.1446395410  2.3743489791  1.8640478488
F   -0.3138065626  -1.6585597583  1.9017341595
momentum
7.317110191972211  -41.981562802564405  -24.397409109612685
19.977642918716075  13.584763991753329  -1.2949689388278658
-9.695838501557033  35.12906478573146  30.316382875129374
9.801464981452558  14.852217627003148  1.110083199006707
-29.940975919940445  -55.9356930686382  33.76194974035948
24.533160668921223  31.152026149001806  -38.96795369590041
29.806958662994045  4.90292024790071  15.513642031887622
11.898860983626653  -51.303331973295755  -8.918430074647574
-12.523256037013917  18.74627241513872  16.511498858138545
-6.513189738350279  -16.11369049516599  -13.961564317182937
-24.266909062731084  8.834877871299515  0.36338373339122004
-21.46390214506903  14.167738514925546  12.831898414503767
1.46814616566402  31.487514811629215  7.901280136503378
-4.676437313273212  -18.303799459518  34.20335566144884
-7.76294699893691  15.61205875588351  -57.83099648612916
11.798121146468983  -4.834507080828829  -7.34433137115297
