C   0.0312761894  0.3325787020  0.3921268865
C   2.5142844942  0.0353324016  -1.1018386595
C   4.9252439858  -0.2835608636  0.5070413448
F   6.8883627397  -0.4438221189  -1.0296201641
F   5.2462201872  1.6753003640  2.0249457599
F   4.8064974814  -2.3659705248  1.8823453710
F   2.3117514665  -1.9952204678  -2.5857606942
F   2.8193626358  2.0865350996  -2.5388803036
O   -1.8742344892  0.5212469788  -1.3312789038
C   -4.2282007527  0.9583221242  -0.4466698579
C   -5.9000882724  -0.8370204200  -0.0609353490
F   -8.2214424924  -0.3996087286  0.6493289954
F   -5.4264304378  -3.2397925390  -0.3563925299
F   -4.8175121090  3.3663577508  -0.1548723274
F   0.1446395410  2.3743489791  1.8640478488
F   -0.3138065626  -1.6585597583  1.9017341595
momentum
26.103337442673297  -11.409272571469131  -8.420805419917468
-13.875996003931924  11.061529741110878  1.1665802255612285
-12.512195923071522  5.043612986365356  5.928352546704361
-22.08135821648638  31.179974803945147  22.261270616541307
24.650197431518723  -29.5962196681417  -70.3200229255573
-4.106564693955378  21.035616322389913  -23.00758213179558
1.727082842194084  -27.90610995709132  17.950292156798188
-10.584709585597063  -27.272199048648968  27.670130457969304
14.36321423500479  -16.24215634138656  57.388234546374115
-39.66963932769646  14.378086780679755  -29.39337269822222
17.383274146810678  22.15315209914931  -80.20523066292098
-24.293468627300804  -40.717253416315266  13.539058377609123
1.662855960189852  41.45438478156374  -8.98749874250313
51.502027316209876  -22.489068240427425  37.1427793064778
-13.312192405642755  45.60752816754026  0.8003130319249252
3.2248759122437365  -16.831249585636844  36.213008984943876
