C   0.0312761894  0.3325787020  0.3921268865
C   2.5142844942  0.0353324016  -1.1018386595
C   4.9252439858  -0.2835608636  0.5070413448
F   6.8883627397  -0.4438221189  -1.0296201641
F   5.2462201872  1.6753003640  2.0249457599
F   4.8064974814  -2.3659705248  1.8823453710
F   2.3117514665  -1.9952204678  -2.5857606942
F   2.8193626358  2.0865350996  -2.5388803036
O   -1.8742344892  0.5212469788  -1.3312789038
C   -4.2282007527  0.9583221242  -0.4466698579
C   -5.9000882724  -0.8370204200  -0.0609353490
F   -8.2214424924  -0.3996087286  0.6493289954
F   -5.4264304378  -3.2397925390  -0.3563925299
F   -4.8175121090  3.3663577508  -0.1548723274
F   0.1446395410  2.3743489791  1.8640478488
F   -0.3138065626  -1.6585597583  1.9017341595
momentum
-38.92482101079773  19.157737260811142  18.754108982243714
13.037782029507131  -25.208238281804967  -4.060785576043231
-30.69549626322119  -8.804580617272979  39.52098012117216
-15.302278214216123  47.472353368108934  -8.690259388467274
-5.9541422979243235  -24.98349653441486  -30.804483234575088
15.150639133275263  -9.980591832011454  -11.288258878687108
62.90730638858707  -37.298889081960596  10.152023228069831
27.713756681783877  9.725739547084146  -20.911670519872057
21.22610568086271  -8.800960425629071  26.958899004108996
-5.54246410911036  -31.547413411093657  -11.044724865229881
-12.262728428146458  13.782280971799635  -1.6519166255358995
6.650207778305718  2.3119592455405362  6.261183430777439
-2.3399690679681453  37.08755887165234  18.286060657158878
6.2357120485298685  -16.384488304008478  20.294424384731148
-25.802382888586695  -6.569737995910006  14.028005715795388
-16.168745085761422  39.83852323956  -66.03374044627868
