C   0.0312761894  0.3325787020  0.3921268865
C   2.5142844942  0.0353324016  -1.1018386595
C   4.9252439858  -0.2835608636  0.5070413448
F   6.8883627397  -0.4438221189  -1.0296201641
F   5.2462201872  1.6753003640  2.0249457599
F   4.8064974814  -2.3659705248  1.8823453710
F   2.3117514665  -1.9952204678  -2.5857606942
F   2.8193626358  2.0865350996  -2.5388803036
O   -1.8742344892  0.5212469788  -1.3312789038
C   -4.2282007527  0.9583221242  -0.4466698579
C   -5.9000882724  -0.8370204200  -0.0609353490
F   -8.2214424924  -0.3996087286  0.6493289954
F   -5.4264304378  -3.2397925390  -0.3563925299
F   -4.8175121090  3.3663577508  -0.1548723274
F   0.1446395410  2.3743489791  1.8640478488
F   -0.3138065626  -1.6585597583  1.9017341595
momentum
-54.93039569525021  -8.771959203355497  -30.3779209876618
-14.428076967710732  -10.549851008592684  10.645211050031934
27.136483380309446  -11.387030113756062  -46.22392644222364
-40.392295575348854  40.6778816719939  44.41918486313683
-80.18889917988255  -16.71481834256027  -10.409774318307651
32.197988353906844  11.673995958482216  -43.576686026912895
66.58420558779717  21.45040412544678  12.414108657932415
-15.49610386300253  -51.1102870637922  30.96702787062567
19.788364833226733  4.932874839619383  -44.88994217798903
-18.653114839620027  -33.0479149263529  -9.051576302935878
26.799982798085914  6.241948661859023  42.09814405815213
16.888516944450245  24.65784172930223  -6.063164274629613
-11.76321017379832  20.05442362649054  26.990830117463496
65.85713192240031  28.036758197420173  -6.3777529990557635
-35.19257227922641  7.943072718060999  25.02786003794142
16.205758992095472  -33.28261355119451  4.32437598898864
