C   0.0312761894  0.3325787020  0.3921268865
C   2.5142844942  0.0353324016  -1.1018386595
C   4.9252439858  -0.2835608636  0.5070413448
F   6.8883627397  -0.4438221189  -1.0296201641
F   5.2462201872  1.6753003640  2.0249457599
F   4.8064974814  -2.3659705248  1.8823453710
F   2.3117514665  -1.9952204678  -2.5857606942
F   2.8193626358  2.0865350996  -2.5388803036
O   -1.8742344892  0.5212469788  -1.3312789038
C   -4.2282007527  0.9583221242  -0.4466698579
C   -5.9000882724  -0.8370204200  -0.0609353490
F   -8.2214424924  -0.3996087286  0.6493289954
F   -5.4264304378  -3.2397925390  -0.3563925299
F   -4.8175121090  3.3663577508  -0.1548723274
F   0.1446395410  2.3743489791  1.8640478488
F   -0.3138065626  -1.6585597583  1.9017341595
momentum
23.501192339107707  35.4750471498664  32.70858357157188
19.592866226595877  -29.011034077314434  22.61989482944285
-39.16368997019544  -33.65377127592669  35.73457049704599
-6.913758988623385  53.607788238051576  -6.08916188681695
25.48004850972464  -7.7891713165306475  -38.16246242394188
-30.190990753201167  -29.566596008194356  -24.036208219301244
3.567768846362525  39.88053819281408  -21.606226868965585
50.23260172681052  40.235711685042546  -32.15811685590502
-8.753469436925386  50.4535902959375  36.25368373794722
-7.4227317716828916  -0.37602169405627733  -5.922186228974468
9.201788870599819  10.026282460747021  22.963863109265418
25.970187388961357  20.676742207216694  -7.956715659917142
-21.652671367245144  -76.38421809348121  26.650518602620608
13.856890838833065  -16.362967339000402  -61.724738063435844
-20.769323782417057  -17.69565447927632  -19.63996910105897
-36.682756183621805  -39.841143200922424  39.945542473185384
