C   0.0312761894  0.3325787020  0.3921268865
C   2.5142844942  0.0353324016  -1.1018386595
C   4.9252439858  -0.2835608636  0.5070413448
F   6.8883627397  -0.4438221189  -1.0296201641
F   5.2462201872  1.6753003640  2.0249457599
F   4.8064974814  -2.3659705248  1.8823453710
F   2.3117514665  -1.9952204678  -2.5857606942
F   2.8193626358  2.0865350996  -2.5388803036
O   -1.8742344892  0.5212469788  -1.3312789038
C   -4.2282007527  0.9583221242  -0.4466698579
C   -5.9000882724  -0.8370204200  -0.0609353490
F   -8.2214424924  -0.3996087286  0.6493289954
F   -5.4264304378  -3.2397925390  -0.3563925299
F   -4.8175121090  3.3663577508  -0.1548723274
F   0.1446395410  2.3743489791  1.8640478488
F   -0.3138065626  -1.6585597583  1.9017341595
momentum
-26.42690021813989  5.298875833236792  5.1022135159672155
7.734278958344213  12.84030676274043  5.578514062175924
-37.777873060164104  63.05182824971287  19.842723842542
-26.156225545600854  1.7733511662865065  11.122017125364371
28.779714772105404  -11.222003715631299  31.972259185739876
24.297599709343405  -48.65376875898812  -9.030222062748198
3.809441359169284  -44.26235288646639  -54.61822223914689
6.3194337509898855  3.5628694669989978  -1.0602871070230633
14.344419217913257  3.2743995693257086  17.995949162579585
9.928553320531018  -26.901761593581746  -17.2270014232981
3.9860648530973743  17.662793265993074  -18.377691163122766
21.021007052664253  19.928285986156837  14.049180630211389
11.00615197355903  -16.878423168960556  19.426516506734366
-44.46660904438816  -19.22294792875524  9.530186001362908
42.64200498734916  32.48606748192784  -22.095755394002474
-39.181789677249675  7.067884206202403  -11.799574685237962
