C   0.0312761894  0.3325787020  0.3921268865
C   2.5142844942  0.0353324016  -1.1018386595
C   4.9252439858  -0.2835608636  0.5070413448
F   6.8883627397  -0.4438221189  -1.0296201641
F   5.2462201872  1.6753003640  2.0249457599
F   4.8064974814  -2.3659705248  1.8823453710
F   2.3117514665  -1.9952204678  -2.5857606942
F   2.8193626358  2.0865350996  -2.5388803036
O   -1.8742344892  0.5212469788  -1.3312789038
C   -4.2282007527  0.9583221242  -0.4466698579
C   -5.9000882724  -0.8370204200  -0.0609353490
F   -8.2214424924  -0.3996087286  0.6493289954
F   -5.4264304378  -3.2397925390  -0.3563925299
F   -4.8175121090  3.3663577508  -0.1548723274
F   0.1446395410  2.3743489791  1.8640478488
F   -0.3138065626  -1.6585597583  1.9017341595
momentum
17.398262346347387  3.3295049791187847  9.541922918424863
21.924580203094433  -12.566354961156446  -22.331881234414688
-14.939877105001518  5.151240218852106  -27.79146906189278
-8.412350804336679  30.460976412643184  17.34112599642586
-14.936596491396207  41.74158531361858  27.19483191427033
21.463049299060614  -76.59064674005644  36.112719694765175
-20.209775598254673  -9.310936082221296  23.194864884895356
-6.315919249827084  1.1453857653791308  -50.13864943933338
-29.61247615623449  -14.224388182337812  -4.2652115665031065
27.861207992758054  26.24015259492683  27.24043973201119
-29.030494522511148  31.84108172383719  -10.069904363451933
-16.17836816247799  -21.081999619119653  32.023607235994696
38.84984301451819  43.20701528462647  -49.48874257011285
-18.876018881487962  1.4966185394647658  -6.724663519194771
-16.26819016817974  -23.176054005874054  -35.702363947706324
47.05557644066104  -27.707170260063773  34.087964643215386
