C   0.0312761894  0.3325787020  0.3921268865
C   2.5142844942  0.0353324016  -1.1018386595
C   4.9252439858  -0.2835608636  0.5070413448
F   6.8883627397  -0.4438221189  -1.0296201641
F   5.2462201872  1.6753003640  2.0249457599
F   4.8064974814  -2.3659705248  1.8823453710
F   2.3117514665  -1.9952204678  -2.5857606942
F   2.8193626358  2.0865350996  -2.5388803036
O   -1.8742344892  0.5212469788  -1.3312789038
C   -4.2282007527  0.9583221242  -0.4466698579
C   -5.9000882724  -0.8370204200  -0.0609353490
F   -8.2214424924  -0.3996087286  0.6493289954
F   -5.4264304378  -3.2397925390  -0.3563925299
F   -4.8175121090  3.3663577508  -0.1548723274
F   0.1446395410  2.3743489791  1.8640478488
F   -0.3138065626  -1.6585597583  1.9017341595
momentum
-37.29024559895956  11.915013055769581  -40.13960418024013
37.23819398426344  -10.60975610567817  14.553941258480053
2.0201847465414766  -25.35141269827751  -2.8573297691681727
120.35143585061529  2.9352634457716813  -29.699888251547623
-8.082024766918597  23.774872929521056  -1.797636276933787
-18.720848875841337  -8.061170176890597  59.74291740650283
39.849631635870516  0.05203762358007326  17.72996589589018
-78.13454182668704  2.613485144045225  -14.719778754007597
36.36234001138802  33.693087249647974  -16.52386511616377
10.432635267486898  -17.19606316931879  21.25254308225749
-59.26301246176048  -17.530906933416215  23.641206173526562
6.608242896869231  38.51426756488533  12.66716367218151
-8.058369368748021  -29.579802943354544  -43.015085567992784
-41.4734037290711  25.48275866185168  40.74328362029806
26.317212156536016  -20.296473286586124  -39.48603109085729
-28.43921803916533  -10.504893647181989  -2.1227649015932513
