C   0.0312761894  0.3325787020  0.3921268865
C   2.5142844942  0.0353324016  -1.1018386595
C   4.9252439858  -0.2835608636  0.5070413448
F   6.8883627397  -0.4438221189  -1.0296201641
F   5.2462201872  1.6753003640  2.0249457599
F   4.8064974814  -2.3659705248  1.8823453710
F   2.3117514665  -1.9952204678  -2.5857606942
F   2.8193626358  2.0865350996  -2.5388803036
O   -1.8742344892  0.5212469788  -1.3312789038
C   -4.2282007527  0.9583221242  -0.4466698579
C   -5.9000882724  -0.8370204200  -0.0609353490
F   -8.2214424924  -0.3996087286  0.6493289954
F   -5.4264304378  -3.2397925390  -0.3563925299
F   -4.8175121090  3.3663577508  -0.1548723274
F   0.1446395410  2.3743489791  1.8640478488
F   -0.3138065626  -1.6585597583  1.9017341595
momentum
22.522912451553577  -21.435326777930804  30.714006782949575
21.117383318447175  17.866423687101253  4.071061005260447
-17.258440505749356  -7.161593205107452  1.0140318318654336
-19.590624859558577  -4.735642368799691  8.302914038214894
-32.035967223997915  -35.25068487466589  -2.983992744159863
21.844598636871176  5.028804022580266  6.449214135103821
11.819790438438659  0.031880192944465105  -7.97098289243604
-38.8888155925923  25.008631856766055  -2.766144765472601
33.22507368944773  -13.280937671210724  18.25881620055534
0.5540461738240512  -1.3009231594945123  -47.78112585217576
-40.60132669944479  -0.8765763556813957  43.87772446142746
30.218783721699793  16.021838063667772  20.625380426175028
17.639364297178027  -18.241725328488524  -33.92937411397217
-8.398829103894462  6.8987544603710385  -5.541413802946664
19.89038783112324  8.197054782568575  -29.526832076519025
-21.8406094134511  23.363497435287652  -2.7263377337905026
