C   0.0312761894  0.3325787020  0.3921268865
C   2.5142844942  0.0353324016  -1.1018386595
C   4.9252439858  -0.2835608636  0.5070413448
F   6.8883627397  -0.4438221189  -1.0296201641
F   5.2462201872  1.6753003640  2.0249457599
F   4.8064974814  -2.3659705248  1.8823453710
F   2.3117514665  -1.9952204678  -2.5857606942
F   2.8193626358  2.0865350996  -2.5388803036
O   -1.8742344892  0.5212469788  -1.3312789038
C   -4.2282007527  0.9583221242  -0.4466698579
C   -5.9000882724  -0.8370204200  -0.0609353490
F   -8.2214424924  -0.3996087286  0.6493289954
F   -5.4264304378  -3.2397925390  -0.3563925299
F   -4.8175121090  3.3663577508  -0.1548723274
F   0.1446395410  2.3743489791  1.8640478488
F   -0.3138065626  -1.6585597583  1.9017341595
momentum
-5.811965596926183  -20.932322525400636  26.890627078918303
-0.014389514864249775  -41.415012084593485  -13.80130237199537
1.5114914353743416  -36.520471064601125  -44.33007366699799
-0.6883234498807838  -6.742896856986448  48.85746361365448
-4.819071593308576  46.22777417762742  -30.614222799588678
-40.58162551352301  42.558316760621494  4.489013823846599
-37.815613151085316  7.679401976643991  -33.27842360066322
10.294504431935803  14.78118659058033  -17.27230054818128
-39.589818270049804  17.472064141210755  85.7044406459823
-5.287822377205868  28.587590316859465  -10.499987096971491
-22.09875086945689  32.82568117257703  14.157580925375507
23.964165671072195  -36.96618257061883  -19.917782510011865
62.49385844227605  -13.001441304054874  -26.630844662890528
55.17455855126426  8.9931944654283  -22.96879593805308
3.893031534854547  -26.136058326900393  14.127327920245008
-0.33054457525323644  -17.547009837756423  24.87517586543296
