C   0.0312761894  0.3325787020  0.3921268865
C   2.5142844942  0.0353324016  -1.1018386595
C   4.9252439858  -0.2835608636  0.5070413448
F   6.8883627397  -0.4438221189  -1.0296201641
F   5.2462201872  1.6753003640  2.0249457599
F   4.8064974814  -2.3659705248  1.8823453710
F   2.3117514665  -1.9952204678  -2.5857606942
F   2.8193626358  2.0865350996  -2.5388803036
O   -1.8742344892  0.5212469788  -1.3312789038
C   -4.2282007527  0.9583221242  -0.4466698579
C   -5.9000882724  -0.8370204200  -0.0609353490
F   -8.2214424924  -0.3996087286  0.6493289954
F   -5.4264304378  -3.2397925390  -0.3563925299
F   -4.8175121090  3.3663577508  -0.1548723274
F   0.1446395410  2.3743489791  1.8640478488
F   -0.3138065626  -1.6585597583  1.9017341595
momentum
49.88690917376168  -40.41675633732728  25.842252258664693
2.0549123706441614  -6.079163098773641  -36.79333035885371
-18.52183224837013  -25.341423583803316  -11.400979360261392
-2.925138762488541  -34.38006729099083  34.29111813242327
4.722142025148301  46.990304026899196  6.00143852949767
-55.07698890435766  11.822367860863963  -30.858404555484544
17.56028295459836  2.920422661668738  61.78629000703811
-19.561950290249165  31.42375469191623  -51.590822875944134
-44.69545025969744  -16.83539009929732  -33.15903699645522
8.670593529497225  -1.9560616963870288  12.069686435335575
-11.509962295308949  27.446029245310726  23.279771738791833
-9.021105141645622  -6.573536354677893  -5.66180834867847
67.16007781413828  14.407011545866936  -23.34356705604444
-2.973186443988068  -9.4684972506732  11.226852471794396
22.95623906064961  15.780525192830082  39.60924034236988
-8.899608705557645  -9.641081042747466  -21.302494031235177
