C   0.0312761894  0.3325787020  0.3921268865
C   2.5142844942  0.0353324016  -1.1018386595
C   4.9252439858  -0.2835608636  0.5070413448
F   6.8883627397  -0.4438221189  -1.0296201641
F   5.2462201872  1.6753003640  2.0249457599
F   4.8064974814  -2.3659705248  1.8823453710
F   2.3117514665  -1.9952204678  -2.5857606942
F   2.8193626358  2.0865350996  -2.5388803036
O   -1.8742344892  0.5212469788  -1.3312789038
C   -4.2282007527  0.9583221242  -0.4466698579
C   -5.9000882724  -0.8370204200  -0.0609353490
F   -8.2214424924  -0.3996087286  0.6493289954
F   -5.4264304378  -3.2397925390  -0.3563925299
F   -4.8175121090  3.3663577508  -0.1548723274
F   0.1446395410  2.3743489791  1.8640478488
F   -0.3138065626  -1.6585597583  1.9017341595
momentum
12.549195723377744  -20.542246469612905  -17.091740211409128
6.901063869626478  21.97794437837213  13.17714431776201
-1.513871674159659  48.956418654513676  -28.385587974935635
1.3665379927090762  -32.39183908674356  14.625974557983715
-30.596886949204176  -9.344082235440439  2.947838756750511
35.400948902244174  -39.57273142341787  28.971584052806396
42.31130804574593  19.42948168684906  5.639882218596062
-41.65626250049524  -39.37477450251263  7.915957749242305
-5.58218633297208  13.010480495497118  -57.9187929346751
-24.408371212154066  -26.283722980010737  -16.539219786739356
18.48006312101669  -1.1704784640142412  19.268035763895462
-16.158489764995096  -5.729619780529329  25.368511883164807
-24.57355437918744  32.51166346748816  -18.487705823559814
54.25056503552262  -31.1679249968555  40.100183680164555
-29.585247217289044  -24.11418471849053  1.8682112270820868
3.0074930671358535  94.2147741416222  -21.56781015228359
