C   0.0312761894  0.3325787020  0.3921268865
C   2.5142844942  0.0353324016  -1.1018386595
C   4.9252439858  -0.2835608636  0.5070413448
F   6.8883627397  -0.4438221189  -1.0296201641
F   5.2462201872  1.6753003640  2.0249457599
F   4.8064974814  -2.3659705248  1.8823453710
F   2.3117514665  -1.9952204678  -2.5857606942
F   2.8193626358  2.0865350996  -2.5388803036
O   -1.8742344892  0.5212469788  -1.3312789038
C   -4.2282007527  0.9583221242  -0.4466698579
C   -5.9000882724  -0.8370204200  -0.0609353490
F   -8.2214424924  -0.3996087286  0.6493289954
F   -5.4264304378  -3.2397925390  -0.3563925299
F   -4.8175121090  3.3663577508  -0.1548723274
F   0.1446395410  2.3743489791  1.8640478488
F   -0.3138065626  -1.6585597583  1.9017341595
momentum
-8.068877274668099  29.29478418415208  -17.13053454902484
-9.775578168669883  -33.07813517515395  -51.09183399240393
40.44592909988218  31.53356058334859  3.805998935549097
-28.746714246331727  22.251280694513387  -9.428026416318255
1.5326713093847455  -40.06672478507403  1.2438878402980325
-8.335625002833366  -35.49237127580987  7.872538199028145
31.80971732644236  -44.0870493421728  32.71563100598352
-64.06638037947121  37.329606422610475  27.595792686652793
9.87620495178194  2.4392544830697442  5.096653977834137
-29.042556317404014  -12.30617170225315  3.7227235142810455
5.257823069026784  15.03567176144475  -26.372673780921055
66.76822392534501  38.08105270543247  -16.141317100088234
43.27081730751166  5.990404380775178  27.787538660591842
-43.294416876275655  -18.92120675885891  -1.3955878691411996
12.6487292999386  -16.85396125345396  12.984842723579128
-20.20427852289065  18.80347173082405  -1.3083677152360846
