C   0.0312761894  0.3325787020  0.3921268865
C   2.5142844942  0.0353324016  -1.1018386595
C   4.9252439858  -0.2835608636  0.5070413448
F   6.8883627397  -0.4438221189  -1.0296201641
F   5.2462201872  1.6753003640  2.0249457599
F   4.8064974814  -2.3659705248  1.8823453710
F   2.3117514665  -1.9952204678  -2.5857606942
F   2.8193626358  2.0865350996  -2.5388803036
O   -1.8742344892  0.5212469788  -1.3312789038
C   -4.2282007527  0.9583221242  -0.4466698579
C   -5.9000882724  -0.8370204200  -0.0609353490
F   -8.2214424924  -0.3996087286  0.6493289954
F   -5.4264304378  -3.2397925390  -0.3563925299
F   -4.8175121090  3.3663577508  -0.1548723274
F   0.1446395410  2.3743489791  1.8640478488
F   -0.3138065626  -1.6585597583  1.9017341595
momentum
11.242158402281742  8.012438935844415  9.062186623881216
30.64002661969458  2.528261904291067  16.03947043203872
-1.393780910583449  -28.261616995518782  45.52795133824276
44.65106152993815  11.510674075627318  5.726780651518645
4.710317859688594  13.522424018601228  -18.113774477793548
3.9268210758107096  -3.7465914823897166  34.23984621902778
-21.347136639098505  41.493084889035245  -33.74452328411641
-25.487641085727436  -26.83270594341924  -34.49110628846763
-9.755299402784301  25.620641938297542  -6.636259583683111
-39.479104136720345  -19.129694309506505  -8.535215768446077
39.5071387788592  1.7220672168494735  -3.3059795993550867
75.7279794423472  2.3474515507231293  -10.605411228119937
-75.8456285305603  -6.598691021052319  31.75217877589727
-37.84323408189033  -18.710452703568095  6.700275528446023
41.72098263728272  5.898960442888684  21.518368377756943
-40.83685607309866  -9.635906118655013  -55.08046985419825
