C   0.0312761894  0.3325787020  0.3921268865
C   2.5142844942  0.0353324016  -1.1018386595
C   4.9252439858  -0.2835608636  0.5070413448
F   6.8883627397  -0.4438221189  -1.0296201641
F   5.2462201872  1.6753003640  2.0249457599
F   4.8064974814  -2.3659705248  1.8823453710
F   2.3117514665  -1.9952204678  -2.5857606942
F   2.8193626358  2.0865350996  -2.5388803036
O   -1.8742344892  0.5212469788  -1.3312789038
C   -4.2282007527  0.9583221242  -0.4466698579
C   -5.9000882724  -0.8370204200  -0.0609353490
F   -8.2214424924  -0.3996087286  0.6493289954
F   -5.4264304378  -3.2397925390  -0.3563925299
F   -4.8175121090  3.3663577508  -0.1548723274
F   0.1446395410  2.3743489791  1.8640478488
F   -0.3138065626  -1.6585597583  1.9017341595
momentum
-3.6892072582336275  -40.1519382228974  12.09939959564082
51.05842785903803  21.974229251477976  44.379490342152714
-6.460797324487881  6.200166548861013  -33.23151274676592
-40.812805602782035  30.548575610881926  -36.60341282834101
-29.36308670555928  2.422145535727451  15.79032429032154
20.543296834576026  -56.05710836667076  6.894736019757252
47.68632707262168  28.875037032759145  45.53729370141843
20.047960189968347  -18.82686583836673  -3.608802484932309
-48.97074485173654  11.203694387209872  11.952241577892847
-15.014548451755028  28.698975447264385  -6.2173569782547835
24.715198224972795  52.0181350187379  47.535810522689324
-0.7840712852513372  8.309890649002982  29.259461999546104
-0.0691771462792628  -0.03881555963892926  -36.1177243509135
-20.376353312385206  -48.097973296974544  -58.03034914790236
5.765932444530739  -28.169127131509683  -35.5059398642056
-4.268823066734532  1.1352141985050868  -3.882806674782724
