C   0.0312761894  0.3325787020  0.3921268865
C   2.5142844942  0.0353324016  -1.1018386595
C   4.9252439858  -0.2835608636  0.5070413448
F   6.8883627397  -0.4438221189  -1.0296201641
F   5.2462201872  1.6753003640  2.0249457599
F   4.8064974814  -2.3659705248  1.8823453710
F   2.3117514665  -1.9952204678  -2.5857606942
F   2.8193626358  2.0865350996  -2.5388803036
O   -1.8742344892  0.5212469788  -1.3312789038
C   -4.2282007527  0.9583221242  -0.4466698579
C   -5.9000882724  -0.8370204200  -0.0609353490
F   -8.2214424924  -0.3996087286  0.6493289954
F   -5.4264304378  -3.2397925390  -0.3563925299
F   -4.8175121090  3.3663577508  -0.1548723274
F   0.1446395410  2.3743489791  1.8640478488
F   -0.3138065626  -1.6585597583  1.9017341595
momentum
29.213725848697717  33.46727034214209  37.4389419912638
-3.5905230774274597  47.43246418051254  -16.268066181313962
4.078094046965569  6.93396467986615  -26.52899768925542
1.4655807109951702  28.23549257781923  -13.783530483054403
-6.266982114314138  9.020563981880384  -13.517054954492988
-16.779833281553582  -20.228380839895156  -7.47763565028393
-17.426840266444135  23.089993822960903  16.66056285513587
40.30272132044261  -73.24558578457864  63.52013910868627
0.5465051759835994  -0.2467569609309407  -33.10671521859099
-14.122414705320677  -37.958832112277506  59.75256310415995
-39.54800297394187  -12.243819992087992  -54.2680460926467
31.95012489668423  28.62558279530883  25.90393277479075
5.864032550397323  -29.123119396317406  16.303058276416557
-21.33489621337665  31.85119758500926  -56.21770694562887
22.492397040539455  -17.803478484492963  16.52747605525192
-17.214308268525098  -17.76307350856619  -14.956898276883429
