C   0.0312761894  0.3325787020  0.3921268865
C   2.5142844942  0.0353324016  -1.1018386595
C   4.9252439858  -0.2835608636  0.5070413448
F   6.8883627397  -0.4438221189  -1.0296201641
F   5.2462201872  1.6753003640  2.0249457599
F   4.8064974814  -2.3659705248  1.8823453710
F   2.3117514665  -1.9952204678  -2.5857606942
F   2.8193626358  2.0865350996  -2.5388803036
O   -1.8742344892  0.5212469788  -1.3312789038
C   -4.2282007527  0.9583221242  -0.4466698579
C   -5.9000882724  -0.8370204200  -0.0609353490
F   -8.2214424924  -0.3996087286  0.6493289954
F   -5.4264304378  -3.2397925390  -0.3563925299
F   -4.8175121090  3.3663577508  -0.1548723274
F   0.1446395410  2.3743489791  1.8640478488
F   -0.3138065626  -1.6585597583  1.9017341595
momentum
-25.15608907652298  12.790198932644303  26.01901007015185
-24.655351944252594  -12.523731940881563  2.088185581241384
61.550015616655315  29.891866455751533  -6.689129832532848
16.435973140510907  1.5447524646135093  -53.27126861697562
12.407355985645404  12.902410634624477  33.84300725100354
40.37131123820123  -26.772637930018476  11.350752849419468
-10.996072850984834  -53.50815407950436  19.3837538458378
-4.0624709149517555  -22.121342309875903  8.459500261899302
-44.70721073689874  57.53843353834039  15.147935421516168
-24.17020144524949  -18.93982910510322  13.475658817271105
-7.59470628209217  1.5113848778116776  9.859160084816706
11.763361335002033  -33.270058011042934  -18.758437707040706
-17.179813706599056  -2.625870917274457  -29.93684409713723
-5.818242783876402  44.87329843324557  -42.867657792562404
12.826820966661662  -3.9886190938554384  32.08228798685896
9.148061072060257  13.008651448891948  -19.850129260020694
