C   0.0312761894  0.3325787020  0.3921268865
C   2.5142844942  0.0353324016  -1.1018386595
C   4.9252439858  -0.2835608636  0.5070413448
F   6.8883627397  -0.4438221189  -1.0296201641
F   5.2462201872  1.6753003640  2.0249457599
F   4.8064974814  -2.3659705248  1.8823453710
F   2.3117514665  -1.9952204678  -2.5857606942
F   2.8193626358  2.0865350996  -2.5388803036
O   -1.8742344892  0.5212469788  -1.3312789038
C   -4.2282007527  0.9583221242  -0.4466698579
C   -5.9000882724  -0.8370204200  -0.0609353490
F   -8.2214424924  -0.3996087286  0.6493289954
F   -5.4264304378  -3.2397925390  -0.3563925299
F   -4.8175121090  3.3663577508  -0.1548723274
F   0.1446395410  2.3743489791  1.8640478488
F   -0.3138065626  -1.6585597583  1.9017341595
momentum
-19.52869090616666  -31.84982742386566  5.87989145938484
-30.136171759196085  0.6951731687125039  10.970863184109705
30.19436509530153  40.01533382970926  11.93165474089959
-13.085439444197396  -8.148729314247158  -9.900782996046217
-2.807202222303347  -15.757100760424398  -3.695483276575848
-28.544495928567525  -41.63107667406333  27.62747499175105
25.993514175209594  29.9269935539092  6.241034370180084
30.78453049172279  -43.62578219756715  -14.820079331025651
-3.1820519464492643  31.792946792250028  -31.949700725937763
-43.29784663110897  19.007210392802172  48.87182475735525
-9.940403630837878  1.8706344849433845  23.699347457105905
15.147804588248166  29.113385113902147  -7.6540515191297205
-2.7629353653955446  -39.772208995274276  -16.618583761918973
-36.66049791331327  -33.32651864468226  -13.463496117174861
6.308585526594416  36.78379739613938  17.40088486297193
81.19381795934079  24.93139270558213  -54.60182292992955
