C   0.0312761894  0.3325787020  0.3921268865
C   2.5142844942  0.0353324016  -1.1018386595
C   4.9252439858  -0.2835608636  0.5070413448
F   6.8883627397  -0.4438221189  -1.0296201641
F   5.2462201872  1.6753003640  2.0249457599
F   4.8064974814  -2.3659705248  1.8823453710
F   2.3117514665  -1.9952204678  -2.5857606942
F   2.8193626358  2.0865350996  -2.5388803036
O   -1.8742344892  0.5212469788  -1.3312789038
C   -4.2282007527  0.9583221242  -0.4466698579
C   -5.9000882724  -0.8370204200  -0.0609353490
F   -8.2214424924  -0.3996087286  0.6493289954
F   -5.4264304378  -3.2397925390  -0.3563925299
F   -4.8175121090  3.3663577508  -0.1548723274
F   0.1446395410  2.3743489791  1.8640478488
F   -0.3138065626  -1.6585597583  1.9017341595
momentum
-7.872841169865008  68.24102457062764  26.141894313182146
-15.410077071865926  -21.687072823564552  -9.984690250015671
18.943234607646726  21.644082658390648  -9.157865994685668
-35.541556748754154  25.664277209240986  -21.575589005738486
19.088515031216936  -23.131076211670873  8.92819900011365
58.87194991608629  -19.073967620635827  50.051702645161434
-40.74443349328055  56.78131549321343  8.722921299282099
1.5854693455403308  -48.37887000192641  29.101361900630874
-12.95816980390296  -11.076625294496004  -9.536546323366913
-8.407152707652099  -30.310066150507375  12.567520761631767
26.16307048786249  -25.27502969536106  3.1048992595406517
-11.363778857294694  -23.343785050251718  -4.402488685027011
-56.645868459081186  31.436732257923264  -31.197766601542387
52.15393752521953  5.455294858804305  -8.672253487293373
6.219260550748302  15.790773416269998  -47.99474576716804
5.798675667735222  -22.567862909917178  3.861211498396021
