C   0.0312761894  0.3325787020  0.3921268865
C   2.5142844942  0.0353324016  -1.1018386595
C   4.9252439858  -0.2835608636  0.5070413448
F   6.8883627397  -0.4438221189  -1.0296201641
F   5.2462201872  1.6753003640  2.0249457599
F   4.8064974814  -2.3659705248  1.8823453710
F   2.3117514665  -1.9952204678  -2.5857606942
F   2.8193626358  2.0865350996  -2.5388803036
O   -1.8742344892  0.5212469788  -1.3312789038
C   -4.2282007527  0.9583221242  -0.4466698579
C   -5.9000882724  -0.8370204200  -0.0609353490
F   -8.2214424924  -0.3996087286  0.6493289954
F   -5.4264304378  -3.2397925390  -0.3563925299
F   -4.8175121090  3.3663577508  -0.1548723274
F   0.1446395410  2.3743489791  1.8640478488
F   -0.3138065626  -1.6585597583  1.9017341595
momentum
-12.006469492511336  6.5870196263216965  16.358854388601067
55.020501528998814  53.41311008177939  18.126667209811828
-12.469648374474337  5.369759638192904  34.0301981727484
-12.883081612318207  -0.9426132715963726  -6.5864732976867115
-25.59913526647378  4.047119530724401  -30.65837694583715
-2.553258290735943  -19.560857688458647  28.93167313706692
9.395647343469475  25.65357923819935  -85.25198009140242
52.6764152730346  -28.146127249814835  12.227433513838859
-39.00926446787925  -20.509797468947724  24.489518512534858
17.392323275063823  -5.78139892841133  9.800208798166095
15.652405111098972  -21.940483404558194  -35.27876815532944
-35.8562844604602  15.448620732577135  27.661342306720247
38.07589250005358  -8.96556364621721  33.65977465555766
1.0936744193017636  19.403514609326884  10.139835081219243
10.719758077658089  -51.12600295428217  -53.34089382945627
-59.75826588879154  26.93783788341268  -4.379269978726863
