C   0.0312761894  0.3325787020  0.3921268865
C   2.5142844942  0.0353324016  -1.1018386595
C   4.9252439858  -0.2835608636  0.5070413448
F   6.8883627397  -0.4438221189  -1.0296201641
F   5.2462201872  1.6753003640  2.0249457599
F   4.8064974814  -2.3659705248  1.8823453710
F   2.3117514665  -1.9952204678  -2.5857606942
F   2.8193626358  2.0865350996  -2.5388803036
O   -1.8742344892  0.5212469788  -1.3312789038
C   -4.2282007527  0.9583221242  -0.4466698579
C   -5.9000882724  -0.8370204200  -0.0609353490
F   -8.2214424924  -0.3996087286  0.6493289954
F   -5.4264304378  -3.2397925390  -0.3563925299
F   -4.8175121090  3.3663577508  -0.1548723274
F   0.1446395410  2.3743489791  1.8640478488
F   -0.3138065626  -1.6585597583  1.9017341595
momentum
-5.356359026488759  83.4095871042847  17.90612548020685
7.958312929034293  1.4138710270897823  39.458128105833765
29.40305771329664  -34.21223295253168  6.421208478817509
47.45966252977786  -34.11811019096139  -11.239384361655697
23.88138003549249  67.33390611776898  -42.43360665027002
-59.4121906843916  -57.27449833804305  12.83134816016452
4.485689546252425  19.454587488909688  -91.73672026209148
-4.507826256396713  -24.15345000721599  24.855895432096222
50.021482437066105  -19.043710953758037  -11.481575728048089
4.891816516813438  -37.472325130593845  8.862602130061472
-32.4860891121841  -31.695662713563593  -7.620141940780072
13.477226120607591  8.696173587254814  51.60781553625867
-4.7910624327381495  -31.347327033003662  -83.77790764838389
-25.384915774215568  20.91001536091214  7.675311732512118
-38.28538073566828  57.354851561284626  -6.075694639657913
-11.063544234314625  11.122273462175727  84.53236355031173
