C   0.0312761894  0.3325787020  0.3921268865
C   2.5142844942  0.0353324016  -1.1018386595
C   4.9252439858  -0.2835608636  0.5070413448
F   6.8883627397  -0.4438221189  -1.0296201641
F   5.2462201872  1.6753003640  2.0249457599
F   4.8064974814  -2.3659705248  1.8823453710
F   2.3117514665  -1.9952204678  -2.5857606942
F   2.8193626358  2.0865350996  -2.5388803036
O   -1.8742344892  0.5212469788  -1.3312789038
C   -4.2282007527  0.9583221242  -0.4466698579
C   -5.9000882724  -0.8370204200  -0.0609353490
F   -8.2214424924  -0.3996087286  0.6493289954
F   -5.4264304378  -3.2397925390  -0.3563925299
F   -4.8175121090  3.3663577508  -0.1548723274
F   0.1446395410  2.3743489791  1.8640478488
F   -0.3138065626  -1.6585597583  1.9017341595
momentum
-44.72854065868818  -49.060888316442714  -75.08072998936674
-7.009044084275193  23.14649411206635  -4.9010048371071235
19.390645942291947  3.7279462964035335  4.559623171572726
-60.06086875219792  -38.94970689534072  -25.06102268712996
-10.698517921142557  20.60269728434238  9.517199685357875
61.116561921769176  -15.393590927646315  31.741791424433934
45.82659700113786  65.92428700341112  20.82942161512633
-41.735018949568854  -4.4004895609145125  11.796442281422628
25.420683904378173  5.697659033921041  39.78020253268979
-28.266060041537656  -39.54621898614792  -11.047627642517305
-38.4457681381554  12.285109830083288  -13.964118301752922
9.648707073578025  43.793405180217064  39.21991510350537
-33.30529345709471  -58.13998377468624  -48.52161426307145
54.13799848625612  38.17862792106093  -26.626214521991933
-15.03913649714365  -20.94579756205819  -3.424735832970589
63.61318877371793  13.090917966225232  50.99451024270522
