C   0.0312761894  0.3325787020  0.3921268865
C   2.5142844942  0.0353324016  -1.1018386595
C   4.9252439858  -0.2835608636  0.5070413448
F   6.8883627397  -0.4438221189  -1.0296201641
F   5.2462201872  1.6753003640  2.0249457599
F   4.8064974814  -2.3659705248  1.8823453710
F   2.3117514665  -1.9952204678  -2.5857606942
F   2.8193626358  2.0865350996  -2.5388803036
O   -1.8742344892  0.5212469788  -1.3312789038
C   -4.2282007527  0.9583221242  -0.4466698579
C   -5.9000882724  -0.8370204200  -0.0609353490
F   -8.2214424924  -0.3996087286  0.6493289954
F   -5.4264304378  -3.2397925390  -0.3563925299
F   -4.8175121090  3.3663577508  -0.1548723274
F   0.1446395410  2.3743489791  1.8640478488
F   -0.3138065626  -1.6585597583  1.9017341595
momentum
-21.681465452048506  51.09201079208586  35.226673631239564
10.449173858340673  35.35486240703862  -10.391807381093123
-7.324685253539169  0.5173294210157888  22.136334549381196
1.1449409866580993  18.525211435404906  -37.33561489532753
-7.807478342532483  7.179858366101619  14.90830317183895
52.72035708438235  -46.839534889285815  -28.072319131841695
-34.60612936801404  2.4376317197436688  22.817679093364728
-24.509580444990174  -35.66049907408034  40.592921876924486
-7.275952442095364  58.0220773464396  37.73424669322356
-6.854897403869928  -33.96103627001911  -49.7530285049996
0.5774821106463184  -23.874144159703214  29.059157755636324
12.125319824983134  -9.49065700343005  -40.09976099343528
-24.958911929689318  -34.295982201466124  4.3705917152201765
13.565622555074006  45.83354593340407  -25.8108390372289
61.5698485002351  -12.385127014903428  -48.06377157288278
-16.948906258006353  -21.998493087536175  32.76944081072866
