C   0.0312761894  0.3325787020  0.3921268865
C   2.5142844942  0.0353324016  -1.1018386595
C   4.9252439858  -0.2835608636  0.5070413448
F   6.8883627397  -0.4438221189  -1.0296201641
F   5.2462201872  1.6753003640  2.0249457599
F   4.8064974814  -2.3659705248  1.8823453710
F   2.3117514665  -1.9952204678  -2.5857606942
F   2.8193626358  2.0865350996  -2.5388803036
O   -1.8742344892  0.5212469788  -1.3312789038
C   -4.2282007527  0.9583221242  -0.4466698579
C   -5.9000882724  -0.8370204200  -0.0609353490
F   -8.2214424924  -0.3996087286  0.6493289954
F   -5.4264304378  -3.2397925390  -0.3563925299
F   -4.8175121090  3.3663577508  -0.1548723274
F   0.1446395410  2.3743489791  1.8640478488
F   -0.3138065626  -1.6585597583  1.9017341595
momentum
-10.980095007880308  -57.29022173107338  -17.571967658987543
0.45535251390409875  7.7829609866407266  -17.540846503377587
20.689282747623675  42.99554220006117  -3.0019083377753173
31.663851158272973  -20.755906950148926  27.658906522266943
-13.205497488929048  -13.293372987826475  44.124953698949305
38.43763788165627  -3.636320983381845  -27.403707559232682
24.036440451355638  23.142030856437398  -24.19721330677838
-37.088495796315975  13.917110190880415  -60.331938736306626
17.741946022958718  -2.7196657370297204  47.822506478961685
-0.5692229081864457  34.38335683604985  -25.710231125043055
13.981395125649613  -53.48135200974452  -9.27282268821125
-56.00193525274617  30.330430052540777  -1.926060590964889
-8.16059960112513  67.33939632438441  38.94838198083741
-55.263971819073475  -8.62128637920727  -40.696355724760316
39.67092469193369  -19.309928904085808  20.706354056252597
-5.5655224647301775  -41.092489221383154  48.45455109989928
