C   0.0312761894  0.3325787020  0.3921268865
C   2.5142844942  0.0353324016  -1.1018386595
C   4.9252439858  -0.2835608636  0.5070413448
F   6.8883627397  -0.4438221189  -1.0296201641
F   5.2462201872  1.6753003640  2.0249457599
F   4.8064974814  -2.3659705248  1.8823453710
F   2.3117514665  -1.9952204678  -2.5857606942
F   2.8193626358  2.0865350996  -2.5388803036
O   -1.8742344892  0.5212469788  -1.3312789038
C   -4.2282007527  0.9583221242  -0.4466698579
C   -5.9000882724  -0.8370204200  -0.0609353490
F   -8.2214424924  -0.3996087286  0.6493289954
F   -5.4264304378  -3.2397925390  -0.3563925299
F   -4.8175121090  3.3663577508  -0.1548723274
F   0.1446395410  2.3743489791  1.8640478488
F   -0.3138065626  -1.6585597583  1.9017341595
momentum
16.84206343103889  33.68374717879755  -40.732010713312974
44.78785678690349  -18.42222145503998  10.50653072604414
-44.08757748684889  9.54518784670724  -11.18891431803594
15.340119199407697  0.7417635260820036  -9.892283403192101
7.975805006218398  20.346013081265653  14.748485417321088
-10.206686251516418  24.365032417794506  43.14868765014386
-15.991531604434764  -8.968306292412782  -53.70538959374233
35.134363842352776  -33.727172044052104  12.060969302781112
-17.473594524043953  60.71895522489938  8.679534767325482
-2.434406532630792  33.95413272198866  -23.227360338808968
33.79449592733388  -47.15984978094405  10.52457066449428
-10.528528082214867  -15.07794827683664  28.72108263125688
-16.582446305813406  1.4852046430071733  -11.592157425365649
14.630990939057291  7.875583878854648  28.097188521843115
-18.623818904358334  0.7758003513000903  -39.13116426864375
-32.67763968512842  -70.37826221520517  33.11958188601312
