C   0.0312761894  0.3325787020  0.3921268865
C   2.5142844942  0.0353324016  -1.1018386595
C   4.9252439858  -0.2835608636  0.5070413448
F   6.8883627397  -0.4438221189  -1.0296201641
F   5.2462201872  1.6753003640  2.0249457599
F   4.8064974814  -2.3659705248  1.8823453710
F   2.3117514665  -1.9952204678  -2.5857606942
F   2.8193626358  2.0865350996  -2.5388803036
O   -1.8742344892  0.5212469788  -1.3312789038
C   -4.2282007527  0.9583221242  -0.4466698579
C   -5.9000882724  -0.8370204200  -0.0609353490
F   -8.2214424924  -0.3996087286  0.6493289954
F   -5.4264304378  -3.2397925390  -0.3563925299
F   -4.8175121090  3.3663577508  -0.1548723274
F   0.1446395410  2.3743489791  1.8640478488
F   -0.3138065626  -1.6585597583  1.9017341595
momentum
3.0830980954632605  12.202730121915998  -22.627052943945063
-16.734571481451677  15.013979580159587  1.8040054729287311
-12.183920832540494  28.340814004551152  -61.21078960515899
3.38625893824804  -13.040571516773355  23.835366074546958
-26.300275556603903  53.04566623455537  1.5021217148291128
-33.92127159956634  -29.014885104260028  -45.535320142098406
24.845327822977037  -96.67249616506855  36.58116041416557
9.558515230070912  24.34305254363279  73.31952805078178
26.473816648641968  -18.08358958520715  18.33521221983424
57.2980755869417  -8.671719318519115  -10.806797465020415
-10.560742237485629  12.25414349067632  -10.353909459224477
-15.526309949197792  -2.413438226174562  11.77723007649554
-35.48582737005703  15.864999306448501  -5.720571749033867
-38.914929166991136  -24.666803392436407  18.697590409614353
37.43147301814332  11.91153673810782  4.4125023448180825
27.800225951919042  19.536013249598753  -33.490623381862314
