C   0.0312761894  0.3325787020  0.3921268865
C   2.5142844942  0.0353324016  -1.1018386595
C   4.9252439858  -0.2835608636  0.5070413448
F   6.8883627397  -0.4438221189  -1.0296201641
F   5.2462201872  1.6753003640  2.0249457599
F   4.8064974814  -2.3659705248  1.8823453710
F   2.3117514665  -1.9952204678  -2.5857606942
F   2.8193626358  2.0865350996  -2.5388803036
O   -1.8742344892  0.5212469788  -1.3312789038
C   -4.2282007527  0.9583221242  -0.4466698579
C   -5.9000882724  -0.8370204200  -0.0609353490
F   -8.2214424924  -0.3996087286  0.6493289954
F   -5.4264304378  -3.2397925390  -0.3563925299
F   -4.8175121090  3.3663577508  -0.1548723274
F   0.1446395410  2.3743489791  1.8640478488
F   -0.3138065626  -1.6585597583  1.9017341595
momentum
30.405845992057817  28.762619874126425  23.43309545906537
-8.426185464962684  40.73273705781196  3.634545372688011
14.336669951164625  6.468924803943631  -16.59950520208035
-55.44470579274493  -10.560318626910176  3.0692989066235232
-7.9671404130562165  -2.993585965595506  -35.444630149872005
-20.668859563884673  -28.693028530427362  6.145962704981118
18.69150005237742  6.727831912973916  15.361145300060732
51.80796016907338  -24.643341614944593  -28.050851266764777
-0.04303422946327153  20.164709233410846  48.985987402390606
-5.789850358599905  10.463068178187958  -3.6798659673100143
15.019572423982664  -33.31000292710947  -5.798783588712548
-10.796957407492373  6.340751372648012  35.10762950816351
5.7295753508023735  -29.85933828210937  -63.26799611033409
-18.546401671227844  -27.1341593363671  -14.51678237817352
40.74658257914288  46.52038047230808  14.743824746798603
-49.094274012917374  -9.134653457948785  16.825777128195057
