C   0.0312761894  0.3325787020  0.3921268865
C   2.5142844942  0.0353324016  -1.1018386595
C   4.9252439858  -0.2835608636  0.5070413448
F   6.8883627397  -0.4438221189  -1.0296201641
F   5.2462201872  1.6753003640  2.0249457599
F   4.8064974814  -2.3659705248  1.8823453710
F   2.3117514665  -1.9952204678  -2.5857606942
F   2.8193626358  2.0865350996  -2.5388803036
O   -1.8742344892  0.5212469788  -1.3312789038
C   -4.2282007527  0.9583221242  -0.4466698579
C   -5.9000882724  -0.8370204200  -0.0609353490
F   -8.2214424924  -0.3996087286  0.6493289954
F   -5.4264304378  -3.2397925390  -0.3563925299
F   -4.8175121090  3.3663577508  -0.1548723274
F   0.1446395410  2.3743489791  1.8640478488
F   -0.3138065626  -1.6585597583  1.9017341595
momentum
22.51568697286699  -58.74426766484097  29.12907272503303
40.27387625026948  33.713336362888  22.906494828603186
-9.823888706136538  19.117364090866744  13.665673822909469
22.63501590672953  24.681738273823356  -1.0418855366467477
-35.54611055466969  5.03947086842783  -3.8370388522064864
-4.788568558762452  -42.323751911172  -14.066925955813605
-45.861384301121426  57.65985522353614  1.770660743246184
-5.714960350550244  -38.69485394847268  -24.954589806845004
5.637206579993693  11.688364532711049  -73.1664789032214
1.368654697549302  -12.64377158902584  -28.610286618519147
-37.006467310002094  1.655583390383695  15.93872312105896
1.9040486028788504  2.1469793203067864  -3.4524566983309786
28.285842488568154  77.5766544334916  33.476524650342895
45.81222783872164  -63.373399607461344  10.440266698411662
-21.28175826733937  12.50736990628997  -11.907520528515313
-8.212978115925171  -29.64877139085936  33.48553005883387
