C   0.0312761894  0.3325787020  0.3921268865
C   2.5142844942  0.0353324016  -1.1018386595
C   4.9252439858  -0.2835608636  0.5070413448
F   6.8883627397  -0.4438221189  -1.0296201641
F   5.2462201872  1.6753003640  2.0249457599
F   4.8064974814  -2.3659705248  1.8823453710
F   2.3117514665  -1.9952204678  -2.5857606942
F   2.8193626358  2.0865350996  -2.5388803036
O   -1.8742344892  0.5212469788  -1.3312789038
C   -4.2282007527  0.9583221242  -0.4466698579
C   -5.9000882724  -0.8370204200  -0.0609353490
F   -8.2214424924  -0.3996087286  0.6493289954
F   -5.4264304378  -3.2397925390  -0.3563925299
F   -4.8175121090  3.3663577508  -0.1548723274
F   0.1446395410  2.3743489791  1.8640478488
F   -0.3138065626  -1.6585597583  1.9017341595
momentum
1.5676851121493944  68.76980995962866  19.157754273538092
20.923972857800337  -4.234164376864265  -20.931937204819885
54.843027412203575  -21.95462038112259  -26.398198076755364
25.10897057338167  6.3087235823443  27.754650972316302
-36.1252010964717  2.1288465990325163  -24.459579918863533
-37.09798200790905  -36.75515588464388  -28.803608734113443
-17.698066733468785  19.44438219130912  42.4840572761122
-28.982371221596424  -18.217194081214927  -7.628769794838524
1.7075956125323157  4.913487619285914  12.197318233610412
40.18101571876851  11.787657690878477  5.881677601422071
-10.133355867166289  -44.00678349099654  -30.2211420317233
16.268326227807943  30.08406484078745  -11.43678838623048
-2.3676236900132226  -1.2027981266996748  9.62854664603693
-48.79827161155087  10.783076966938285  -2.2995366716722963
-38.90337613617861  -1.4896871556894695  7.404234369741479
59.47892361402463  -26.106580240749352  27.42938226368977
