C   0.0312761894  0.3325787020  0.3921268865
C   2.5142844942  0.0353324016  -1.1018386595
C   4.9252439858  -0.2835608636  0.5070413448
F   6.8883627397  -0.4438221189  -1.0296201641
F   5.2462201872  1.6753003640  2.0249457599
F   4.8064974814  -2.3659705248  1.8823453710
F   2.3117514665  -1.9952204678  -2.5857606942
F   2.8193626358  2.0865350996  -2.5388803036
O   -1.8742344892  0.5212469788  -1.3312789038
C   -4.2282007527  0.9583221242  -0.4466698579
C   -5.9000882724  -0.8370204200  -0.0609353490
F   -8.2214424924  -0.3996087286  0.6493289954
F   -5.4264304378  -3.2397925390  -0.3563925299
F   -4.8175121090  3.3663577508  -0.1548723274
F   0.1446395410  2.3743489791  1.8640478488
F   -0.3138065626  -1.6585597583  1.9017341595
momentum
-14.627705746447896  33.64442773575515  25.99477105081367
16.646477537781514  31.312744806830853  2.16552601276215
-8.608076430822491  22.036997810281665  9.369861393548636
5.113504489351205  25.271974545770664  -5.9278593965642745
53.40178738471776  -47.422232344882474  -20.029211598683304
-18.392307165381133  24.823795086472845  30.698635980184758
37.10469428493724  10.223359089540404  7.98458153128132
2.2278687804796427  -32.27778044147579  -21.29572222074341
62.64845773688735  10.761323962070653  17.725165770378478
43.24928200389347  23.414696364330073  -15.286253440130952
-35.784710837881285  3.2104278208102692  8.64772023049726
-8.210953161450186  -9.368345797921782  -1.7217192471836809
-35.636657203025045  8.104685011086508  35.436900449555246
-38.5821894580836  4.288768507740022  17.44689776040608
-48.26202795115652  -33.799552108921596  -48.592451166192674
-12.710629296267005  -74.7337727123016  -42.64397049021181
