C   0.0312761894  0.3325787020  0.3921268865
C   2.5142844942  0.0353324016  -1.1018386595
C   4.9252439858  -0.2835608636  0.5070413448
F   6.8883627397  -0.4438221189  -1.0296201641
F   5.2462201872  1.6753003640  2.0249457599
F   4.8064974814  -2.3659705248  1.8823453710
F   2.3117514665  -1.9952204678  -2.5857606942
F   2.8193626358  2.0865350996  -2.5388803036
O   -1.8742344892  0.5212469788  -1.3312789038
C   -4.2282007527  0.9583221242  -0.4466698579
C   -5.9000882724  -0.8370204200  -0.0609353490
F   -8.2214424924  -0.3996087286  0.6493289954
F   -5.4264304378  -3.2397925390  -0.3563925299
F   -4.8175121090  3.3663577508  -0.1548723274
F   0.1446395410  2.3743489791  1.8640478488
F   -0.3138065626  -1.6585597583  1.9017341595
momentum
-9.350536541275796  -13.3104695105574  22.842526845674712
-0.013248871632270965  -13.16821964993822  42.744511499059655
31.57577456681781  -16.939993799114355  -6.692155906640718
-21.023597553458803  -33.9282628401919  -27.28521092375009
-6.45887872923018  18.44051669681757  22.75946655709353
-10.638687968816765  5.607838720037712  -38.45566081864183
55.026267069057994  -12.902282130448958  37.878858635669815
-12.699122596670215  52.96243317322114  -1.5329380981594674
-12.902024787941402  12.425268014342965  -36.92944850309281
-9.193655531822012  -12.408491123901813  -30.937249294809895
3.066915898183448  -2.312155011530623  -26.930395696041966
4.337289902923349  34.439724058147014  26.964421006148235
20.333078021268793  -24.235302095681746  23.67353902081391
0.25245596664369463  -14.224249926235675  15.179037348436813
3.6980070778105616  27.56875926066362  -1.8137169198833702
-35.85410676253767  -7.941544543434279  -21.329443658789803
