C   0.0312761894  0.3325787020  0.3921268865
C   2.5142844942  0.0353324016  -1.1018386595
C   4.9252439858  -0.2835608636  0.5070413448
F   6.8883627397  -0.4438221189  -1.0296201641
F   5.2462201872  1.6753003640  2.0249457599
F   4.8064974814  -2.3659705248  1.8823453710
F   2.3117514665  -1.9952204678  -2.5857606942
F   2.8193626358  2.0865350996  -2.5388803036
O   -1.8742344892  0.5212469788  -1.3312789038
C   -4.2282007527  0.9583221242  -0.4466698579
C   -5.9000882724  -0.8370204200  -0.0609353490
F   -8.2214424924  -0.3996087286  0.6493289954
F   -5.4264304378  -3.2397925390  -0.3563925299
F   -4.8175121090  3.3663577508  -0.1548723274
F   0.1446395410  2.3743489791  1.8640478488
F   -0.3138065626  -1.6585597583  1.9017341595
momentum
11.909803576920742  -24.639136372503767  -18.282297064595905
-18.41649387334804  18.799655063794855  3.9439419472264508
23.899082574204918  13.560765656462406  32.74515951580104
-14.244038611689033  -12.922223177419083  -8.982506714940083
11.48407031986071  63.426407426146056  30.514735143642618
65.2820364641513  13.376021445439912  33.0968122976119
-67.25699729843743  -11.602250730594799  -0.014301439791388853
32.381945187637  -39.440911511693685  -20.004692960447326
-17.967583649387826  63.14429429395823  19.474858725663367
18.509302267074375  12.45158885086466  6.338100873252346
-22.165438406609276  13.84259191027422  27.8152783488337
-23.75090062633412  -21.221076813578453  -17.25357998489248
-14.842751631612535  26.299057410266585  -13.278869080742577
-7.152299341580173  -48.80075242580066  7.556889084940085
49.483929949654694  -56.55534870549065  -20.740807949348117
-27.014193727163875  -9.962028736412663  -62.72826733668263
