C   0.0312761894  0.3325787020  0.3921268865
C   2.5142844942  0.0353324016  -1.1018386595
C   4.9252439858  -0.2835608636  0.5070413448
F   6.8883627397  -0.4438221189  -1.0296201641
F   5.2462201872  1.6753003640  2.0249457599
F   4.8064974814  -2.3659705248  1.8823453710
F   2.3117514665  -1.9952204678  -2.5857606942
F   2.8193626358  2.0865350996  -2.5388803036
O   -1.8742344892  0.5212469788  -1.3312789038
C   -4.2282007527  0.9583221242  -0.4466698579
C   -5.9000882724  -0.8370204200  -0.0609353490
F   -8.2214424924  -0.3996087286  0.6493289954
F   -5.4264304378  -3.2397925390  -0.3563925299
F   -4.8175121090  3.3663577508  -0.1548723274
F   0.1446395410  2.3743489791  1.8640478488
F   -0.3138065626  -1.6585597583  1.9017341595
momentum
-36.72295925488821  27.681957397866523  27.538786713461338
18.50536619607595  10.852124850074098  -8.504544249483176
26.83301936846099  7.720969339482335  -31.128999382234014
-27.109754592504924  -44.86179864649964  18.21466272137789
50.77717083665471  54.58943811168759  33.45635833285954
-41.03569122918759  -76.4233300902051  -30.95937753087218
3.7902620629113897  -2.4606745101600334  51.59585238955148
8.504756917517717  7.867290369780255  -52.88525068453039
23.654130309596436  11.469698104295428  -7.666248362481127
-13.477864728691262  -6.871240127964977  18.45544824103723
-3.293068813964464  -7.881899119810636  -6.494988783719384
-35.216407224398644  -51.13949834471376  18.48275331471933
41.182718731518214  13.060895623314565  -33.750914387262554
-22.022435744284227  52.003682694642215  -1.9791329145921928
-34.5376529593176  4.445424044247941  -19.195770298608938
39.640704042141756  0.2071599868984988  24.801431615563228
