C   0.0312761894  0.3325787020  0.3921268865
C   2.5142844942  0.0353324016  -1.1018386595
C   4.9252439858  -0.2835608636  0.5070413448
F   6.8883627397  -0.4438221189  -1.0296201641
F   5.2462201872  1.6753003640  2.0249457599
F   4.8064974814  -2.3659705248  1.8823453710
F   2.3117514665  -1.9952204678  -2.5857606942
F   2.8193626358  2.0865350996  -2.5388803036
O   -1.8742344892  0.5212469788  -1.3312789038
C   -4.2282007527  0.9583221242  -0.4466698579
C   -5.9000882724  -0.8370204200  -0.0609353490
F   -8.2214424924  -0.3996087286  0.6493289954
F   -5.4264304378  -3.2397925390  -0.3563925299
F   -4.8175121090  3.3663577508  -0.1548723274
F   0.1446395410  2.3743489791  1.8640478488
F   -0.3138065626  -1.6585597583  1.9017341595
momentum
-9.7890022681377  -6.909327059268855  1.1813146110123796
-41.659356513435306  5.837613561989273  -10.437356206070989
-31.198331795090745  -0.1765241158071112  21.98914870434838
-2.3071874174228517  -8.270683685764162  -38.063775091567216
87.4748976892359  45.25355570432417  3.3110712595628953
-14.860580428341141  -18.6976295165405  20.05176171361172
-23.89038919758513  -19.962420532993832  -52.2412388660357
45.36575078567802  13.528206817675184  53.17749095680028
35.61888101745152  -8.082395494163089  -42.72422475348837
-25.697252068210062  20.72961277901462  -23.54773192281575
16.496267523179974  33.82860827386082  -9.597146120918167
-14.268736162137673  -35.40837493379197  -23.639788897261454
-19.103823123269382  -17.05906998919242  27.33600691333651
19.1530040431014  -0.09949601954813327  37.06556039283985
-60.78176429179046  45.78014484890921  -21.45178130499669
39.59722596328509  -50.26921125630493  57.89777659529295
