C   0.0312761894  0.3325787020  0.3921268865
C   2.5142844942  0.0353324016  -1.1018386595
C   4.9252439858  -0.2835608636  0.5070413448
F   6.8883627397  -0.4438221189  -1.0296201641
F   5.2462201872  1.6753003640  2.0249457599
F   4.8064974814  -2.3659705248  1.8823453710
F   2.3117514665  -1.9952204678  -2.5857606942
F   2.8193626358  2.0865350996  -2.5388803036
O   -1.8742344892  0.5212469788  -1.3312789038
C   -4.2282007527  0.9583221242  -0.4466698579
C   -5.9000882724  -0.8370204200  -0.0609353490
F   -8.2214424924  -0.3996087286  0.6493289954
F   -5.4264304378  -3.2397925390  -0.3563925299
F   -4.8175121090  3.3663577508  -0.1548723274
F   0.1446395410  2.3743489791  1.8640478488
F   -0.3138065626  -1.6585597583  1.9017341595
momentum
20.184408425786554  -7.24251975215427  0.48271838505730924
8.076387304954725  27.061637226932618  4.302703195698289
-45.87401900880395  5.95023384053945  9.890386711214674
24.522212327495676  -17.266760224358737  -9.069650487918404
66.38310614688555  -29.04910173796707  -13.71957867625409
-0.17104865026302685  2.2822777448954663  24.274145563383385
64.003991547904  37.40576928511649  11.807978106002313
-9.172579410690028  -47.6047499932124  -12.170006034214937
-6.973698614206789  -28.171076784855554  15.77614889652732
9.894740574540174  42.53181183722178  38.92001405071967
5.803127291278096  4.363068428139987  -20.647688754265225
-39.00093205507546  -56.33521874458719  15.681198411852236
4.482953611935115  34.621035053055145  16.0271961701414
-23.87500668760152  25.605386609485215  -2.460930169555891
-59.514792681066496  -2.935311077877138  -16.753910900196868
-19.447255818050078  8.173839167624749  -62.320522460401
