C   0.0312761894  0.3325787020  0.3921268865
C   2.5142844942  0.0353324016  -1.1018386595
C   4.9252439858  -0.2835608636  0.5070413448
F   6.8883627397  -0.4438221189  -1.0296201641
F   5.2462201872  1.6753003640  2.0249457599
F   4.8064974814  -2.3659705248  1.8823453710
F   2.3117514665  -1.9952204678  -2.5857606942
F   2.8193626358  2.0865350996  -2.5388803036
O   -1.8742344892  0.5212469788  -1.3312789038
C   -4.2282007527  0.9583221242  -0.4466698579
C   -5.9000882724  -0.8370204200  -0.0609353490
F   -8.2214424924  -0.3996087286  0.6493289954
F   -5.4264304378  -3.2397925390  -0.3563925299
F   -4.8175121090  3.3663577508  -0.1548723274
F   0.1446395410  2.3743489791  1.8640478488
F   -0.3138065626  -1.6585597583  1.9017341595
momentum
-1.0372819881872755  -19.018190597318053  -53.94023508145419
-17.40401136177638  -3.734682173380458  21.234144615854603
-1.0715726629356934  13.576954524144991  3.4519415377260367
8.661873035839504  18.70573639970758  2.6075128661829785
20.546395426361425  -27.326522366353185  -22.62460838921476
-36.29279820800961  33.24432422236514  8.822988445158302
67.14218481555189  -25.848469457503004  9.18423525622296
5.564717914519018  -20.93278662351511  42.594483820453654
-34.25580975628808  39.09172637889754  17.0416776030012
17.73308718626128  38.81980538273253  23.69126535120745
-24.55871207607103  -12.213111144197294  2.572716298672984
35.04646953357924  2.53964530351507  21.094904846929058
25.318477918720838  1.844947347912275  -16.80889786402151
-67.93839357512924  35.76247254048808  9.54427867182164
11.431832703185993  -16.804834703084307  -78.82918251092245
-9.167862954696334  -58.1425690842313  10.495053363380904
