C   0.0312761894  0.3325787020  0.3921268865
C   2.5142844942  0.0353324016  -1.1018386595
C   4.9252439858  -0.2835608636  0.5070413448
F   6.8883627397  -0.4438221189  -1.0296201641
F   5.2462201872  1.6753003640  2.0249457599
F   4.8064974814  -2.3659705248  1.8823453710
F   2.3117514665  -1.9952204678  -2.5857606942
F   2.8193626358  2.0865350996  -2.5388803036
O   -1.8742344892  0.5212469788  -1.3312789038
C   -4.2282007527  0.9583221242  -0.4466698579
C   -5.9000882724  -0.8370204200  -0.0609353490
F   -8.2214424924  -0.3996087286  0.6493289954
F   -5.4264304378  -3.2397925390  -0.3563925299
F   -4.8175121090  3.3663577508  -0.1548723274
F   0.1446395410  2.3743489791  1.8640478488
F   -0.3138065626  -1.6585597583  1.9017341595
momentum
-24.316537081202423  -49.72645146881623  -29.166176825744405
20.46455645599972  47.2254493020363  -18.01417614816343
-37.64341617031772  2.9775321692226044  19.308957152964744
-50.00022906402756  -9.077465760423966  -24.43717177720487
24.02115488930006  2.5580742139562602  59.02393152212464
-15.27832416666294  1.8322902649199353  2.767657282547558
4.707972582991976  -40.33721136029644  -38.53219238997
-18.3063749133622  -24.120603778687077  1.1305911106604987
23.91462682918928  20.440165007064074  25.65988779071084
30.017159864514817  10.534335298090255  68.75984384735716
32.802774293153476  6.303812928506515  -8.556713436391115
-32.01343592264654  -42.136007260011716  -34.827972645508204
3.6437069331290513  -29.071451622854195  24.783766060863066
-18.175411334255557  47.20708641776883  -21.144363510181332
41.402160709766385  31.52443326444392  0.36683471295974307
14.01797194138311  23.773406288509573  -26.600608595340667
