C   0.0312761894  0.3325787020  0.3921268865
C   2.5142844942  0.0353324016  -1.1018386595
C   4.9252439858  -0.2835608636  0.5070413448
F   6.8883627397  -0.4438221189  -1.0296201641
F   5.2462201872  1.6753003640  2.0249457599
F   4.8064974814  -2.3659705248  1.8823453710
F   2.3117514665  -1.9952204678  -2.5857606942
F   2.8193626358  2.0865350996  -2.5388803036
O   -1.8742344892  0.5212469788  -1.3312789038
C   -4.2282007527  0.9583221242  -0.4466698579
C   -5.9000882724  -0.8370204200  -0.0609353490
F   -8.2214424924  -0.3996087286  0.6493289954
F   -5.4264304378  -3.2397925390  -0.3563925299
F   -4.8175121090  3.3663577508  -0.1548723274
F   0.1446395410  2.3743489791  1.8640478488
F   -0.3138065626  -1.6585597583  1.9017341595
momentum
-17.019882325407494  -9.609331435886059  -25.22168773064743
-7.097946883409463  21.20166241867791  -11.250834847917876
9.674591702999843  37.916473582980814  -24.791417239791482
39.897251362480404  -54.579359119878426  -29.489795368854402
35.21992781957244  -19.822017263106687  43.86358020490971
7.309331897718573  19.946771342740245  11.74797882630289
11.52569782659684  60.160214944704705  28.84623612413204
26.3903706344045  -16.49534899133402  -25.905979975632725
-72.64749772498587  -30.429172913084756  -15.621875375735172
-7.880808064655259  35.75889748852908  5.892698799638878
61.229918368791765  -16.145714743268865  39.009646576893125
-26.394887256146326  -37.62013279371068  -13.931772017332293
21.688743586762623  22.31154366300812  -14.912967303213605
-18.379491388251953  12.186955418619295  -4.884990418976121
35.05891961722766  -20.007701694692635  -2.4450460261140794
-98.75872446917789  -4.572425671719571  39.22133222132111
