C   0.0312761894  0.3325787020  0.3921268865
C   2.5142844942  0.0353324016  -1.1018386595
C   4.9252439858  -0.2835608636  0.5070413448
F   6.8883627397  -0.4438221189  -1.0296201641
F   5.2462201872  1.6753003640  2.0249457599
F   4.8064974814  -2.3659705248  1.8823453710
F   2.3117514665  -1.9952204678  -2.5857606942
F   2.8193626358  2.0865350996  -2.5388803036
O   -1.8742344892  0.5212469788  -1.3312789038
C   -4.2282007527  0.9583221242  -0.4466698579
C   -5.9000882724  -0.8370204200  -0.0609353490
F   -8.2214424924  -0.3996087286  0.6493289954
F   -5.4264304378  -3.2397925390  -0.3563925299
F   -4.8175121090  3.3663577508  -0.1548723274
F   0.1446395410  2.3743489791  1.8640478488
F   -0.3138065626  -1.6585597583  1.9017341595
momentum
6.463112941946173  -21.690885423369274  27.86243975474242
-12.739410890700103  -37.88039960116408  35.61042119288248
-19.283406728732924  5.589560711495952  -1.384566608755271
8.02710840393803  -21.099754224499236  -77.20166476528632
-13.09847359188465  -42.23650470529532  16.77434187544886
27.1378737525654  40.17010021600755  30.44155634205887
-36.799407455152334  10.025203264898073  -2.210855336319239
33.163935601247424  30.688069402372022  12.271641451147277
-33.51681280194076  -0.8416361365911394  13.38874576336043
-8.042573554578283  27.947479649688095  -2.7798484892833577
80.39818182012964  14.056628979338312  16.615645227261766
29.836316124905636  6.894922176492583  3.5014718901908175
7.835014064248793  -93.11013807134601  -46.800464838460975
-15.93218991874982  67.25660142863275  -16.779315352436615
-44.442164401636184  -5.12203547035516  -35.38186902370613
-8.940559036149546  19.671193903135737  26.559997737793132
