C   0.0312761894  0.3325787020  0.3921268865
C   2.5142844942  0.0353324016  -1.1018386595
C   4.9252439858  -0.2835608636  0.5070413448
F   6.8883627397  -0.4438221189  -1.0296201641
F   5.2462201872  1.6753003640  2.0249457599
F   4.8064974814  -2.3659705248  1.8823453710
F   2.3117514665  -1.9952204678  -2.5857606942
F   2.8193626358  2.0865350996  -2.5388803036
O   -1.8742344892  0.5212469788  -1.3312789038
C   -4.2282007527  0.9583221242  -0.4466698579
C   -5.9000882724  -0.8370204200  -0.0609353490
F   -8.2214424924  -0.3996087286  0.6493289954
F   -5.4264304378  -3.2397925390  -0.3563925299
F   -4.8175121090  3.3663577508  -0.1548723274
F   0.1446395410  2.3743489791  1.8640478488
F   -0.3138065626  -1.6585597583  1.9017341595
momentum
-21.459284647749737  15.782216437217341  29.05260075056139
76.4320286373721  21.30712295492936  -10.111620010361083
-7.614645150415524  6.196867249993349  3.577446440808266
13.413720644277978  20.4002217688351  16.49356321634379
-73.06954878666231  11.856005176129333  3.422472141160061
-5.171888620059708  -22.259449088821693  -35.704606909929026
-26.384249503154006  15.75589936625771  -15.84673948593853
-24.765929760966344  2.8148082467883446  -21.25062512254474
22.697830667981528  -36.84463491248598  31.67978149336493
2.755433050904002  -5.77816995702867  -11.566585198259842
18.680230875335486  46.234114835247  30.67441446738437
39.48075059932369  12.186206029217598  -30.712846490349982
20.372232945017597  24.167688444017806  53.89419391783523
41.253901987927236  -4.25477472392427  -16.95264579158915
-53.927871456271255  -40.05713485371434  -34.193252523898536
-22.45244717716411  -67.19580006982928  7.450103072458574
