C   0.0312761894  0.3325787020  0.3921268865
C   2.5142844942  0.0353324016  -1.1018386595
C   4.9252439858  -0.2835608636  0.5070413448
F   6.8883627397  -0.4438221189  -1.0296201641
F   5.2462201872  1.6753003640  2.0249457599
F   4.8064974814  -2.3659705248  1.8823453710
F   2.3117514665  -1.9952204678  -2.5857606942
F   2.8193626358  2.0865350996  -2.5388803036
O   -1.8742344892  0.5212469788  -1.3312789038
C   -4.2282007527  0.9583221242  -0.4466698579
C   -5.9000882724  -0.8370204200  -0.0609353490
F   -8.2214424924  -0.3996087286  0.6493289954
F   -5.4264304378  -3.2397925390  -0.3563925299
F   -4.8175121090  3.3663577508  -0.1548723274
F   0.1446395410  2.3743489791  1.8640478488
F   -0.3138065626  -1.6585597583  1.9017341595
momentum
27.414373690599643  4.753508509133976  18.311778258393584
-4.3100708117095845  7.730515283279449  20.92803773255322
-49.461990731864006  65.17594410084722  -22.488169174991448
-25.215858546288732  -17.63045946862847  -14.490630549010227
54.97922279512167  -25.728375793520286  -20.431817588771796
-12.803228051037188  -3.9398147828520638  -29.871799448190863
-14.649785677363838  -60.73320509863163  0.12862814435343012
47.101857761560986  -7.703504490923786  17.22564781444913
24.420214800682146  -22.803666995336993  41.77200805028222
-32.0515512809163  4.692460551539897  3.864684548729973
44.47418754489113  12.391031798558446  -29.662003921723436
4.556056747333919  -1.3562668593864708  -33.013371231822184
-7.523388552705547  -39.43424424941262  -21.477042489522233
-30.092030255441745  0.25881366401849715  30.528765545192847
-25.64964712215963  86.0977941520874  23.763695596709873
-1.4791333263614017  -2.0267161748528864  15.23323898165606
