C   0.0312761894  0.3325787020  0.3921268865
C   2.5142844942  0.0353324016  -1.1018386595
C   4.9252439858  -0.2835608636  0.5070413448
F   6.8883627397  -0.4438221189  -1.0296201641
F   5.2462201872  1.6753003640  2.0249457599
F   4.8064974814  -2.3659705248  1.8823453710
F   2.3117514665  -1.9952204678  -2.5857606942
F   2.8193626358  2.0865350996  -2.5388803036
O   -1.8742344892  0.5212469788  -1.3312789038
C   -4.2282007527  0.9583221242  -0.4466698579
C   -5.9000882724  -0.8370204200  -0.0609353490
F   -8.2214424924  -0.3996087286  0.6493289954
F   -5.4264304378  -3.2397925390  -0.3563925299
F   -4.8175121090  3.3663577508  -0.1548723274
F   0.1446395410  2.3743489791  1.8640478488
F   -0.3138065626  -1.6585597583  1.9017341595
momentum
17.142973497940673  -9.18935305096623  -19.999817896685528
-0.9293037325305737  0.8243741897151706  33.081454341841095
-6.419470338394468  1.7275244284996494  45.389823103830985
-25.03206390741946  -3.1095651859559705  -24.171596084559496
-18.028886643487613  3.9647286841768272  -1.95941732812045
52.256252020673735  4.597101576765871  8.90306636946089
-7.957074964884218  7.845129298266267  -20.113398204494548
33.487102315414354  42.91964406182915  -24.477415370913178
0.4455671736335204  -70.15950923153197  -10.630118669798255
-33.04450406927179  -19.176737872884036  -13.719505789133764
-19.543885290694128  8.236524591368024  1.2259753958533348
-41.687044519218915  -14.313307687532756  2.0128585319845818
-2.679687197545009  76.0439009763648  11.268666101715564
2.277667839285485  18.67444937518466  -13.499152121725656
16.01177557499947  -33.445757783796495  11.679140372801381
34.02691747259441  -15.587453575169848  14.840884127719166
