C   0.0312761894  0.3325787020  0.3921268865
C   2.5142844942  0.0353324016  -1.1018386595
C   4.9252439858  -0.2835608636  0.5070413448
F   6.8883627397  -0.4438221189  -1.0296201641
F   5.2462201872  1.6753003640  2.0249457599
F   4.8064974814  -2.3659705248  1.8823453710
F   2.3117514665  -1.9952204678  -2.5857606942
F   2.8193626358  2.0865350996  -2.5388803036
O   -1.8742344892  0.5212469788  -1.3312789038
C   -4.2282007527  0.9583221242  -0.4466698579
C   -5.9000882724  -0.8370204200  -0.0609353490
F   -8.2214424924  -0.3996087286  0.6493289954
F   -5.4264304378  -3.2397925390  -0.3563925299
F   -4.8175121090  3.3663577508  -0.1548723274
F   0.1446395410  2.3743489791  1.8640478488
F   -0.3138065626  -1.6585597583  1.9017341595
momentum
-14.921087932762765  5.757834703737918  -2.269596723871338
4.3664036020453745  -7.666589276033459  4.733220796711128
-2.865158407933068  -8.75160869742379  -4.906395927223628
-33.33218447245175  50.94067988613801  -19.732374734227005
1.3304237339623919  18.931884784547123  -34.03794312091077
-8.191675080780536  20.66110274899195  -48.6716829801068
74.50937452487354  -57.53614003657178  44.723402076699266
26.32552490982736  -48.87277813844409  -4.521191903784986
-13.721363293113788  -1.4516889162480624  33.75223906597143
-24.17072789807961  -8.90901904095145  23.45269098555388
46.701674182522645  40.01058159976694  -7.886956861298557
24.46725659299693  47.240620552982776  -24.98145707965255
36.234461782627186  -35.363649227161744  -13.170075962227065
-39.03176291585711  45.7066431966711  12.65368729324598
-27.75742915458462  10.152232571689563  46.09821017543903
-50.08193962307727  -70.77198542383358  -5.016513343640232
