C   0.0312761894  0.3325787020  0.3921268865
C   2.5142844942  0.0353324016  -1.1018386595
C   4.9252439858  -0.2835608636  0.5070413448
F   6.8883627397  -0.4438221189  -1.0296201641
F   5.2462201872  1.6753003640  2.0249457599
F   4.8064974814  -2.3659705248  1.8823453710
F   2.3117514665  -1.9952204678  -2.5857606942
F   2.8193626358  2.0865350996  -2.5388803036
O   -1.8742344892  0.5212469788  -1.3312789038
C   -4.2282007527  0.9583221242  -0.4466698579
C   -5.9000882724  -0.8370204200  -0.0609353490
F   -8.2214424924  -0.3996087286  0.6493289954
F   -5.4264304378  -3.2397925390  -0.3563925299
F   -4.8175121090  3.3663577508  -0.1548723274
F   0.1446395410  2.3743489791  1.8640478488
F   -0.3138065626  -1.6585597583  1.9017341595
momentum
42.41364943725202  33.335938399885826  24.1814969318018
52.56688649296824  38.88856540264286  38.028250927071056
20.191202434448858  -4.103744845037132  -8.401375508434258
-45.05683882812557  40.92773276706059  -15.425880419182372
37.56772782941351  -15.923356762262411  45.75787181625591
-47.53723226129316  -43.57161744954858  -24.908165679339973
-29.921585587121925  -15.906884793407562  16.164244792751454
-2.0263787338950476  7.225608636850654  20.19537678928524
-59.939708154967946  -32.35577591761286  -24.848981316274262
-19.96980815815689  39.013010382016624  22.084802491252194
-13.769064920570179  -8.744518029954794  -31.37007534825311
30.360093046121598  -7.289122091521107  -7.066116958002617
-49.14778439287357  -43.22875338816053  26.741085671601905
47.37804983128732  -22.36862393428753  -13.251298630208987
-16.44354426157174  22.33224093582799  -60.678908348485635
52.910832091066126  11.60298061816954  -7.31192400766087
