C   0.0312761894  0.3325787020  0.3921268865
C   2.5142844942  0.0353324016  -1.1018386595
C   4.9252439858  -0.2835608636  0.5070413448
F   6.8883627397  -0.4438221189  -1.0296201641
F   5.2462201872  1.6753003640  2.0249457599
F   4.8064974814  -2.3659705248  1.8823453710
F   2.3117514665  -1.9952204678  -2.5857606942
F   2.8193626358  2.0865350996  -2.5388803036
O   -1.8742344892  0.5212469788  -1.3312789038
C   -4.2282007527  0.9583221242  -0.4466698579
C   -5.9000882724  -0.8370204200  -0.0609353490
F   -8.2214424924  -0.3996087286  0.6493289954
F   -5.4264304378  -3.2397925390  -0.3563925299
F   -4.8175121090  3.3663577508  -0.1548723274
F   0.1446395410  2.3743489791  1.8640478488
F   -0.3138065626  -1.6585597583  1.9017341595
momentum
12.967148423840426  -2.8756337516883423  19.353523323316733
-28.556804406776457  -41.10569375445367  -7.371276186819055
12.420188136167367  19.994659127030054  -31.34506919950397
-62.12387078624101  -45.42672449068845  29.45275552407924
-4.597187377269348  -17.241933947515246  -24.50377540904804
-39.52149251895953  63.88872923514414  -54.55012699881966
43.63009967137529  27.998710362096393  -19.252809119729456
49.33864631038021  23.78770870741524  1.8946319585064084
33.72017288196107  8.046691476241882  9.059572720950337
44.566625456137295  30.944009907077863  -26.85109835676222
-31.838217251009535  0.14569127625734352  7.440270911535258
31.345181550254285  -17.52987089169351  -21.881077898485607
3.282576227208863  -47.135499454099346  24.039244127952625
5.377880586533271  1.3519246120612347  15.930035179307112
-11.145687168966473  10.585543683054421  16.163681149454792
-58.72631871802531  -15.226065616898781  62.21948498120012
