C   0.0312761894  0.3325787020  0.3921268865
C   2.5142844942  0.0353324016  -1.1018386595
C   4.9252439858  -0.2835608636  0.5070413448
F   6.8883627397  -0.4438221189  -1.0296201641
F   5.2462201872  1.6753003640  2.0249457599
F   4.8064974814  -2.3659705248  1.8823453710
F   2.3117514665  -1.9952204678  -2.5857606942
F   2.8193626358  2.0865350996  -2.5388803036
O   -1.8742344892  0.5212469788  -1.3312789038
C   -4.2282007527  0.9583221242  -0.4466698579
C   -5.9000882724  -0.8370204200  -0.0609353490
F   -8.2214424924  -0.3996087286  0.6493289954
F   -5.4264304378  -3.2397925390  -0.3563925299
F   -4.8175121090  3.3663577508  -0.1548723274
F   0.1446395410  2.3743489791  1.8640478488
F   -0.3138065626  -1.6585597583  1.9017341595
momentum
40.74353036761242  11.341948081268175  5.9388570021261735
-7.709185900938282  9.83463686980495  7.6282927448948765
29.070114064623866  0.24536737755772609  32.49962685701076
30.79950217740617  3.379164935495038  30.71679990643618
-30.609152991643988  -19.333866179702902  -28.297425070618136
29.325400776693293  -5.145288673245514  -18.55619693780788
-2.156132197915674  -1.1771678971265167  32.03684015807363
-38.46472543904325  18.801592320192377  -21.356654971492304
-4.512435406435098  -61.601254347154324  -46.72110182676039
4.105561240914151  35.519888816035945  30.174807865385695
1.6080458386471728  2.6878210575415613  -32.54301806033337
2.645901420559278  17.915652710886544  36.492363145598866
-25.733019888382135  -4.036852251256371  -23.343019776416096
-14.470567068480133  14.1459627404281  9.625699539867774
-25.037108793678666  27.96285197832524  -21.33559186584156
10.416518318000085  -50.65149858539175  7.114286771611778
