C   0.0312761894  0.3325787020  0.3921268865
C   2.5142844942  0.0353324016  -1.1018386595
C   4.9252439858  -0.2835608636  0.5070413448
F   6.8883627397  -0.4438221189  -1.0296201641
F   5.2462201872  1.6753003640  2.0249457599
F   4.8064974814  -2.3659705248  1.8823453710
F   2.3117514665  -1.9952204678  -2.5857606942
F   2.8193626358  2.0865350996  -2.5388803036
O   -1.8742344892  0.5212469788  -1.3312789038
C   -4.2282007527  0.9583221242  -0.4466698579
C   -5.9000882724  -0.8370204200  -0.0609353490
F   -8.2214424924  -0.3996087286  0.6493289954
F   -5.4264304378  -3.2397925390  -0.3563925299
F   -4.8175121090  3.3663577508  -0.1548723274
F   0.1446395410  2.3743489791  1.8640478488
F   -0.3138065626  -1.6585597583  1.9017341595
momentum
12.235787807980461  -37.907835479208785  5.621524937437818
-0.9543691114050683  -17.329108251831578  -48.61380882269761
-9.634465353779504  39.23946638757653  7.73599014922046
2.63114015078161  -14.612286739836046  -7.974295967162563
-81.95991984765017  -18.82317749605542  -16.883961239671127
0.001103081626120565  -54.869327496389396  18.64075744932161
15.607126616719826  28.680716943256257  45.97592917052129
38.3625846902403  27.558492545087855  44.131650126728466
-26.51165329604081  29.220426440032433  17.86318128866481
-5.378696700266268  22.182082528751433  -22.972626053151487
-4.370576769160531  -10.884806586939664  -16.230366674796255
7.370552262691702  -13.849256460194809  21.98708324029048
-38.48185732669069  -32.57952988410237  26.2478387488293
-23.90332188371637  -2.3510100077343994  -6.70705738855433
73.66181784627263  46.00440090024844  -28.18176292179245
41.33802998243764  10.16935710136172  -40.313971839452634
