C   0.0312761894  0.3325787020  0.3921268865
C   2.5142844942  0.0353324016  -1.1018386595
C   4.9252439858  -0.2835608636  0.5070413448
F   6.8883627397  -0.4438221189  -1.0296201641
F   5.2462201872  1.6753003640  2.0249457599
F   4.8064974814  -2.3659705248  1.8823453710
F   2.3117514665  -1.9952204678  -2.5857606942
F   2.8193626358  2.0865350996  -2.5388803036
O   -1.8742344892  0.5212469788  -1.3312789038
C   -4.2282007527  0.9583221242  -0.4466698579
C   -5.9000882724  -0.8370204200  -0.0609353490
F   -8.2214424924  -0.3996087286  0.6493289954
F   -5.4264304378  -3.2397925390  -0.3563925299
F   -4.8175121090  3.3663577508  -0.1548723274
F   0.1446395410  2.3743489791  1.8640478488
F   -0.3138065626  -1.6585597583  1.9017341595
momentum
-18.71299278415979  -15.457928249439087  12.191814056846331
43.426932925019315  19.250342129833115  11.242689264838013
-42.37036653604921  -23.972639388882374  35.113460925381474
40.084192184159654  -4.453384405135166  -79.21362710247078
-32.36001336723018  26.854496241364025  15.549608340222951
-23.608951246840103  4.437627254289678  48.05025508386825
-2.8833565399068557  -11.253353827861693  -21.30588492548493
9.958749063515604  30.794431829403436  24.761752302364958
-34.19503672747087  -55.663650242858424  -14.11486332646653
-33.488250235071774  47.861177310737325  43.03896401221403
22.673211541135426  -15.350099449450596  6.482615204194495
17.74757785640024  25.926559427403227  4.738573377784213
12.46866743985873  -31.425471194557353  -32.79621201373288
10.329290582666136  25.69500937600406  9.359784562901353
16.589860053169225  -5.303210631134833  -72.50575988141027
14.011131300222377  -18.03674197055728  9.633219668769199
