C   0.0312761894  0.3325787020  0.3921268865
C   2.5142844942  0.0353324016  -1.1018386595
C   4.9252439858  -0.2835608636  0.5070413448
F   6.8883627397  -0.4438221189  -1.0296201641
F   5.2462201872  1.6753003640  2.0249457599
F   4.8064974814  -2.3659705248  1.8823453710
F   2.3117514665  -1.9952204678  -2.5857606942
F   2.8193626358  2.0865350996  -2.5388803036
O   -1.8742344892  0.5212469788  -1.3312789038
C   -4.2282007527  0.9583221242  -0.4466698579
C   -5.9000882724  -0.8370204200  -0.0609353490
F   -8.2214424924  -0.3996087286  0.6493289954
F   -5.4264304378  -3.2397925390  -0.3563925299
F   -4.8175121090  3.3663577508  -0.1548723274
F   0.1446395410  2.3743489791  1.8640478488
F   -0.3138065626  -1.6585597583  1.9017341595
momentum
-18.26316606046866  56.05309198981484  30.726465628750745
0.6087283361259045  23.086454037694754  -14.442003516410123
-31.951061654151964  12.888701677356266  -18.895383560676226
20.417429612694942  -42.29035097365816  -30.230763905638778
47.25509068580686  -12.909503275641244  8.805615969863865
-8.029747769877451  -38.99190205460777  14.26664399294643
14.00251854103092  6.482958403520115  -16.054605445665832
9.060280655291471  32.260151909291466  22.41067444550263
26.41004812753706  24.96749463646066  19.164618841698378
14.09470072492826  -42.3783397377524  20.611580913283035
-7.836558355253769  -11.580429708617588  -22.89206768384529
3.5797389569505063  -51.64440216001235  -61.22628099046785
-51.90380051775031  -3.7167482062493766  53.71300598555015
-7.862330245423707  0.4928226884202981  16.10135049052966
10.791537751310546  14.614291144519788  -46.35756749899375
-20.754156318866077  32.55579931458492  24.25691706677211
