C   0.0312761894  0.3325787020  0.3921268865
C   2.5142844942  0.0353324016  -1.1018386595
C   4.9252439858  -0.2835608636  0.5070413448
F   6.8883627397  -0.4438221189  -1.0296201641
F   5.2462201872  1.6753003640  2.0249457599
F   4.8064974814  -2.3659705248  1.8823453710
F   2.3117514665  -1.9952204678  -2.5857606942
F   2.8193626358  2.0865350996  -2.5388803036
O   -1.8742344892  0.5212469788  -1.3312789038
C   -4.2282007527  0.9583221242  -0.4466698579
C   -5.9000882724  -0.8370204200  -0.0609353490
F   -8.2214424924  -0.3996087286  0.6493289954
F   -5.4264304378  -3.2397925390  -0.3563925299
F   -4.8175121090  3.3663577508  -0.1548723274
F   0.1446395410  2.3743489791  1.8640478488
F   -0.3138065626  -1.6585597583  1.9017341595
momentum
-41.127455664713125  15.054005740258214  -10.29549585233784
21.31687606550803  29.4854676658576  -9.686138809336368
21.365848535554363  -3.16219423736089  30.476216998019645
-23.883769849413508  -29.268840694148007  -19.01952443775353
-5.85964606074267  14.81491253263003  5.068930192819489
-29.72113700152246  -21.41247558620815  2.773452296058061
10.162568211682158  -29.865829673930065  -47.76998842628931
48.64851572973029  20.352874050184724  -29.039911006390643
55.29288210903329  16.522403639651927  1.5697057568701864
-15.346638617960753  2.6289888582773253  21.760318408809773
-34.32594449477142  -47.45338848992458  -25.82474474951787
31.376923043580586  32.14358449023427  -18.636089984447292
6.693813876694668  -47.18633694742629  27.3273202636009
-10.015916361759217  6.271199495998806  47.3953938020071
-33.51907668396715  55.72910059310222  -1.1057458312806816
-1.3749895296137757  -14.61375603122814  24.892786152561932
