C   0.0312761894  0.3325787020  0.3921268865
C   2.5142844942  0.0353324016  -1.1018386595
C   4.9252439858  -0.2835608636  0.5070413448
F   6.8883627397  -0.4438221189  -1.0296201641
F   5.2462201872  1.6753003640  2.0249457599
F   4.8064974814  -2.3659705248  1.8823453710
F   2.3117514665  -1.9952204678  -2.5857606942
F   2.8193626358  2.0865350996  -2.5388803036
O   -1.8742344892  0.5212469788  -1.3312789038
C   -4.2282007527  0.9583221242  -0.4466698579
C   -5.9000882724  -0.8370204200  -0.0609353490
F   -8.2214424924  -0.3996087286  0.6493289954
F   -5.4264304378  -3.2397925390  -0.3563925299
F   -4.8175121090  3.3663577508  -0.1548723274
F   0.1446395410  2.3743489791  1.8640478488
F   -0.3138065626  -1.6585597583  1.9017341595
momentum
-2.049628546885758  34.707570886288636  8.357892137223656
12.176061233749879  73.607142133332  -6.044057645396612
-14.98347626947501  -10.768613356086886  -10.32543841948135
20.25089696930762  -15.147044379931275  26.54077741811824
15.237914095998422  -4.03213820428399  4.1171308593128115
-34.658890194366485  2.424774130301167  -19.14666325564344
50.641232528916895  -3.5863168418209446  3.9845708114597334
-6.681673299342811  24.91532596294237  3.407085610686987
0.5282402547993409  -20.999602752903357  -7.6368539393029184
-56.21595300342747  10.873424982970995  57.33043558044794
-25.676775856325026  -15.42824962070483  8.944324081745828
23.11159173573266  9.369500841508128  -5.64247860119019
-3.8709055597942523  7.372518206744803  24.149105473669618
58.3609671460749  -26.80877102024232  -16.878615009728826
-4.951848310911915  -6.835134331089752  -70.90457238947167
-31.724397320322886  -60.08790815338338  -0.7020039798410246
