C   0.0312761894  0.3325787020  0.3921268865
C   2.5142844942  0.0353324016  -1.1018386595
C   4.9252439858  -0.2835608636  0.5070413448
F   6.8883627397  -0.4438221189  -1.0296201641
F   5.2462201872  1.6753003640  2.0249457599
F   4.8064974814  -2.3659705248  1.8823453710
F   2.3117514665  -1.9952204678  -2.5857606942
F   2.8193626358  2.0865350996  -2.5388803036
O   -1.8742344892  0.5212469788  -1.3312789038
C   -4.2282007527  0.9583221242  -0.4466698579
C   -5.9000882724  -0.8370204200  -0.0609353490
F   -8.2214424924  -0.3996087286  0.6493289954
F   -5.4264304378  -3.2397925390  -0.3563925299
F   -4.8175121090  3.3663577508  -0.1548723274
F   0.1446395410  2.3743489791  1.8640478488
F   -0.3138065626  -1.6585597583  1.9017341595
momentum
-5.967741928689633  -17.527073211365476  0.3467656649691598
16.581159844253442  5.844265593495508  -28.148459381603864
-50.80175026045894  -38.60197840828206  0.00805098044838524
45.257046982789355  -20.87797929983842  -23.891753690490557
-3.156964389724387  11.504451550059152  -8.660335973986959
15.608169327336952  29.373000224039558  12.723687015718852
-32.25842904442368  -12.538269852528364  26.780143072593226
5.022764298100817  0.58499821739339  70.3170328096499
-12.172686276483647  -34.45026486226455  -58.05490579015395
21.52388546860194  50.58721605752944  17.542124086949936
-13.967234110588686  21.008866325474187  2.800301045153078
17.820095523555466  -56.89232111559377  5.8336179436777185
34.770644930514905  17.43985856048308  11.544722190286691
-58.15673578348045  25.079330809095598  -17.526711088609908
30.88380658697412  -2.13950253121551  36.57490925065779
-10.91292242859023  21.63371822113736  -47.63871167038383
