C   0.0312761894  0.3325787020  0.3921268865
C   2.5142844942  0.0353324016  -1.1018386595
C   4.9252439858  -0.2835608636  0.5070413448
F   6.8883627397  -0.4438221189  -1.0296201641
F   5.2462201872  1.6753003640  2.0249457599
F   4.8064974814  -2.3659705248  1.8823453710
F   2.3117514665  -1.9952204678  -2.5857606942
F   2.8193626358  2.0865350996  -2.5388803036
O   -1.8742344892  0.5212469788  -1.3312789038
C   -4.2282007527  0.9583221242  -0.4466698579
C   -5.9000882724  -0.8370204200  -0.0609353490
F   -8.2214424924  -0.3996087286  0.6493289954
F   -5.4264304378  -3.2397925390  -0.3563925299
F   -4.8175121090  3.3663577508  -0.1548723274
F   0.1446395410  2.3743489791  1.8640478488
F   -0.3138065626  -1.6585597583  1.9017341595
momentum
1.1890337117664231  -9.37965982422533  -14.373180915809066
5.22240674334816  2.084477476177081  55.231582615943665
-19.178855222968604  12.152400327663852  -10.006456885072911
-30.444547689516643  -11.750469472081813  20.083648720834454
-39.85331962958115  -4.5840398567024545  -8.184824523303465
-1.7830789648454661  -47.65881020850684  -4.023642662574457
15.48015526350432  -6.930987722041357  26.59765412415816
-15.227954766581469  15.16806875636813  -20.843140453331557
18.492827115224188  -22.02843985478327  -27.754057140889675
17.24088274655697  -19.45010863778076  3.5562881555739407
-27.854298832111382  37.234643622484505  1.4847761271068827
66.35257410216772  -22.86441734257603  37.619962993038556
34.48141594368072  36.97058136305458  -28.96152886142065
-60.61124806491638  -6.457520726761108  8.559713706699464
31.413498456953484  1.7632637518947136  -14.495442255782672
5.301848364130442  45.80890894836105  -24.330827179908066
