C   0.0312761894  0.3325787020  0.3921268865
C   2.5142844942  0.0353324016  -1.1018386595
C   4.9252439858  -0.2835608636  0.5070413448
F   6.8883627397  -0.4438221189  -1.0296201641
F   5.2462201872  1.6753003640  2.0249457599
F   4.8064974814  -2.3659705248  1.8823453710
F   2.3117514665  -1.9952204678  -2.5857606942
F   2.8193626358  2.0865350996  -2.5388803036
O   -1.8742344892  0.5212469788  -1.3312789038
C   -4.2282007527  0.9583221242  -0.4466698579
C   -5.9000882724  -0.8370204200  -0.0609353490
F   -8.2214424924  -0.3996087286  0.6493289954
F   -5.4264304378  -3.2397925390  -0.3563925299
F   -4.8175121090  3.3663577508  -0.1548723274
F   0.1446395410  2.3743489791  1.8640478488
F   -0.3138065626  -1.6585597583  1.9017341595
momentum
-9.400654341897592  -14.956401242537646  -15.38267663823003
-26.265817914561694  -18.268732523985893  -11.836933909022152
-5.6367505865042915  0.1418527821110319  38.43726968685452
40.42559950654163  -15.019391130349087  38.94217355476629
-25.772562507793698  2.840099384712357  -6.831489865759239
89.69471082591353  -1.7680859694849973  -7.815038982862398
5.354308162359889  58.30376351150057  -27.710230821711132
11.907144015465853  -0.3020133492117254  -8.010252919605593
-1.0220912910299387  -23.49323594892874  -3.370530599090619
-8.859059745880446  24.346815140606555  -25.14959600236151
-28.68915956658951  -1.907256866528686  -35.11148030083499
3.134325214268758  22.646382693519655  48.89385965908327
-37.961756147571435  -6.567712320157525  -5.241369658278564
8.809879706463123  -44.12144152880196  31.53216685201838
19.333352465176063  20.91808557108395  -44.00257313103513
-34.876521214337885  -3.036515106759113  32.50952922320634
