C   0.0312761894  0.3325787020  0.3921268865
C   2.5142844942  0.0353324016  -1.1018386595
C   4.9252439858  -0.2835608636  0.5070413448
F   6.8883627397  -0.4438221189  -1.0296201641
F   5.2462201872  1.6753003640  2.0249457599
F   4.8064974814  -2.3659705248  1.8823453710
F   2.3117514665  -1.9952204678  -2.5857606942
F   2.8193626358  2.0865350996  -2.5388803036
O   -1.8742344892  0.5212469788  -1.3312789038
C   -4.2282007527  0.9583221242  -0.4466698579
C   -5.9000882724  -0.8370204200  -0.0609353490
F   -8.2214424924  -0.3996087286  0.6493289954
F   -5.4264304378  -3.2397925390  -0.3563925299
F   -4.8175121090  3.3663577508  -0.1548723274
F   0.1446395410  2.3743489791  1.8640478488
F   -0.3138065626  -1.6585597583  1.9017341595
momentum
12.907721758200688  -10.315382265441734  -3.014881637759156
-20.403314992887683  -17.834458446778083  25.756491485151944
-3.31944792720368  62.40225844312534  -21.612079060030776
-9.737153587030432  -76.06146253966288  -19.480234660040406
-42.44808837432018  17.851766017436304  26.129433970380223
26.77745849605185  9.215654404815165  -5.939611900638239
-41.09321895412924  37.1684694256139  13.67784805181385
34.598004284707834  17.466019041044618  -52.96539511888626
-1.631808114764882  -14.036561489818776  30.235657799927463
13.172472442724033  9.838727356270553  32.261322593908396
-11.91281852784862  -21.02225137055482  1.8853852726653921
42.192895826624685  41.55943653711084  -30.00322807548105
38.577962445936514  31.834143656359856  -7.407394085694825
-20.33456270716074  -46.21137940558349  -20.785303752045884
-8.834571476457178  -17.40725062027114  25.603323939473043
-8.602169507140898  -24.564544426775015  5.561287775896391
