C   0.0312761894  0.3325787020  0.3921268865
C   2.5142844942  0.0353324016  -1.1018386595
C   4.9252439858  -0.2835608636  0.5070413448
F   6.8883627397  -0.4438221189  -1.0296201641
F   5.2462201872  1.6753003640  2.0249457599
F   4.8064974814  -2.3659705248  1.8823453710
F   2.3117514665  -1.9952204678  -2.5857606942
F   2.8193626358  2.0865350996  -2.5388803036
O   -1.8742344892  0.5212469788  -1.3312789038
C   -4.2282007527  0.9583221242  -0.4466698579
C   -5.9000882724  -0.8370204200  -0.0609353490
F   -8.2214424924  -0.3996087286  0.6493289954
F   -5.4264304378  -3.2397925390  -0.3563925299
F   -4.8175121090  3.3663577508  -0.1548723274
F   0.1446395410  2.3743489791  1.8640478488
F   -0.3138065626  -1.6585597583  1.9017341595
momentum
-30.505772552414182  14.131933257550239  2.8864748553808814
-13.839441966928398  10.922887962821605  5.0814664439103705
-42.12653820265619  1.4538306459218329  -9.814477845449352
23.49477995970746  -7.719734431006201  -35.361138032537454
45.185435432679675  6.738601060039211  -2.0548055833029117
3.4391456526627526  5.673371273845261  -25.147570492785746
32.49592617185651  21.1102497009236  20.876719005696554
-9.984678766536772  -23.085297762840984  18.03785215128615
-10.098377239001545  28.828634697364848  35.41765700933065
13.951802073467809  13.83417782967062  0.6229429673279859
42.20697569588454  23.999319320585172  0.11347145836677257
5.982410744076021  13.393495765802216  -79.05563820062405
-2.1568934977078897  -54.29785624869416  56.76014861591342
5.046121565413837  4.439783383470667  13.641788196328053
-31.911293913707873  -22.46441366543234  -21.889395181348544
-31.435225515894707  -37.0184063192235  19.900494871020797
