C   0.0312761894  0.3325787020  0.3921268865
C   2.5142844942  0.0353324016  -1.1018386595
C   4.9252439858  -0.2835608636  0.5070413448
F   6.8883627397  -0.4438221189  -1.0296201641
F   5.2462201872  1.6753003640  2.0249457599
F   4.8064974814  -2.3659705248  1.8823453710
F   2.3117514665  -1.9952204678  -2.5857606942
F   2.8193626358  2.0865350996  -2.5388803036
O   -1.8742344892  0.5212469788  -1.3312789038
C   -4.2282007527  0.9583221242  -0.4466698579
C   -5.9000882724  -0.8370204200  -0.0609353490
F   -8.2214424924  -0.3996087286  0.6493289954
F   -5.4264304378  -3.2397925390  -0.3563925299
F   -4.8175121090  3.3663577508  -0.1548723274
F   0.1446395410  2.3743489791  1.8640478488
F   -0.3138065626  -1.6585597583  1.9017341595
momentum
-20.481887862351247  -8.63374203883952  22.594565731877815
9.921914367483009  35.18454395784472  -18.910229576703976
29.71844543972845  1.3764621764558866  0.028949128181023225
44.09814204822973  -15.939751508421917  8.4996177231916
-3.0948185739629595  -45.45345522207755  36.73599651366388
31.70495622106264  11.50618973520548  -26.785297409860327
-22.8223612619887  23.29785752087553  19.246156445856418
42.24323360805034  29.474586594562446  -20.842537215617153
-21.75562247651575  -59.4483300475831  25.730973688770014
-32.21133240631988  -15.551664741843203  -3.882323296804245
33.67667910671586  46.81576216399571  23.80723577214908
56.74555970501829  -15.514899921326373  -13.012422880638255
-64.8329527886617  -18.338855491342553  -0.5666223861359699
4.3464094549686365  -8.14674530714442  19.889288855358764
-48.44505586275305  10.49141934183746  -75.34626493845163
-38.7834483276757  29.17826638422975  2.864564514537756
