C   0.0312761894  0.3325787020  0.3921268865
C   2.5142844942  0.0353324016  -1.1018386595
C   4.9252439858  -0.2835608636  0.5070413448
F   6.8883627397  -0.4438221189  -1.0296201641
F   5.2462201872  1.6753003640  2.0249457599
F   4.8064974814  -2.3659705248  1.8823453710
F   2.3117514665  -1.9952204678  -2.5857606942
F   2.8193626358  2.0865350996  -2.5388803036
O   -1.8742344892  0.5212469788  -1.3312789038
C   -4.2282007527  0.9583221242  -0.4466698579
C   -5.9000882724  -0.8370204200  -0.0609353490
F   -8.2214424924  -0.3996087286  0.6493289954
F   -5.4264304378  -3.2397925390  -0.3563925299
F   -4.8175121090  3.3663577508  -0.1548723274
F   0.1446395410  2.3743489791  1.8640478488
F   -0.3138065626  -1.6585597583  1.9017341595
momentum
10.596523920846462  31.40769673683223  -17.044101801956003
31.480563402804613  -31.55397088164034  24.441912160642616
-27.437294272656054  -35.63344368398104  -42.62585465719453
16.444627469964853  45.35080931443777  -0.7656535006534697
14.039482316040004  -41.97497372767161  0.48265633360248456
-36.131512912196186  51.84701471563704  26.47712818738454
-28.006184076029353  -25.271830908159494  35.75519916119102
-24.464489478191336  55.98431396343301  17.903884962868048
-35.330354712296966  36.06616933116474  -25.601066493463982
4.124557160792311  13.146526299493983  14.468472308771773
7.859033464099825  -8.415662105218845  19.93180079618886
-24.912111249749692  -4.070071666656682  -17.64148878688131
-17.306566240427784  4.922156665700958  11.940980768649068
82.5384311219032  -62.8852429642568  -9.28137539445983
7.940267653386411  -4.964089805573462  -20.877125346012395
18.403686333482753  -24.413546349391254  -17.852047081446397
