C   0.0312761894  0.3325787020  0.3921268865
C   2.5142844942  0.0353324016  -1.1018386595
C   4.9252439858  -0.2835608636  0.5070413448
F   6.8883627397  -0.4438221189  -1.0296201641
F   5.2462201872  1.6753003640  2.0249457599
F   4.8064974814  -2.3659705248  1.8823453710
F   2.3117514665  -1.9952204678  -2.5857606942
F   2.8193626358  2.0865350996  -2.5388803036
O   -1.8742344892  0.5212469788  -1.3312789038
C   -4.2282007527  0.9583221242  -0.4466698579
C   -5.9000882724  -0.8370204200  -0.0609353490
F   -8.2214424924  -0.3996087286  0.6493289954
F   -5.4264304378  -3.2397925390  -0.3563925299
F   -4.8175121090  3.3663577508  -0.1548723274
F   0.1446395410  2.3743489791  1.8640478488
F   -0.3138065626  -1.6585597583  1.9017341595
momentum
-15.03062309600467  7.4573428176772065  48.386066747772276
-51.39619749217721  -0.9918321727929783  -22.8840543030781
-46.506082110775814  -4.2249317360964955  -7.387607818241463
-13.122373004783398  -3.4134961485149025  -0.02686778256173552
22.10180887299555  -43.27818130150601  -21.608203078953906
-15.467604025678282  31.051782762069024  17.683424589642602
-11.741575112213136  60.47928406737216  5.623678784001685
52.422394403113664  -13.124800022447381  -2.9347478020910387
68.34079578871778  -2.4005398125718953  -38.11804944204104
-46.555283444464294  3.205243141382012  -21.9908362495635
13.10847615910936  -15.299106265203992  -6.1820005746466276
-10.648083464401198  2.5592957462448913  26.470362833347597
24.1584334542992  -29.699904033268698  -11.613319241463602
-26.753273402336497  2.2977966115835113  -11.157885399649485
64.14057418333756  24.285434755653796  18.9939657392388
-7.2232011491992  -18.948630962430197  26.58791781745452
