C   0.0312761894  0.3325787020  0.3921268865
C   2.5142844942  0.0353324016  -1.1018386595
C   4.9252439858  -0.2835608636  0.5070413448
F   6.8883627397  -0.4438221189  -1.0296201641
F   5.2462201872  1.6753003640  2.0249457599
F   4.8064974814  -2.3659705248  1.8823453710
F   2.3117514665  -1.9952204678  -2.5857606942
F   2.8193626358  2.0865350996  -2.5388803036
O   -1.8742344892  0.5212469788  -1.3312789038
C   -4.2282007527  0.9583221242  -0.4466698579
C   -5.9000882724  -0.8370204200  -0.0609353490
F   -8.2214424924  -0.3996087286  0.6493289954
F   -5.4264304378  -3.2397925390  -0.3563925299
F   -4.8175121090  3.3663577508  -0.1548723274
F   0.1446395410  2.3743489791  1.8640478488
F   -0.3138065626  -1.6585597583  1.9017341595
momentum
22.690406060099157  -23.42397397110606  -10.626822762462126
-3.941366011568461  18.592810497817112  2.0806514367948283
-36.96175911178288  -4.300151017765849  -13.205103081719143
-41.63648051153034  30.253913766000345  0.7354955378149219
12.857160483667466  14.406936672569016  -64.81476911281833
7.299691031595636  -25.796154872302804  41.15584422556541
-8.597967320797364  -20.312705651193045  -5.537040208859893
14.787082279329892  -24.851834704571385  13.648946132449755
-1.9306657348203229  74.77694426376031  32.622479088789035
-27.01746390244709  29.144763322985323  5.76335941585795
16.887938071459736  -7.837610172095854  -20.855266698323977
40.64337753968214  -14.419017845562028  -36.25849509666181
16.480900703780257  40.7068256544787  23.360458314368795
9.9179993951808  -52.99449325370721  -3.393570970914598
-11.142896517636213  -27.283952120277927  24.279630320749032
-10.263705953407888  -7.142949760122923  10.976352541737809
