C   0.0312761894  0.3325787020  0.3921268865
C   2.5142844942  0.0353324016  -1.1018386595
C   4.9252439858  -0.2835608636  0.5070413448
F   6.8883627397  -0.4438221189  -1.0296201641
F   5.2462201872  1.6753003640  2.0249457599
F   4.8064974814  -2.3659705248  1.8823453710
F   2.3117514665  -1.9952204678  -2.5857606942
F   2.8193626358  2.0865350996  -2.5388803036
O   -1.8742344892  0.5212469788  -1.3312789038
C   -4.2282007527  0.9583221242  -0.4466698579
C   -5.9000882724  -0.8370204200  -0.0609353490
F   -8.2214424924  -0.3996087286  0.6493289954
F   -5.4264304378  -3.2397925390  -0.3563925299
F   -4.8175121090  3.3663577508  -0.1548723274
F   0.1446395410  2.3743489791  1.8640478488
F   -0.3138065626  -1.6585597583  1.9017341595
momentum
-27.70683522176596  5.213496708951267  -17.766152901110203
14.537729509185622  -40.872539373390566  -15.04222897433172
-10.617714518835324  2.994229453161545  8.547748280473227
24.888499837924634  -25.558247480687026  -38.15216787397614
40.36464030037685  2.5836317343149724  68.67840415470152
-0.14449815077743727  11.20108637412345  -19.26929861837031
5.536170141199942  -22.763665719225806  22.733373213939007
29.168055817789888  40.778810958690094  -0.6774429874186981
-42.74920120499332  -36.926170092416044  13.607464278605725
32.54049955035627  -35.521514223927454  2.351237112096
1.2804058944062808  -21.34116111971336  15.662617813415965
-35.50585803413587  -20.60899744269864  1.6583621666296657
-2.639671896750396  59.07314541020444  10.768983631662564
-32.41089898469422  15.598769012784649  -17.01363162832201
-10.66275886873514  22.31566172610493  31.294142906495324
13.801866499538717  43.80371929033719  -67.1446681123855
