C   0.0312761894  0.3325787020  0.3921268865
C   2.5142844942  0.0353324016  -1.1018386595
C   4.9252439858  -0.2835608636  0.5070413448
F   6.8883627397  -0.4438221189  -1.0296201641
F   5.2462201872  1.6753003640  2.0249457599
F   4.8064974814  -2.3659705248  1.8823453710
F   2.3117514665  -1.9952204678  -2.5857606942
F   2.8193626358  2.0865350996  -2.5388803036
O   -1.8742344892  0.5212469788  -1.3312789038
C   -4.2282007527  0.9583221242  -0.4466698579
C   -5.9000882724  -0.8370204200  -0.0609353490
F   -8.2214424924  -0.3996087286  0.6493289954
F   -5.4264304378  -3.2397925390  -0.3563925299
F   -4.8175121090  3.3663577508  -0.1548723274
F   0.1446395410  2.3743489791  1.8640478488
F   -0.3138065626  -1.6585597583  1.9017341595
momentum
26.857911497689937  0.33653421386039245  -29.695651246141587
1.063884025154717  -31.029737089679312  16.25796150661324
2.274655162289823  1.2642934096268441  27.043542246687046
-33.58924832896492  -1.5288762940188918  39.25838131799463
12.178336404070235  11.042968533719662  26.014970348640517
11.663678962267317  -17.009155863432998  -57.49327521149298
-9.185315275059123  8.513689526442768  1.9575333137581858
-1.7601802866321907  -19.397543627969593  26.430920007090176
33.037090451445465  4.659112245103302  -6.866277962549452
-0.14832286902111302  29.388837145576744  -40.50069456871481
6.030190759903285  33.10042577655385  -4.021194172515562
-5.695714109423521  -8.726080061980824  18.948482608418363
7.273651760541893  -27.51999164610274  49.83152364956173
9.522622547891212  -25.408106705002922  45.185852602695
-65.8169599394876  56.179892855408504  -51.43770342294286
6.4663915864915005  -13.894648041708384  -60.8281730715394
