C   0.0312761894  0.3325787020  0.3921268865
C   2.5142844942  0.0353324016  -1.1018386595
C   4.9252439858  -0.2835608636  0.5070413448
F   6.8883627397  -0.4438221189  -1.0296201641
F   5.2462201872  1.6753003640  2.0249457599
F   4.8064974814  -2.3659705248  1.8823453710
F   2.3117514665  -1.9952204678  -2.5857606942
F   2.8193626358  2.0865350996  -2.5388803036
O   -1.8742344892  0.5212469788  -1.3312789038
C   -4.2282007527  0.9583221242  -0.4466698579
C   -5.9000882724  -0.8370204200  -0.0609353490
F   -8.2214424924  -0.3996087286  0.6493289954
F   -5.4264304378  -3.2397925390  -0.3563925299
F   -4.8175121090  3.3663577508  -0.1548723274
F   0.1446395410  2.3743489791  1.8640478488
F   -0.3138065626  -1.6585597583  1.9017341595
momentum
38.913953163957025  -12.032225572732756  10.661695208490821
1.0176755931359378  5.55545632853006  15.214143023825692
-6.547902596042779  -28.452917939953917  -13.534805851212917
6.255524383272856  -13.879595042087242  -35.18814269041856
-20.026124737404025  -5.821639172659279  -22.24293929915568
-18.02547777741287  31.651927363816903  -5.079626703823727
-25.803367437235668  -14.048605498077325  10.861940733502637
19.026864989897177  11.44904631563071  51.597704717756116
-5.11776923582776  -5.06579279555721  -20.81887737608041
-36.95924694710668  -68.75116747957226  7.640949825815258
-21.090257315867582  -34.37292690144645  -38.145774773065696
-16.393331487604044  14.758344411028986  -43.09522889295037
51.61429515406293  56.82611265046463  24.96706087682284
10.000776016278056  4.5625164516155685  45.59061980094276
4.68075003558659  25.8082153733106  -0.6742805412017471
18.559602412136915  31.9914027194739  11.965178607687873
