C   0.0312761894  0.3325787020  0.3921268865
C   2.5142844942  0.0353324016  -1.1018386595
C   4.9252439858  -0.2835608636  0.5070413448
F   6.8883627397  -0.4438221189  -1.0296201641
F   5.2462201872  1.6753003640  2.0249457599
F   4.8064974814  -2.3659705248  1.8823453710
F   2.3117514665  -1.9952204678  -2.5857606942
F   2.8193626358  2.0865350996  -2.5388803036
O   -1.8742344892  0.5212469788  -1.3312789038
C   -4.2282007527  0.9583221242  -0.4466698579
C   -5.9000882724  -0.8370204200  -0.0609353490
F   -8.2214424924  -0.3996087286  0.6493289954
F   -5.4264304378  -3.2397925390  -0.3563925299
F   -4.8175121090  3.3663577508  -0.1548723274
F   0.1446395410  2.3743489791  1.8640478488
F   -0.3138065626  -1.6585597583  1.9017341595
momentum
-28.69297944559001  -46.96934412646546  -13.098359428106491
-11.961818048754976  19.926473139550065  -55.83199997095594
-27.438884752679066  -49.54937016642026  -4.980588910269503
-28.976518272032372  -50.183799556588646  -22.73648642978562
32.4772918381476  27.558130211072008  30.006647684633865
42.06615641242931  26.251408171558232  29.489786939135357
27.604151978558292  18.970826383929722  -28.62894374702184
37.07164259816576  1.266141942472389  -0.5207400719364434
45.43108545602495  -20.618607267579208  -20.24865058898542
-38.55808724538138  -25.402991560327372  -16.09651005630461
-6.628674893034982  24.257848672842915  12.518777121076663
-22.032490186679723  -21.049822103397926  11.037150870693791
-9.374332650268752  -39.38080030082756  -43.366563765104054
22.850277363218744  30.255789421135866  40.888414802001705
-34.560342746397815  55.31292251005131  31.549119514044385
0.6342352353221227  49.815471823916255  50.18991666648731
