C   0.0312761894  0.3325787020  0.3921268865
C   2.5142844942  0.0353324016  -1.1018386595
C   4.9252439858  -0.2835608636  0.5070413448
F   6.8883627397  -0.4438221189  -1.0296201641
F   5.2462201872  1.6753003640  2.0249457599
F   4.8064974814  -2.3659705248  1.8823453710
F   2.3117514665  -1.9952204678  -2.5857606942
F   2.8193626358  2.0865350996  -2.5388803036
O   -1.8742344892  0.5212469788  -1.3312789038
C   -4.2282007527  0.9583221242  -0.4466698579
C   -5.9000882724  -0.8370204200  -0.0609353490
F   -8.2214424924  -0.3996087286  0.6493289954
F   -5.4264304378  -3.2397925390  -0.3563925299
F   -4.8175121090  3.3663577508  -0.1548723274
F   0.1446395410  2.3743489791  1.8640478488
F   -0.3138065626  -1.6585597583  1.9017341595
momentum
25.82796858396291  -27.19856229770965  -5.853124476034758
14.840416311329957  -15.391252012030554  33.805815503569974
3.5251693435406377  25.089195860790408  6.819079798848608
44.17455703812121  6.000414795511464  35.40592092707903
3.320618108579455  -67.54301363603854  -44.42678694027368
14.02257072424999  24.33412623671037  -21.739842472559616
-16.668211223906976  22.902707817203346  -7.006156131186549
-9.740203941489632  8.830864167576422  -18.58049679115678
-5.691147009704219  -40.616859704013734  -10.425939819583538
-36.904023535750106  2.8876010442991067  -32.065813831702016
41.631269784961574  17.089066859092146  59.963795452961335
-40.46620385277776  -8.292722428450618  -5.932048193063343
-41.73584175530273  -14.646086642130426  -19.709158933535065
-5.137239952574221  21.94634614030752  -32.44692161126556
-12.435573929897997  27.21220047582945  67.18125360076274
21.78561941325883  17.508957489541896  -5.034372480232187
