C   0.0312761894  0.3325787020  0.3921268865
C   2.5142844942  0.0353324016  -1.1018386595
C   4.9252439858  -0.2835608636  0.5070413448
F   6.8883627397  -0.4438221189  -1.0296201641
F   5.2462201872  1.6753003640  2.0249457599
F   4.8064974814  -2.3659705248  1.8823453710
F   2.3117514665  -1.9952204678  -2.5857606942
F   2.8193626358  2.0865350996  -2.5388803036
O   -1.8742344892  0.5212469788  -1.3312789038
C   -4.2282007527  0.9583221242  -0.4466698579
C   -5.9000882724  -0.8370204200  -0.0609353490
F   -8.2214424924  -0.3996087286  0.6493289954
F   -5.4264304378  -3.2397925390  -0.3563925299
F   -4.8175121090  3.3663577508  -0.1548723274
F   0.1446395410  2.3743489791  1.8640478488
F   -0.3138065626  -1.6585597583  1.9017341595
momentum
37.15828248740724  40.998444971661634  -11.506384918100203
-9.54182247930106  35.990012783762445  -12.77746091156914
-6.457649105877399  -13.885120409168684  -32.365560722658884
-59.116640751259496  13.67006383556027  24.978154875818205
-15.031274003477467  -59.78442758635267  28.678773410700185
23.525787274860253  -0.5126801884397857  -48.96319317679714
78.42615591111942  -18.621819106999567  44.80274615471442
-19.46993131658518  -7.399251461009974  13.677379446004839
-12.581252897853435  3.7353089398197934  10.960212612921246
-37.35371790696664  3.285738102327375  -6.511811368069887
12.763709183247329  1.7782988431399038  -23.476999161653456
-12.072992037447856  18.42164432791434  38.81828184051018
-1.7409592482764698  -2.722287081792926  14.780964013343059
-25.48724976151021  -39.546219860159226  -55.40201103625745
51.96883412857053  24.29703671327406  28.59349763873177
-5.037762579246381  0.0494173224380128  -14.412744139641587
