C   0.0312761894  0.3325787020  0.3921268865
C   2.5142844942  0.0353324016  -1.1018386595
C   4.9252439858  -0.2835608636  0.5070413448
F   6.8883627397  -0.4438221189  -1.0296201641
F   5.2462201872  1.6753003640  2.0249457599
F   4.8064974814  -2.3659705248  1.8823453710
F   2.3117514665  -1.9952204678  -2.5857606942
F   2.8193626358  2.0865350996  -2.5388803036
O   -1.8742344892  0.5212469788  -1.3312789038
C   -4.2282007527  0.9583221242  -0.4466698579
C   -5.9000882724  -0.8370204200  -0.0609353490
F   -8.2214424924  -0.3996087286  0.6493289954
F   -5.4264304378  -3.2397925390  -0.3563925299
F   -4.8175121090  3.3663577508  -0.1548723274
F   0.1446395410  2.3743489791  1.8640478488
F   -0.3138065626  -1.6585597583  1.9017341595
momentum
-27.078731913022324  -15.82437678825673  9.729029373563266
18.669941393543354  0.6774623474096206  3.2355306103997576
-23.819215200684358  25.19917343552337  -1.7495651782810866
-36.328058921907065  -20.046691881771206  -28.055018088606076
68.62958512486883  6.187708078407057  20.71695855699511
8.999112155500013  5.838974178316948  47.78910951795536
-21.878472999674  29.382179421442594  12.994254384580888
3.287461956920618  20.791719572580863  -78.83894846340024
9.768911652598971  -32.924885415389575  19.509640749393117
-0.4658824828448588  -1.5205456411117337  19.26667604584218
64.46729311143042  14.594040112080402  -3.5253395593058077
56.27751236643287  -26.93266557138842  -29.67000669210111
-62.1620586511685  67.38879443263225  -14.454085100662855
-19.415199616448803  -23.61321941632057  0.9293229965971721
-40.53606036971513  -37.998446851697  7.5730304249191605
1.0945710445286767  -11.540725104896241  14.692275079424647
