C   0.0312761894  0.3325787020  0.3921268865
C   2.5142844942  0.0353324016  -1.1018386595
C   4.9252439858  -0.2835608636  0.5070413448
F   6.8883627397  -0.4438221189  -1.0296201641
F   5.2462201872  1.6753003640  2.0249457599
F   4.8064974814  -2.3659705248  1.8823453710
F   2.3117514665  -1.9952204678  -2.5857606942
F   2.8193626358  2.0865350996  -2.5388803036
O   -1.8742344892  0.5212469788  -1.3312789038
C   -4.2282007527  0.9583221242  -0.4466698579
C   -5.9000882724  -0.8370204200  -0.0609353490
F   -8.2214424924  -0.3996087286  0.6493289954
F   -5.4264304378  -3.2397925390  -0.3563925299
F   -4.8175121090  3.3663577508  -0.1548723274
F   0.1446395410  2.3743489791  1.8640478488
F   -0.3138065626  -1.6585597583  1.9017341595
momentum
-12.223796483033656  66.07326785957635  -37.390259670910034
34.32791712601289  -55.08128450979122  6.1208769607029465
-8.415176771216041  21.20519538323162  -37.087166631318595
-27.044508653104433  -10.42814592205755  54.08555154332077
-30.72407914108298  -8.390870902477957  -1.2196383380172078
9.025544817002835  -23.983230378089228  -29.89844496706628
-3.4985259370410895  18.136409158696004  42.14334287006212
-2.8526576867257516  27.305714032058898  -9.75794628507715
29.044843084665807  -56.9592383988653  26.26356924566263
7.989834258396452  -9.48237425159179  -8.635542043264772
7.620884720068104  -13.268686430126346  -9.793559515861663
9.849147477793665  31.271801159400535  30.560769154916123
5.156002989741602  -19.841107731778933  -12.08416861019755
-16.456629222979902  9.762700427025475  16.50022352708704
4.2634851131282625  53.363382676318814  -1.2227781697135165
-6.215760165552013  -29.849786999107714  -28.5798907296194
