C   0.0312761894  0.3325787020  0.3921268865
C   2.5142844942  0.0353324016  -1.1018386595
C   4.9252439858  -0.2835608636  0.5070413448
F   6.8883627397  -0.4438221189  -1.0296201641
F   5.2462201872  1.6753003640  2.0249457599
F   4.8064974814  -2.3659705248  1.8823453710
F   2.3117514665  -1.9952204678  -2.5857606942
F   2.8193626358  2.0865350996  -2.5388803036
O   -1.8742344892  0.5212469788  -1.3312789038
C   -4.2282007527  0.9583221242  -0.4466698579
C   -5.9000882724  -0.8370204200  -0.0609353490
F   -8.2214424924  -0.3996087286  0.6493289954
F   -5.4264304378  -3.2397925390  -0.3563925299
F   -4.8175121090  3.3663577508  -0.1548723274
F   0.1446395410  2.3743489791  1.8640478488
F   -0.3138065626  -1.6585597583  1.9017341595
momentum
-37.331998988255094  -9.71484444747867  39.560698477762664
-14.269076138718637  -32.75381780185767  -13.573306730789284
-30.58360907015838  8.840524096729874  -14.731504695442178
11.292100293114537  -32.39526444926986  -2.1712954894196583
-8.042784720015108  16.1660146685378  -7.8238761747264425
-30.035689828280162  51.56581447442868  -11.960856264529799
17.790121480184332  -23.938254555462134  -28.099328904468905
12.734502485897545  33.340978064435326  44.454468762160985
58.38734723092876  -19.563976514830237  -30.98134030422196
-10.129483427525557  -5.894052877733668  3.9407825984990743
51.15410884638429  30.447042330988996  27.931993049474023
-22.108502580270102  9.405389515123556  17.418780598808773
24.35893684825668  -37.343426029203066  -31.40020532294253
-13.928845189273147  26.335494950429442  5.9501287355131245
19.86687268266524  4.580672153317873  -16.146990982862018
-29.096674357504696  -18.7820665973571  17.977362475549906
