C   0.0312761894  0.3325787020  0.3921268865
C   2.5142844942  0.0353324016  -1.1018386595
C   4.9252439858  -0.2835608636  0.5070413448
F   6.8883627397  -0.4438221189  -1.0296201641
F   5.2462201872  1.6753003640  2.0249457599
F   4.8064974814  -2.3659705248  1.8823453710
F   2.3117514665  -1.9952204678  -2.5857606942
F   2.8193626358  2.0865350996  -2.5388803036
O   -1.8742344892  0.5212469788  -1.3312789038
C   -4.2282007527  0.9583221242  -0.4466698579
C   -5.9000882724  -0.8370204200  -0.0609353490
F   -8.2214424924  -0.3996087286  0.6493289954
F   -5.4264304378  -3.2397925390  -0.3563925299
F   -4.8175121090  3.3663577508  -0.1548723274
F   0.1446395410  2.3743489791  1.8640478488
F   -0.3138065626  -1.6585597583  1.9017341595
momentum
-34.276658774490556  38.442128919543244  1.8693145693877875
-27.203407558921175  7.179864966721475  -28.926474702940997
16.809805253109374  -41.80476648393007  31.585231103193415
29.171036308444794  -19.62368008412292  28.88155844427397
26.841047051488847  18.010951781710254  22.075416351785705
-72.50756048754529  19.952397064389668  -41.01768171732656
-0.8545942000354176  16.580586776295096  -25.736394861159425
15.405690789888405  -0.5272711607329118  12.974146866629862
5.120136959637733  -13.40530878449791  -45.70150017473846
38.89043066059163  -47.66211235408206  10.504461211248831
4.9089398592013325  -19.92399637317711  11.554021312581018
-7.482692655098694  -20.359180858794403  39.20360304067871
7.278939712890621  30.18271440921101  12.394333530826565
0.9270617890993301  -16.488439484772417  -13.444707776123094
23.76160194731018  47.81732872414771  14.288577683219083
-26.754012911858034  1.9075321377121344  -30.65116439308896
