C   0.0312761894  0.3325787020  0.3921268865
C   2.5142844942  0.0353324016  -1.1018386595
C   4.9252439858  -0.2835608636  0.5070413448
F   6.8883627397  -0.4438221189  -1.0296201641
F   5.2462201872  1.6753003640  2.0249457599
F   4.8064974814  -2.3659705248  1.8823453710
F   2.3117514665  -1.9952204678  -2.5857606942
F   2.8193626358  2.0865350996  -2.5388803036
O   -1.8742344892  0.5212469788  -1.3312789038
C   -4.2282007527  0.9583221242  -0.4466698579
C   -5.9000882724  -0.8370204200  -0.0609353490
F   -8.2214424924  -0.3996087286  0.6493289954
F   -5.4264304378  -3.2397925390  -0.3563925299
F   -4.8175121090  3.3663577508  -0.1548723274
F   0.1446395410  2.3743489791  1.8640478488
F   -0.3138065626  -1.6585597583  1.9017341595
momentum
50.59737012390947  -15.170877700260771  20.116318279977474
5.456165061134093  1.239972904485843  -8.595935651465211
-7.943970365312687  -13.688871674240545  13.925814229511634
26.197594807862316  19.671066518928612  -30.151909879817673
-36.31160317401814  -8.265268949913356  -49.277467087451704
-2.538835189290247  19.326671140029916  33.08236662383615
10.045904059414612  -23.583431127758075  1.5040385892471124
-23.421248557182462  22.95452080572919  42.56946040225666
-21.84105070526856  -10.75399460779998  -26.80073814440187
-12.600393368166461  22.49290749416283  -18.420407257176894
-5.1057306237645905  35.22418090668602  56.00167391023155
41.250113778182396  57.78043345901666  8.465289755907621
24.8776139744963  -37.62679535906158  -44.72476427625936
-2.308565772562875  -35.11206596095112  -14.200606872869718
-25.263617896171848  -53.8305115639291  13.497089169045523
-20.525739422274224  19.536330058553844  3.019329362965126
