C   0.0312761894  0.3325787020  0.3921268865
C   2.5142844942  0.0353324016  -1.1018386595
C   4.9252439858  -0.2835608636  0.5070413448
F   6.8883627397  -0.4438221189  -1.0296201641
F   5.2462201872  1.6753003640  2.0249457599
F   4.8064974814  -2.3659705248  1.8823453710
F   2.3117514665  -1.9952204678  -2.5857606942
F   2.8193626358  2.0865350996  -2.5388803036
O   -1.8742344892  0.5212469788  -1.3312789038
C   -4.2282007527  0.9583221242  -0.4466698579
C   -5.9000882724  -0.8370204200  -0.0609353490
F   -8.2214424924  -0.3996087286  0.6493289954
F   -5.4264304378  -3.2397925390  -0.3563925299
F   -4.8175121090  3.3663577508  -0.1548723274
F   0.1446395410  2.3743489791  1.8640478488
F   -0.3138065626  -1.6585597583  1.9017341595
momentum
-7.483718753253375  -3.7702106961307806  -19.603230308660418
-27.100868339962446  14.111185334774008  -13.459282298763505
-19.37104315713547  -13.517280513375907  28.489482335105482
0.5687859210401249  -33.39395973193936  2.7651134643753768
-21.818728091216535  55.53924519284969  25.54106177770674
6.03371714509879  10.562218687848956  15.558149938754408
23.80281913004425  -16.12114039200278  -17.029570261177707
34.134413065196654  -10.483903952065091  -45.23565012199495
-37.73604516324118  -7.6905162204182345  24.41916285397569
-32.012856159726226  22.078694198393457  19.589406253101114
-5.109379962155678  12.699696431291393  9.900441637660903
30.93721455252185  -40.878336964618676  35.1407402432877
1.4089407054470666  -59.6486138768973  -38.86919113554585
6.165940227272635  107.00278439405876  -18.77642155572392
35.11476795470088  -42.967407604162396  26.362605476841868
12.419543524874493  6.485739033602247  -34.623789695947764
