C   0.0312761894  0.3325787020  0.3921268865
C   2.5142844942  0.0353324016  -1.1018386595
C   4.9252439858  -0.2835608636  0.5070413448
F   6.8883627397  -0.4438221189  -1.0296201641
F   5.2462201872  1.6753003640  2.0249457599
F   4.8064974814  -2.3659705248  1.8823453710
F   2.3117514665  -1.9952204678  -2.5857606942
F   2.8193626358  2.0865350996  -2.5388803036
O   -1.8742344892  0.5212469788  -1.3312789038
C   -4.2282007527  0.9583221242  -0.4466698579
C   -5.9000882724  -0.8370204200  -0.0609353490
F   -8.2214424924  -0.3996087286  0.6493289954
F   -5.4264304378  -3.2397925390  -0.3563925299
F   -4.8175121090  3.3663577508  -0.1548723274
F   0.1446395410  2.3743489791  1.8640478488
F   -0.3138065626  -1.6585597583  1.9017341595
momentum
15.768949591577805  50.85147300934805  -19.69416400397792
13.286366657243331  -13.12312437556698  2.3182172196719173
29.56865389260561  -6.0232352593492555  -28.404192997487378
-43.37836725854305  34.422555449873165  14.620979346719114
-24.31826866347822  -37.69753504597816  7.828697156971364
17.746182528775872  20.657094117506947  -0.3550030790850502
-13.894171365625144  24.98820809960616  -2.378360184751521
8.528731167908452  -25.279504265121325  14.297115704717804
41.60806200984454  19.07606804508753  -4.897788627396449
20.53877746041762  12.45179905320469  -51.92640453422663
-47.83333278371747  19.62363284360608  7.2880048835253115
-41.41158203836783  -33.92986256126572  7.733356221226796
-22.31549052660635  23.38594035663506  53.83725473704896
37.89752025335439  -44.747483606580886  -21.652500887299485
-6.703346787528258  -12.641951134017972  29.14757683793055
15.414009138973194  -32.03173795165234  -8.092870365833447
