C   0.0312761894  0.3325787020  0.3921268865
C   2.5142844942  0.0353324016  -1.1018386595
C   4.9252439858  -0.2835608636  0.5070413448
F   6.8883627397  -0.4438221189  -1.0296201641
F   5.2462201872  1.6753003640  2.0249457599
F   4.8064974814  -2.3659705248  1.8823453710
F   2.3117514665  -1.9952204678  -2.5857606942
F   2.8193626358  2.0865350996  -2.5388803036
O   -1.8742344892  0.5212469788  -1.3312789038
C   -4.2282007527  0.9583221242  -0.4466698579
C   -5.9000882724  -0.8370204200  -0.0609353490
F   -8.2214424924  -0.3996087286  0.6493289954
F   -5.4264304378  -3.2397925390  -0.3563925299
F   -4.8175121090  3.3663577508  -0.1548723274
F   0.1446395410  2.3743489791  1.8640478488
F   -0.3138065626  -1.6585597583  1.9017341595
momentum
94.12338373456278  17.60454599121984  13.148368510201973
-6.782413464226802  14.42086974570541  14.958083482786968
35.34263206798136  -21.55266797923281  -37.822416239465014
-49.74431991429786  57.88309905846571  20.349910998338604
-14.93163366157627  -3.8291503566449947  -16.384089536840484
-30.80276516735101  -9.062189010219527  -11.12044213731022
39.482394926462  36.34345830436211  46.13862145185165
7.478293642489101  -55.68009211498813  -32.65620384394355
-27.025823465574355  -1.8943604981229882  -15.065838701800665
-12.764220349979025  -30.78435500836446  -24.15375069337783
30.201099026604513  16.077840279734815  32.40493076425076
-38.58557367850882  0.4292166897599197  12.465527337176702
-18.115092040788102  -3.540380965369415  -13.93092516923574
14.266763434288936  39.004826206128904  -20.012539065596197
-17.318812760904894  -28.177535899287875  35.336758954951065
-4.559610437389769  -26.854748976577696  -3.842075738395835
