C   0.0312761894  0.3325787020  0.3921268865
C   2.5142844942  0.0353324016  -1.1018386595
C   4.9252439858  -0.2835608636  0.5070413448
F   6.8883627397  -0.4438221189  -1.0296201641
F   5.2462201872  1.6753003640  2.0249457599
F   4.8064974814  -2.3659705248  1.8823453710
F   2.3117514665  -1.9952204678  -2.5857606942
F   2.8193626358  2.0865350996  -2.5388803036
O   -1.8742344892  0.5212469788  -1.3312789038
C   -4.2282007527  0.9583221242  -0.4466698579
C   -5.9000882724  -0.8370204200  -0.0609353490
F   -8.2214424924  -0.3996087286  0.6493289954
F   -5.4264304378  -3.2397925390  -0.3563925299
F   -4.8175121090  3.3663577508  -0.1548723274
F   0.1446395410  2.3743489791  1.8640478488
F   -0.3138065626  -1.6585597583  1.9017341595
momentum
30.61104751196701  11.719836974410622  5.3845587212682595
26.793096902753632  30.706855533027937  25.5388930965292
29.722584985597816  3.8781695137076033  -10.555813824006764
-14.291207769033626  -45.55111432497071  14.243390579385611
-6.5117337225959195  -49.93078042389586  -80.04678714042979
-40.68445788975042  9.788647910327908  -0.507485952495773
13.091054731486508  51.67564875080548  12.254243390393734
-1.5635297732335154  53.05845847236032  -50.269668148798296
53.87112363039946  -31.94825310264363  21.017008443025873
21.097504539344936  22.889257130639823  15.843643135791252
-9.883924903323196  -11.863561886452233  27.788356831919867
-17.713414077814203  9.827551510347089  -49.815947611657336
-37.53111079777999  -26.326739426816214  -9.54860557296953
-19.018497403793294  -49.9287156378973  -2.014942875942657
-17.48097675093795  -6.861629656538679  28.596541232869637
-10.535711985640742  28.70328009995375  51.50854973019265
