C   0.0312761894  0.3325787020  0.3921268865
C   2.5142844942  0.0353324016  -1.1018386595
C   4.9252439858  -0.2835608636  0.5070413448
F   6.8883627397  -0.4438221189  -1.0296201641
F   5.2462201872  1.6753003640  2.0249457599
F   4.8064974814  -2.3659705248  1.8823453710
F   2.3117514665  -1.9952204678  -2.5857606942
F   2.8193626358  2.0865350996  -2.5388803036
O   -1.8742344892  0.5212469788  -1.3312789038
C   -4.2282007527  0.9583221242  -0.4466698579
C   -5.9000882724  -0.8370204200  -0.0609353490
F   -8.2214424924  -0.3996087286  0.6493289954
F   -5.4264304378  -3.2397925390  -0.3563925299
F   -4.8175121090  3.3663577508  -0.1548723274
F   0.1446395410  2.3743489791  1.8640478488
F   -0.3138065626  -1.6585597583  1.9017341595
momentum
-3.2774566104105958  3.020665699966756  29.79981306691452
27.633902040400418  -0.09330334417346244  -26.075277695435215
-15.563481061867689  11.837395848015516  21.68127914693106
12.789724595208236  1.5064650685847314  2.962509045101269
6.647205309654498  0.2760230746367129  30.822245198114093
-16.611220076272243  23.667149129673405  -22.876176347211473
0.8699833878005033  1.4098775201259088  -86.01215445387773
7.127180012125152  -62.11762686910382  41.09691044777582
-43.00186227163367  -18.491058568014754  62.555004793812536
-13.659896706385432  -17.262003046184315  2.5810785485242755
45.0042375819727  16.290638701442138  -19.09651911585392
-4.5789491308309325  16.66551640051469  -10.631116548807956
14.768253965700932  -10.663276516202854  11.604748549192239
15.609422401994081  19.855210617987893  26.958048418093558
-52.848727025291126  -10.056305981039865  -75.8698972466371
18.899735607532445  24.372827278424353  10.416767917409182
