C   0.0312761894  0.3325787020  0.3921268865
C   2.5142844942  0.0353324016  -1.1018386595
C   4.9252439858  -0.2835608636  0.5070413448
F   6.8883627397  -0.4438221189  -1.0296201641
F   5.2462201872  1.6753003640  2.0249457599
F   4.8064974814  -2.3659705248  1.8823453710
F   2.3117514665  -1.9952204678  -2.5857606942
F   2.8193626358  2.0865350996  -2.5388803036
O   -1.8742344892  0.5212469788  -1.3312789038
C   -4.2282007527  0.9583221242  -0.4466698579
C   -5.9000882724  -0.8370204200  -0.0609353490
F   -8.2214424924  -0.3996087286  0.6493289954
F   -5.4264304378  -3.2397925390  -0.3563925299
F   -4.8175121090  3.3663577508  -0.1548723274
F   0.1446395410  2.3743489791  1.8640478488
F   -0.3138065626  -1.6585597583  1.9017341595
momentum
5.80331684890642  66.68572995370144  3.8845631680353607
-21.42458297275778  30.749946644955944  12.142084145653307
48.01690694227562  -39.90439930278339  -1.485652593015133
-6.807870197932648  9.543705970654322  -17.40562601796839
-17.48663600362933  -30.21026337028505  3.272318174701182
-53.5212358894049  28.800951029499984  32.223841960621236
39.19769366572927  -28.901637092165945  -5.471386555444421
4.328984114658176  -10.425821458598822  -49.60447873740048
-66.42959438099484  50.00051681710579  -12.822293929907945
4.039208405566415  10.34065153348215  9.01993160526003
20.861541499844428  -13.40923221689094  4.888838367253201
17.493720096546994  -7.813792208150373  -1.6451827407117487
9.194191179398223  -49.037438048565356  -10.026536849027039
34.178275286437085  24.532938560831443  16.429175216436242
-15.565833061127565  33.41730157116112  2.536956228660238
-1.670817890281008  -74.1569890941353  13.937166176583556
