C   0.0312761894  0.3325787020  0.3921268865
C   2.5142844942  0.0353324016  -1.1018386595
C   4.9252439858  -0.2835608636  0.5070413448
F   6.8883627397  -0.4438221189  -1.0296201641
F   5.2462201872  1.6753003640  2.0249457599
F   4.8064974814  -2.3659705248  1.8823453710
F   2.3117514665  -1.9952204678  -2.5857606942
F   2.8193626358  2.0865350996  -2.5388803036
O   -1.8742344892  0.5212469788  -1.3312789038
C   -4.2282007527  0.9583221242  -0.4466698579
C   -5.9000882724  -0.8370204200  -0.0609353490
F   -8.2214424924  -0.3996087286  0.6493289954
F   -5.4264304378  -3.2397925390  -0.3563925299
F   -4.8175121090  3.3663577508  -0.1548723274
F   0.1446395410  2.3743489791  1.8640478488
F   -0.3138065626  -1.6585597583  1.9017341595
momentum
-44.03394257170335  9.326612161333298  -21.167665150615097
18.677628191752973  -1.505228312789548  -17.60645832201404
23.451513652136324  -0.3600283338860313  55.54042243747002
19.56045540070748  -13.064205238327952  -37.82946927904187
4.008911797630234  -5.559725537467222  26.30228586389297
16.486320321227144  -61.734575924131626  -26.982042994083983
-18.612461045937646  30.775698601050273  10.088400938131084
33.24730688624275  -11.514366338083288  -20.94478893695005
-18.8921620217417  29.376764890277794  28.264880668844363
-49.0338490729138  1.7004065221673863  27.192244038052802
15.733714354945981  15.32126230499883  -26.958719351538814
40.95773952093676  -22.082498856994512  -53.16481705013394
-21.958962938994944  -32.7780280767223  40.69414592876744
-46.06392909816508  -12.737511246357027  9.412491450971057
12.218200869166076  43.07653196814602  -17.08235119746356
14.014524640189155  31.8490962718507  24.06186164248235
