C   0.0312761894  0.3325787020  0.3921268865
C   2.5142844942  0.0353324016  -1.1018386595
C   4.9252439858  -0.2835608636  0.5070413448
F   6.8883627397  -0.4438221189  -1.0296201641
F   5.2462201872  1.6753003640  2.0249457599
F   4.8064974814  -2.3659705248  1.8823453710
F   2.3117514665  -1.9952204678  -2.5857606942
F   2.8193626358  2.0865350996  -2.5388803036
O   -1.8742344892  0.5212469788  -1.3312789038
C   -4.2282007527  0.9583221242  -0.4466698579
C   -5.9000882724  -0.8370204200  -0.0609353490
F   -8.2214424924  -0.3996087286  0.6493289954
F   -5.4264304378  -3.2397925390  -0.3563925299
F   -4.8175121090  3.3663577508  -0.1548723274
F   0.1446395410  2.3743489791  1.8640478488
F   -0.3138065626  -1.6585597583  1.9017341595
momentum
-14.400823364966847  -56.03926999263117  -25.672080050949802
17.084349218246622  -56.51758448357454  44.91182802605083
15.753557066995057  -5.485844633288924  18.92777751072742
-17.402288486722714  8.491447171726884  15.6110830998828
-4.181778593982383  -15.335733764615691  2.775003905601525
4.8873640518360215  -51.91186250554238  -31.161703623732937
-22.129082813939874  37.78489669313781  19.958149366907573
16.534873158079446  108.11275399623972  -9.006792568436094
4.0003997527949915  40.23891699808895  -48.90270934114508
-10.53667953598141  -50.154811040925935  -50.25635781294226
2.9536941897309172  37.58173146617856  61.988478726408495
34.348468806464616  -17.185073474527975  -38.0077034156563
-41.39835826634154  12.713086542891746  77.44982067824643
-16.021347646189703  -66.22046967744258  -15.976731059336474
49.83894521277456  74.70511841041481  1.1220384641637562
-18.82270161316721  -0.6798275468975572  -23.58200683775198
