C   0.0312761894  0.3325787020  0.3921268865
C   2.5142844942  0.0353324016  -1.1018386595
C   4.9252439858  -0.2835608636  0.5070413448
F   6.8883627397  -0.4438221189  -1.0296201641
F   5.2462201872  1.6753003640  2.0249457599
F   4.8064974814  -2.3659705248  1.8823453710
F   2.3117514665  -1.9952204678  -2.5857606942
F   2.8193626358  2.0865350996  -2.5388803036
O   -1.8742344892  0.5212469788  -1.3312789038
C   -4.2282007527  0.9583221242  -0.4466698579
C   -5.9000882724  -0.8370204200  -0.0609353490
F   -8.2214424924  -0.3996087286  0.6493289954
F   -5.4264304378  -3.2397925390  -0.3563925299
F   -4.8175121090  3.3663577508  -0.1548723274
F   0.1446395410  2.3743489791  1.8640478488
F   -0.3138065626  -1.6585597583  1.9017341595
momentum
25.753407944924263  13.082886189021368  35.37858638207286
4.936592367759182  -19.19703993737075  22.014809302479115
-16.233817219899933  -15.25856657215721  27.884425263371593
-8.260296464019268  -6.079012085110384  -27.881781177074267
-52.258145879412275  -5.609374354970833  -11.009720957558944
-6.765712811266059  19.95185960263632  -9.537377825312317
-39.15649344448395  -20.840544221446827  -48.48824087106257
9.768574393840177  10.657051798768064  39.9498420066114
-46.12802517816611  -31.724461724946966  -1.9991203443030428
49.198187820657076  63.000674421374754  14.20418352307412
9.927268318075638  41.227064513670506  11.761064748610513
0.3939993749538373  -35.14983399205754  -41.320689906489676
9.209620564678932  -24.28457646057546  15.01764604588323
-31.3096399371115  -35.07227459410205  -27.646803450423967
61.60945110027624  24.856841574722218  22.457406760324734
29.849734396652856  20.548502254122525  -20.483335691673503
