C   0.0312761894  0.3325787020  0.3921268865
C   2.5142844942  0.0353324016  -1.1018386595
C   4.9252439858  -0.2835608636  0.5070413448
F   6.8883627397  -0.4438221189  -1.0296201641
F   5.2462201872  1.6753003640  2.0249457599
F   4.8064974814  -2.3659705248  1.8823453710
F   2.3117514665  -1.9952204678  -2.5857606942
F   2.8193626358  2.0865350996  -2.5388803036
O   -1.8742344892  0.5212469788  -1.3312789038
C   -4.2282007527  0.9583221242  -0.4466698579
C   -5.9000882724  -0.8370204200  -0.0609353490
F   -8.2214424924  -0.3996087286  0.6493289954
F   -5.4264304378  -3.2397925390  -0.3563925299
F   -4.8175121090  3.3663577508  -0.1548723274
F   0.1446395410  2.3743489791  1.8640478488
F   -0.3138065626  -1.6585597583  1.9017341595
momentum
-47.376909355008564  -38.18612207037238  -24.353353796045226
28.09611910134216  -26.259746668564397  -5.225783274504295
-16.486147961896027  39.128642445461914  -43.83067021092347
3.418458012508381  -2.883309414541089  27.67363065242274
1.8418128220467247  -2.974981856531033  -9.012382440446032
28.07207124284299  -1.1712171054730103  -0.14536813450735706
0.6763272976981908  -8.115498113260285  -19.441479857489107
39.744825697801005  -9.523902938173363  -34.39154908991776
14.66473452250691  -21.918377114212813  -1.3243439421272194
22.90651399569764  47.257227515722725  14.464267877873166
12.787809238360715  -24.81132375983598  -14.105173682161965
-22.671481011431737  -6.64923573917827  -16.279215212660077
-4.468424780450454  13.589516826398228  14.059870810377095
4.017262417047282  4.32363585012122  26.84124797252141
-48.640092128927584  6.19355707450936  66.21962620605264
-16.910742305615873  31.983292881098947  19.025450995883208
