C   0.0312761894  0.3325787020  0.3921268865
C   2.5142844942  0.0353324016  -1.1018386595
C   4.9252439858  -0.2835608636  0.5070413448
F   6.8883627397  -0.4438221189  -1.0296201641
F   5.2462201872  1.6753003640  2.0249457599
F   4.8064974814  -2.3659705248  1.8823453710
F   2.3117514665  -1.9952204678  -2.5857606942
F   2.8193626358  2.0865350996  -2.5388803036
O   -1.8742344892  0.5212469788  -1.3312789038
C   -4.2282007527  0.9583221242  -0.4466698579
C   -5.9000882724  -0.8370204200  -0.0609353490
F   -8.2214424924  -0.3996087286  0.6493289954
F   -5.4264304378  -3.2397925390  -0.3563925299
F   -4.8175121090  3.3663577508  -0.1548723274
F   0.1446395410  2.3743489791  1.8640478488
F   -0.3138065626  -1.6585597583  1.9017341595
momentum
-16.745224072544328  -15.334628009330231  22.657825608930164
-22.27189225072592  -2.4570283373183712  19.99372327426375
9.868624000541484  20.251458038812608  6.992713617435861
38.83070953354486  -4.571379361772506  0.3946928063694774
-15.323175897754298  -31.806109833180965  -10.86574357584162
-23.149621987115044  -6.204042793937244  33.41729847545119
-25.95139696005021  73.4319147902454  0.002675437924098844
10.368975276274599  -58.51001942376256  -40.79086513795267
-43.44012353981836  43.851909548692724  -26.79252425964282
29.492421716833846  1.9574520479939066  -25.766918460000515
29.40315231781468  -32.694684443288075  7.644147018431909
-13.65170210754994  -9.32748083668447  -13.19950554239142
29.815498474569228  -27.538768219106046  38.278686195078436
19.389035335399903  41.93250251058458  30.712318969752253
-10.702337156989273  15.385599708427877  3.265136650183807
4.096743145868512  -8.031486692772448  -45.92194976206377
