C   0.0312761894  0.3325787020  0.3921268865
C   2.5142844942  0.0353324016  -1.1018386595
C   4.9252439858  -0.2835608636  0.5070413448
F   6.8883627397  -0.4438221189  -1.0296201641
F   5.2462201872  1.6753003640  2.0249457599
F   4.8064974814  -2.3659705248  1.8823453710
F   2.3117514665  -1.9952204678  -2.5857606942
F   2.8193626358  2.0865350996  -2.5388803036
O   -1.8742344892  0.5212469788  -1.3312789038
C   -4.2282007527  0.9583221242  -0.4466698579
C   -5.9000882724  -0.8370204200  -0.0609353490
F   -8.2214424924  -0.3996087286  0.6493289954
F   -5.4264304378  -3.2397925390  -0.3563925299
F   -4.8175121090  3.3663577508  -0.1548723274
F   0.1446395410  2.3743489791  1.8640478488
F   -0.3138065626  -1.6585597583  1.9017341595
momentum
13.358246539519062  31.178881041870003  28.451949929233972
-47.2431292328793  17.651963167832402  14.303038748068948
-20.784700543201357  -5.156198330018812  26.23725060216683
24.58579905354146  10.924989605125177  -3.01056556276921
-14.160354407441377  -59.56933676908069  -5.032439637525653
-38.944448829527424  6.634626313469683  -37.96172586003322
5.4981556538433995  -52.04727015785543  -53.78539997569599
-6.579068916175785  18.891401760797148  3.9792240264455545
-55.58050431884295  -15.788964108204896  25.361668455534836
-16.255631304417154  40.36810062070195  32.210708393486605
24.90442630499133  7.094525703920737  -0.03943522741998764
39.94420522529765  11.021374017278402  -5.2250442113298305
35.31486698061784  -9.462424701742986  -6.238131948109647
23.84998959763295  -55.58588113103079  -73.75747621492371
-22.987774509034285  1.5170848743978047  37.59933826615156
55.361157839012954  52.27438424603459  16.497134358109122
