C   0.0312761894  0.3325787020  0.3921268865
C   2.5142844942  0.0353324016  -1.1018386595
C   4.9252439858  -0.2835608636  0.5070413448
F   6.8883627397  -0.4438221189  -1.0296201641
F   5.2462201872  1.6753003640  2.0249457599
F   4.8064974814  -2.3659705248  1.8823453710
F   2.3117514665  -1.9952204678  -2.5857606942
F   2.8193626358  2.0865350996  -2.5388803036
O   -1.8742344892  0.5212469788  -1.3312789038
C   -4.2282007527  0.9583221242  -0.4466698579
C   -5.9000882724  -0.8370204200  -0.0609353490
F   -8.2214424924  -0.3996087286  0.6493289954
F   -5.4264304378  -3.2397925390  -0.3563925299
F   -4.8175121090  3.3663577508  -0.1548723274
F   0.1446395410  2.3743489791  1.8640478488
F   -0.3138065626  -1.6585597583  1.9017341595
momentum
25.257984419568025  -15.51666563196092  0.6606938180775703
9.41414312523431  22.299825091158695  13.135045716605736
-44.85799261330955  18.44541434494169  32.108631925758026
10.32301967817365  -24.383478831539  32.79558957296189
-17.670273891451878  15.847068196814156  13.69731674433555
42.63852315947905  10.660612648681914  -63.53120218926948
-51.820041625923345  -43.086454958090144  -0.5203720577656942
13.67173801235757  -3.558030195050051  -34.93945210124354
-17.418951710938728  -32.801117474707794  31.202968092822353
-22.00714691285465  16.63699999604993  11.36484331488597
11.115672274607261  1.7619159309800532  -14.153600672523822
-27.01298104647671  -26.4392587444079  11.969313991087224
31.069206068853802  13.886697148632217  -47.633826504276705
-1.7097924862241052  30.33233246500597  5.218396332569909
40.849092497632185  19.809966423374256  -13.739679377792209
-1.9452634550667964  -3.994722976821669  22.445733334108624
