C   0.0312761894  0.3325787020  0.3921268865
C   2.5142844942  0.0353324016  -1.1018386595
C   4.9252439858  -0.2835608636  0.5070413448
F   6.8883627397  -0.4438221189  -1.0296201641
F   5.2462201872  1.6753003640  2.0249457599
F   4.8064974814  -2.3659705248  1.8823453710
F   2.3117514665  -1.9952204678  -2.5857606942
F   2.8193626358  2.0865350996  -2.5388803036
O   -1.8742344892  0.5212469788  -1.3312789038
C   -4.2282007527  0.9583221242  -0.4466698579
C   -5.9000882724  -0.8370204200  -0.0609353490
F   -8.2214424924  -0.3996087286  0.6493289954
F   -5.4264304378  -3.2397925390  -0.3563925299
F   -4.8175121090  3.3663577508  -0.1548723274
F   0.1446395410  2.3743489791  1.8640478488
F   -0.3138065626  -1.6585597583  1.9017341595
momentum
2.3343527501090455  -39.8863240285444  31.811767666172376
-27.899297241072645  8.799703503984134  19.850916015101618
19.254058919766  26.90416011111063  45.44304709999061
22.163069399627016  -6.781689691335744  6.75062892025858
70.13531957627325  4.965107434491778  -28.262944588081613
-39.12250950574543  28.65114703143719  -38.16138516638382
23.80742898072387  40.94251706949317  14.67107925684796
-5.229988104676113  -55.14030467745809  -9.15278342270215
-32.03621671594162  0.37397245549502506  -14.705625404453887
12.667706948935207  -39.201615426616826  -12.679182920329643
-39.992588038916395  -45.300493793637976  -19.06596660679125
-0.3380339832508294  51.172521330285754  31.54381888799677
-3.9766845925739402  15.49710417188191  -38.959474770535905
-6.0320032636012915  15.139073016074473  11.25988137527705
-24.584038828603852  -32.50669901280218  -2.6958455499895058
28.43220268760582  26.345183612263472  1.8907232265281215
