C   0.0312761894  0.3325787020  0.3921268865
C   2.5142844942  0.0353324016  -1.1018386595
C   4.9252439858  -0.2835608636  0.5070413448
F   6.8883627397  -0.4438221189  -1.0296201641
F   5.2462201872  1.6753003640  2.0249457599
F   4.8064974814  -2.3659705248  1.8823453710
F   2.3117514665  -1.9952204678  -2.5857606942
F   2.8193626358  2.0865350996  -2.5388803036
O   -1.8742344892  0.5212469788  -1.3312789038
C   -4.2282007527  0.9583221242  -0.4466698579
C   -5.9000882724  -0.8370204200  -0.0609353490
F   -8.2214424924  -0.3996087286  0.6493289954
F   -5.4264304378  -3.2397925390  -0.3563925299
F   -4.8175121090  3.3663577508  -0.1548723274
F   0.1446395410  2.3743489791  1.8640478488
F   -0.3138065626  -1.6585597583  1.9017341595
momentum
-33.399563470577  -5.870951170520104  7.485401586415275
-62.263008833766676  -26.754804720813702  1.0142707693565702
-4.808963820582931  -13.747806552066514  23.545135622890346
10.881237061070793  23.720763996980413  -24.423981954601096
-0.8082678959487352  21.92620260742147  -3.182544881746799
-26.3200241871083  -3.678026162461859  -14.382346386653941
34.32645372729204  -24.5911219429076  -18.047990987664267
45.67023894029124  12.97098235439709  0.23523243126906562
17.653136423632905  -22.239262357901424  23.46938902798975
14.584274706047813  -8.534304527504393  15.132705319761824
-13.563308256594818  11.58187547740707  -13.87059225167552
-59.657810468382266  8.002312027245372  37.666395975917744
66.02410764060213  28.44936698443327  -21.402550082596807
-1.4450477058518651  6.283188791446672  -24.663309871121044
-11.579453528014174  -55.97066753211663  3.9685519883330445
24.78260128104828  48.44094288561796  7.164230184728666
