C   0.0312761894  0.3325787020  0.3921268865
C   2.5142844942  0.0353324016  -1.1018386595
C   4.9252439858  -0.2835608636  0.5070413448
F   6.8883627397  -0.4438221189  -1.0296201641
F   5.2462201872  1.6753003640  2.0249457599
F   4.8064974814  -2.3659705248  1.8823453710
F   2.3117514665  -1.9952204678  -2.5857606942
F   2.8193626358  2.0865350996  -2.5388803036
O   -1.8742344892  0.5212469788  -1.3312789038
C   -4.2282007527  0.9583221242  -0.4466698579
C   -5.9000882724  -0.8370204200  -0.0609353490
F   -8.2214424924  -0.3996087286  0.6493289954
F   -5.4264304378  -3.2397925390  -0.3563925299
F   -4.8175121090  3.3663577508  -0.1548723274
F   0.1446395410  2.3743489791  1.8640478488
F   -0.3138065626  -1.6585597583  1.9017341595
momentum
-16.662542610980186  -14.531412187888122  -0.8462050062344361
-10.402371024358796  49.52965355889884  -28.96923257860085
-29.755611025045447  -18.51857161247354  10.25938960667716
1.4488986878985886  -38.74769132808329  -1.591643051028495
64.8690452748074  18.135676791024355  -0.8661703968647453
1.29961224409247  23.245231222595542  -7.905532328245456
12.206116380245842  25.770127160142216  5.961582917344653
-14.245638709750143  -21.9026339310494  -18.540887373625072
-17.81552892799359  -7.965111509327651  51.73863764872179
32.32596008037371  4.2503739662451006  -17.50511069576876
-17.67533654157376  13.799384977347867  7.709759176997452
-21.354602057337623  -59.36536777899659  -34.045862038866694
11.44507699519911  10.030877429543622  16.63320691292463
74.89766769214117  0.48952283099627025  8.32945529028282
-28.247856845443817  11.337665165517326  23.38852272672265
-42.47347141306071  4.291592031408545  -13.889633480982498
