C   0.0312761894  0.3325787020  0.3921268865
C   2.5142844942  0.0353324016  -1.1018386595
C   4.9252439858  -0.2835608636  0.5070413448
F   6.8883627397  -0.4438221189  -1.0296201641
F   5.2462201872  1.6753003640  2.0249457599
F   4.8064974814  -2.3659705248  1.8823453710
F   2.3117514665  -1.9952204678  -2.5857606942
F   2.8193626358  2.0865350996  -2.5388803036
O   -1.8742344892  0.5212469788  -1.3312789038
C   -4.2282007527  0.9583221242  -0.4466698579
C   -5.9000882724  -0.8370204200  -0.0609353490
F   -8.2214424924  -0.3996087286  0.6493289954
F   -5.4264304378  -3.2397925390  -0.3563925299
F   -4.8175121090  3.3663577508  -0.1548723274
F   0.1446395410  2.3743489791  1.8640478488
F   -0.3138065626  -1.6585597583  1.9017341595
momentum
15.80677572803736  5.737928391082138  10.90874602477301
22.89141182371875  25.86559144483518  -33.896464545076704
2.9692939883423155  -21.34858117903398  -47.89618009475021
9.367582554866146  -51.61384433935986  24.354492030275207
-7.581676294242323  26.02716047359578  1.642435056504165
-18.070678106888323  -20.539190081524477  -34.260454090363346
28.263096112418115  9.90634201141409  9.101120826210597
39.02143561954442  19.336321678150473  13.23839812465261
-9.645725801565035  30.678753894852935  29.53605568699185
13.286394390337009  36.48628138382247  -59.56472441620654
-5.944313310524883  -18.427396485491947  -43.612871854966656
-86.90623440096714  -34.75770230768589  21.25582630988289
7.060239624535848  28.030205009411084  55.50387136921647
-24.981136103005205  -47.04847485025329  -2.800236162487556
3.938115348356236  36.47685859074973  22.893631133997943
10.722902048742943  -25.02447478891238  33.62017857730883
