C   0.0312761894  0.3325787020  0.3921268865
C   2.5142844942  0.0353324016  -1.1018386595
C   4.9252439858  -0.2835608636  0.5070413448
F   6.8883627397  -0.4438221189  -1.0296201641
F   5.2462201872  1.6753003640  2.0249457599
F   4.8064974814  -2.3659705248  1.8823453710
F   2.3117514665  -1.9952204678  -2.5857606942
F   2.8193626358  2.0865350996  -2.5388803036
O   -1.8742344892  0.5212469788  -1.3312789038
C   -4.2282007527  0.9583221242  -0.4466698579
C   -5.9000882724  -0.8370204200  -0.0609353490
F   -8.2214424924  -0.3996087286  0.6493289954
F   -5.4264304378  -3.2397925390  -0.3563925299
F   -4.8175121090  3.3663577508  -0.1548723274
F   0.1446395410  2.3743489791  1.8640478488
F   -0.3138065626  -1.6585597583  1.9017341595
momentum
-24.789407769889664  -6.746303755955487  -0.7322438177660254
-3.9018345314358633  23.65881811829835  9.377013742937114
22.904602172227083  19.569024309809002  27.582720883510422
11.075485051590594  -52.597256236953996  39.0627399942596
-5.302391670653252  64.63195946085997  31.171273475426933
5.7145294127189565  -34.84713355047291  -20.09037139502663
-9.921464949034807  30.202580933027836  -85.56142536688014
5.811352554033307  -9.681633972713534  -63.94193918299046
-29.1828069371876  -15.99377942357232  9.721476587620053
53.37749776924077  -20.014295393336955  -38.76952965233217
-17.163137967733082  -13.23161404493871  8.767181019901079
-40.36555857299747  -25.62900548773129  -1.0260481181204126
-1.491705319160041  18.49432757502672  15.074899544311066
54.06563394273576  12.148835113128044  36.35733698618199
-8.494093467692483  -4.969367963382022  -4.584780212594069
-12.005136003032549  15.442075732722355  37.48463806145133
