C   0.0312761894  0.3325787020  0.3921268865
C   2.5142844942  0.0353324016  -1.1018386595
C   4.9252439858  -0.2835608636  0.5070413448
F   6.8883627397  -0.4438221189  -1.0296201641
F   5.2462201872  1.6753003640  2.0249457599
F   4.8064974814  -2.3659705248  1.8823453710
F   2.3117514665  -1.9952204678  -2.5857606942
F   2.8193626358  2.0865350996  -2.5388803036
O   -1.8742344892  0.5212469788  -1.3312789038
C   -4.2282007527  0.9583221242  -0.4466698579
C   -5.9000882724  -0.8370204200  -0.0609353490
F   -8.2214424924  -0.3996087286  0.6493289954
F   -5.4264304378  -3.2397925390  -0.3563925299
F   -4.8175121090  3.3663577508  -0.1548723274
F   0.1446395410  2.3743489791  1.8640478488
F   -0.3138065626  -1.6585597583  1.9017341595
momentum
33.92262103210603  -26.38826906782083  -14.98594806365208
8.110899025954838  17.911577872146616  0.6905824769014213
14.367386298140644  -27.543520967152002  12.016756395099042
-45.066336469813145  -45.88901022693503  30.051153807190833
-33.220966130752004  1.3056061303013835  8.469390519217303
0.07460018263382497  43.34052988197187  2.1679772566210724
-60.12475761449646  -12.355385658014551  -63.10160398987499
-17.890510911457888  -12.610994127195628  5.649087381376461
46.75770483085024  47.77141958569869  15.35853557969445
2.6636577583115133  -22.637615638854847  -12.653491761217795
13.38595776188699  33.44384576840476  8.598318506549411
-0.587496710368168  -21.581883596328247  20.51794136189171
25.44401550631956  -53.782733247789764  -42.590211061933616
6.909188461418755  -7.792656962105506  19.599639852939244
12.078189681014646  39.80195428977476  -6.4594614253032425
-6.379118598357679  47.376959270481564  16.75690500101116
