C   0.0312761894  0.3325787020  0.3921268865
C   2.5142844942  0.0353324016  -1.1018386595
C   4.9252439858  -0.2835608636  0.5070413448
F   6.8883627397  -0.4438221189  -1.0296201641
F   5.2462201872  1.6753003640  2.0249457599
F   4.8064974814  -2.3659705248  1.8823453710
F   2.3117514665  -1.9952204678  -2.5857606942
F   2.8193626358  2.0865350996  -2.5388803036
O   -1.8742344892  0.5212469788  -1.3312789038
C   -4.2282007527  0.9583221242  -0.4466698579
C   -5.9000882724  -0.8370204200  -0.0609353490
F   -8.2214424924  -0.3996087286  0.6493289954
F   -5.4264304378  -3.2397925390  -0.3563925299
F   -4.8175121090  3.3663577508  -0.1548723274
F   0.1446395410  2.3743489791  1.8640478488
F   -0.3138065626  -1.6585597583  1.9017341595
momentum
1.1816041630958014  4.835255455811765  22.82124137221152
11.032437826821424  13.5393531291199  64.31437443039574
35.29126312164122  -2.8202968663694725  -4.805105068976688
12.670264405340712  31.789321915879842  6.013958794496354
24.943511287126242  -20.465485626540595  -61.932860241291294
-89.11784071924922  -3.199081424104593  25.780603348213173
-5.90122255236766  -13.499372300222506  -16.96096038524103
8.669359520636013  -21.37922273344718  -3.677011232382191
-42.9455304318192  -13.354381093356958  31.61093851669707
16.053017685509474  1.448693310495753  -24.840100337897617
32.649318805103604  -12.93226305215437  10.926246859892917
-21.064878057128144  -62.577772940432126  1.9877062066887403
10.518962292995681  67.63216709767529  -4.580521997824582
-21.33857242586581  27.33260512489735  -4.1581609415278376
10.909640748123552  -3.823459281045535  6.322654753189093
16.823018780450454  7.314626976301888  -48.795454334734785
