C   0.0312761894  0.3325787020  0.3921268865
C   2.5142844942  0.0353324016  -1.1018386595
C   4.9252439858  -0.2835608636  0.5070413448
F   6.8883627397  -0.4438221189  -1.0296201641
F   5.2462201872  1.6753003640  2.0249457599
F   4.8064974814  -2.3659705248  1.8823453710
F   2.3117514665  -1.9952204678  -2.5857606942
F   2.8193626358  2.0865350996  -2.5388803036
O   -1.8742344892  0.5212469788  -1.3312789038
C   -4.2282007527  0.9583221242  -0.4466698579
C   -5.9000882724  -0.8370204200  -0.0609353490
F   -8.2214424924  -0.3996087286  0.6493289954
F   -5.4264304378  -3.2397925390  -0.3563925299
F   -4.8175121090  3.3663577508  -0.1548723274
F   0.1446395410  2.3743489791  1.8640478488
F   -0.3138065626  -1.6585597583  1.9017341595
momentum
-7.097825458253755  -19.27521625987827  29.05003488471399
-12.203725207838033  -3.015592113024186  -0.8453100180456165
0.10233855801079593  2.0014706298678226  8.658793631678979
-13.416482419197257  -6.919776291023792  -14.276938938077787
-46.119439282016856  19.23548738628946  28.49019905743091
-18.1049754168354  66.42351484929787  11.855050028442609
-0.2081718713154999  -45.05421555049453  -15.727055890533322
11.247122944939404  -17.80452967769273  6.938277612073734
2.441030167235851  47.78280722217561  8.041517005537944
-37.664935753137954  27.402199667662284  -20.79970651087571
4.805202907930116  -26.603205954991516  27.144185455183386
44.54563636839357  -11.630017956295905  63.02763382766541
14.689808705610917  62.58777722708605  -59.36200488803627
9.880385027290052  -40.00521855299063  -28.362638585251354
74.23197915230392  9.09035459822605  -14.611955132695469
-26.83990969935962  -64.364849326378  -29.03077521749996
