C   0.0312761894  0.3325787020  0.3921268865
C   2.5142844942  0.0353324016  -1.1018386595
C   4.9252439858  -0.2835608636  0.5070413448
F   6.8883627397  -0.4438221189  -1.0296201641
F   5.2462201872  1.6753003640  2.0249457599
F   4.8064974814  -2.3659705248  1.8823453710
F   2.3117514665  -1.9952204678  -2.5857606942
F   2.8193626358  2.0865350996  -2.5388803036
O   -1.8742344892  0.5212469788  -1.3312789038
C   -4.2282007527  0.9583221242  -0.4466698579
C   -5.9000882724  -0.8370204200  -0.0609353490
F   -8.2214424924  -0.3996087286  0.6493289954
F   -5.4264304378  -3.2397925390  -0.3563925299
F   -4.8175121090  3.3663577508  -0.1548723274
F   0.1446395410  2.3743489791  1.8640478488
F   -0.3138065626  -1.6585597583  1.9017341595
momentum
-12.554698104211608  -2.971981028988636  44.64214476199452
3.7107238142673262  58.79478486133824  -26.06394315136604
-13.615492352844136  -30.670292010661292  1.5236395062795463
50.38844292142607  -32.66194538512996  -10.257880382905205
-37.60835005025945  -20.794387840847737  -16.99282700551501
-7.11064030593269  28.86586967079822  8.030464105386427
34.4446540073429  -52.32774166973966  3.2002580741253066
-31.057869311013135  18.37112544117074  12.337332277864423
-2.8254872152968717  74.6420519771104  29.879604538315547
31.077563403591036  -8.878363289424357  14.163803137565836
11.413041194508759  -5.4517232471279895  25.737856910415175
-9.267251370124509  -3.5377076437211445  45.77716306426686
-1.350781838977362  -11.891378669620682  -57.117411134966815
60.52406771293888  -21.884379375551642  -28.749008057760417
-71.93634600484579  12.1797525571519  -40.1256030891141
-4.216325577959469  -1.6757280051908212  -5.936194545201215
