C   0.0312761894  0.3325787020  0.3921268865
C   2.5142844942  0.0353324016  -1.1018386595
C   4.9252439858  -0.2835608636  0.5070413448
F   6.8883627397  -0.4438221189  -1.0296201641
F   5.2462201872  1.6753003640  2.0249457599
F   4.8064974814  -2.3659705248  1.8823453710
F   2.3117514665  -1.9952204678  -2.5857606942
F   2.8193626358  2.0865350996  -2.5388803036
O   -1.8742344892  0.5212469788  -1.3312789038
C   -4.2282007527  0.9583221242  -0.4466698579
C   -5.9000882724  -0.8370204200  -0.0609353490
F   -8.2214424924  -0.3996087286  0.6493289954
F   -5.4264304378  -3.2397925390  -0.3563925299
F   -4.8175121090  3.3663577508  -0.1548723274
F   0.1446395410  2.3743489791  1.8640478488
F   -0.3138065626  -1.6585597583  1.9017341595
momentum
5.64738860814386  12.815863546568085  2.071559516544119
4.878910893731256  -8.641529340868265  57.440249388964034
-14.381105269749058  -11.373813029027827  -0.3736407385148872
-9.053325316979416  33.12884742279858  14.438189758782158
-22.472187254423048  37.82330950847822  -23.997452060220024
-1.2880491970394419  5.420427025857466  16.6249942293346
-32.06339128510199  -10.650840189792186  -41.87386953133224
-6.86965919384278  -23.52323523241692  -16.5494752578427
-15.994245362047351  14.929082611851385  21.0506692244053
-23.276944318570344  1.103259163743915  16.623939231387737
46.17332324741749  -22.037276070231304  -17.596808083579205
44.75833730851947  34.98168082321031  -16.204956238733832
2.641372594442607  29.487281213235686  11.580083194057474
7.1524162738945805  -14.862529163794399  -2.076581379915927
18.36260333483209  -56.024218261046784  -2.0918032670623874
-4.063594144574043  -22.864351477585238  -19.16031881074797
