C   0.0312761894  0.3325787020  0.3921268865
C   2.5142844942  0.0353324016  -1.1018386595
C   4.9252439858  -0.2835608636  0.5070413448
F   6.8883627397  -0.4438221189  -1.0296201641
F   5.2462201872  1.6753003640  2.0249457599
F   4.8064974814  -2.3659705248  1.8823453710
F   2.3117514665  -1.9952204678  -2.5857606942
F   2.8193626358  2.0865350996  -2.5388803036
O   -1.8742344892  0.5212469788  -1.3312789038
C   -4.2282007527  0.9583221242  -0.4466698579
C   -5.9000882724  -0.8370204200  -0.0609353490
F   -8.2214424924  -0.3996087286  0.6493289954
F   -5.4264304378  -3.2397925390  -0.3563925299
F   -4.8175121090  3.3663577508  -0.1548723274
F   0.1446395410  2.3743489791  1.8640478488
F   -0.3138065626  -1.6585597583  1.9017341595
momentum
-1.1892431170208726  -54.99557588824335  -11.012553623407024
-1.2606426742668602  11.091686786515755  -56.02860611215239
-1.9667323189755463  -22.874277758416458  40.12559740300883
72.52444796759153  11.944848937936714  -35.43701890737315
-29.735653660979917  -30.670751135298975  17.914522583154476
-48.12026319811715  5.376474888049029  31.26125035536364
-18.699778081643164  39.25133570555364  41.83825196037793
31.954985723630873  64.5961726252485  -30.582021072757815
39.813587824763324  8.311404357992556  3.0207619838642428
8.930909577372876  24.79492341218711  2.917294688494651
-9.181304735151942  -1.8048995043443936  26.230369158445768
32.52741045960612  -35.9328929608718  5.324565920667027
-16.56768187399106  13.120781781806311  46.67613221726059
-31.173266762743634  33.310418549021186  -15.491230496781137
-16.006579093344275  -36.98501989654722  -61.795797282181375
-12.07676430733477  -28.667972532766782  -4.922682859446915
