C   0.0312761894  0.3325787020  0.3921268865
C   2.5142844942  0.0353324016  -1.1018386595
C   4.9252439858  -0.2835608636  0.5070413448
F   6.8883627397  -0.4438221189  -1.0296201641
F   5.2462201872  1.6753003640  2.0249457599
F   4.8064974814  -2.3659705248  1.8823453710
F   2.3117514665  -1.9952204678  -2.5857606942
F   2.8193626358  2.0865350996  -2.5388803036
O   -1.8742344892  0.5212469788  -1.3312789038
C   -4.2282007527  0.9583221242  -0.4466698579
C   -5.9000882724  -0.8370204200  -0.0609353490
F   -8.2214424924  -0.3996087286  0.6493289954
F   -5.4264304378  -3.2397925390  -0.3563925299
F   -4.8175121090  3.3663577508  -0.1548723274
F   0.1446395410  2.3743489791  1.8640478488
F   -0.3138065626  -1.6585597583  1.9017341595
momentum
-14.44311151996247  13.306704381734344  -14.161519566999592
-13.54524018332629  1.3823413521987193  38.33442655055865
-21.350822387113524  3.717279002651125  30.089532395452313
-20.958176121814162  -3.139089803328997  -82.20858027711411
-8.7232124993388  33.581846122901744  24.020860238154537
36.86178405981523  -11.538568050265365  36.095146770049894
5.23241751892628  11.606391196089856  3.6342525257605613
6.691699391383227  -29.989162743093626  -20.638189950812727
38.056811866153815  -19.59594918449491  -21.79815867936762
-2.404839464901888  29.066453871851092  -16.971701936732593
20.782003395306486  -12.240206812848125  26.562018343350232
3.2462577998701847  9.509145106794383  29.994361503155737
14.489652931096948  5.554287816114083  -60.69065744430448
-51.08934132444269  40.4335710941411  -10.955455883078557
13.405804984017422  -76.36796820030908  4.5415854895804415
-6.107552235603335  4.971744845866607  34.318184296779776
