C   0.0312761894  0.3325787020  0.3921268865
C   2.5142844942  0.0353324016  -1.1018386595
C   4.9252439858  -0.2835608636  0.5070413448
F   6.8883627397  -0.4438221189  -1.0296201641
F   5.2462201872  1.6753003640  2.0249457599
F   4.8064974814  -2.3659705248  1.8823453710
F   2.3117514665  -1.9952204678  -2.5857606942
F   2.8193626358  2.0865350996  -2.5388803036
O   -1.8742344892  0.5212469788  -1.3312789038
C   -4.2282007527  0.9583221242  -0.4466698579
C   -5.9000882724  -0.8370204200  -0.0609353490
F   -8.2214424924  -0.3996087286  0.6493289954
F   -5.4264304378  -3.2397925390  -0.3563925299
F   -4.8175121090  3.3663577508  -0.1548723274
F   0.1446395410  2.3743489791  1.8640478488
F   -0.3138065626  -1.6585597583  1.9017341595
momentum
1.5878412676143965  29.107805450422063  -3.9685563690012806
8.636112908269418  -21.23907213991398  -18.803669530498755
-42.09677062075964  2.2200252233611892  4.144652467055517
26.542086453200913  3.131173432323386  -5.596656516707666
3.9495633084689636  -18.084009071847866  -23.911365677740694
40.50373119105486  42.72116350413643  32.34487462198424
-76.30415678442205  31.25518653235924  35.054857558855836
3.2724476230534636  -21.70684806462395  13.086746613302278
60.466146684673284  9.682295927120007  13.013378373452188
15.166719077715447  23.018484407442326  19.748128527434897
9.502923213098425  31.22198678617598  -16.09593925291975
57.91554325962375  -31.834287621116104  15.905880449788441
-52.370720574953744  -15.915098329336132  -31.353357284447064
-19.34586764045374  -1.3101731586579461  -2.3517094958469693
-22.67230740743027  -35.4880385835917  -31.06887037477888
-14.952595539952389  -27.12084906661812  -0.07481539669632441
