C   0.0312761894  0.3325787020  0.3921268865
C   2.5142844942  0.0353324016  -1.1018386595
C   4.9252439858  -0.2835608636  0.5070413448
F   6.8883627397  -0.4438221189  -1.0296201641
F   5.2462201872  1.6753003640  2.0249457599
F   4.8064974814  -2.3659705248  1.8823453710
F   2.3117514665  -1.9952204678  -2.5857606942
F   2.8193626358  2.0865350996  -2.5388803036
O   -1.8742344892  0.5212469788  -1.3312789038
C   -4.2282007527  0.9583221242  -0.4466698579
C   -5.9000882724  -0.8370204200  -0.0609353490
F   -8.2214424924  -0.3996087286  0.6493289954
F   -5.4264304378  -3.2397925390  -0.3563925299
F   -4.8175121090  3.3663577508  -0.1548723274
F   0.1446395410  2.3743489791  1.8640478488
F   -0.3138065626  -1.6585597583  1.9017341595
momentum
17.466844876449983  27.680563517403243  28.163201176429197
41.538668686005664  12.233826163353628  30.23803194964487
4.662774044508868  28.325431627135714  3.7116323669179363
-3.7417020732232897  27.383212033031466  9.575554962396192
41.97115795804497  22.935054265190054  -7.937685289317984
-17.583380812718644  41.67736678556004  -25.04359814353301
-45.04615081853605  -49.36253215983416  -3.5338236096252142
-37.19923893100579  -35.18963916975819  30.41684595463016
-40.07019246978095  5.253163797385559  23.261322167390997
7.610935381521003  -1.5485303071576886  -38.3505074524201
-14.946594074297618  -45.64687501563698  -24.874084034394482
66.49959989575069  13.569717384745896  21.542186601057924
-12.944286835334191  14.17191512533096  -14.501255727060537
25.88828879248467  17.36830764996833  -1.5922879807361858
46.49209380059431  -18.93609732763778  -7.406812832278181
-80.59698408951812  -60.26614890735247  -23.499214843837045
