C   0.0312761894  0.3325787020  0.3921268865
C   2.5142844942  0.0353324016  -1.1018386595
C   4.9252439858  -0.2835608636  0.5070413448
F   6.8883627397  -0.4438221189  -1.0296201641
F   5.2462201872  1.6753003640  2.0249457599
F   4.8064974814  -2.3659705248  1.8823453710
F   2.3117514665  -1.9952204678  -2.5857606942
F   2.8193626358  2.0865350996  -2.5388803036
O   -1.8742344892  0.5212469788  -1.3312789038
C   -4.2282007527  0.9583221242  -0.4466698579
C   -5.9000882724  -0.8370204200  -0.0609353490
F   -8.2214424924  -0.3996087286  0.6493289954
F   -5.4264304378  -3.2397925390  -0.3563925299
F   -4.8175121090  3.3663577508  -0.1548723274
F   0.1446395410  2.3743489791  1.8640478488
F   -0.3138065626  -1.6585597583  1.9017341595
momentum
-41.88899426964451  3.8707621432697303  -11.539370708077184
-26.65792865253572  -10.083225595802894  8.570626756758832
11.261230743788904  2.419546528635297  19.584497888569377
1.0514130875927488  -5.7352910149838845  24.55907787545129
-32.04911897891916  -48.38909041425835  10.361596291784744
88.59077660993573  -23.818278817571954  12.430887692988714
35.35071418310809  12.110283713199495  36.69212705192416
-40.76392585425055  19.79458797331567  -89.59921911399779
31.440115253313152  16.859582494427904  -6.10867605798133
-14.77845571151734  -38.30366203237703  -16.115310872682205
-19.80019017134521  -10.646556856265688  -18.75907680497535
-38.501333111030554  13.969421740518204  20.475507376823565
45.97222394543992  65.8085992943503  14.419554320606283
-17.466957575367967  19.946467606783525  18.174618841942955
-20.282085333845934  -35.700053859894226  -2.1907100519309335
38.52493569815181  17.880233329334946  -21.272839087042744
