C   0.0312761894  0.3325787020  0.3921268865
C   2.5142844942  0.0353324016  -1.1018386595
C   4.9252439858  -0.2835608636  0.5070413448
F   6.8883627397  -0.4438221189  -1.0296201641
F   5.2462201872  1.6753003640  2.0249457599
F   4.8064974814  -2.3659705248  1.8823453710
F   2.3117514665  -1.9952204678  -2.5857606942
F   2.8193626358  2.0865350996  -2.5388803036
O   -1.8742344892  0.5212469788  -1.3312789038
C   -4.2282007527  0.9583221242  -0.4466698579
C   -5.9000882724  -0.8370204200  -0.0609353490
F   -8.2214424924  -0.3996087286  0.6493289954
F   -5.4264304378  -3.2397925390  -0.3563925299
F   -4.8175121090  3.3663577508  -0.1548723274
F   0.1446395410  2.3743489791  1.8640478488
F   -0.3138065626  -1.6585597583  1.9017341595
momentum
-3.9535185376475663  16.688058379907602  -21.570252332681346
20.648540519452244  -51.496876901389015  -28.05425766955731
-22.413530284726622  5.568337028844348  9.827486730986417
50.95790254447679  -33.813277254064566  21.955713914350827
-9.156048822206419  33.845503653264615  -32.78922462964991
0.861419105706431  5.7050889127542215  -37.63228619876457
-5.989413184286942  -26.759175494909567  59.41370594635991
-65.07897352927051  23.089932921220317  0.5590063504336745
14.57428826935493  41.07620871162828  16.81282451969455
2.375765885534013  -8.386251847126314  30.511039810878916
38.40413870310786  21.029332208502925  -28.88683239289051
-6.367005947588587  -16.294844374354923  17.95097882456883
-21.454212930777576  -26.26826999653231  -31.61257274407913
47.09787487795349  -0.6772486201341257  -2.8804430334089095
-28.8345285584699  40.96818839300772  41.50232993171464
-11.857104061516523  -24.533427432982307  -15.098406514653846
