C   0.0312761894  0.3325787020  0.3921268865
C   2.5142844942  0.0353324016  -1.1018386595
C   4.9252439858  -0.2835608636  0.5070413448
F   6.8883627397  -0.4438221189  -1.0296201641
F   5.2462201872  1.6753003640  2.0249457599
F   4.8064974814  -2.3659705248  1.8823453710
F   2.3117514665  -1.9952204678  -2.5857606942
F   2.8193626358  2.0865350996  -2.5388803036
O   -1.8742344892  0.5212469788  -1.3312789038
C   -4.2282007527  0.9583221242  -0.4466698579
C   -5.9000882724  -0.8370204200  -0.0609353490
F   -8.2214424924  -0.3996087286  0.6493289954
F   -5.4264304378  -3.2397925390  -0.3563925299
F   -4.8175121090  3.3663577508  -0.1548723274
F   0.1446395410  2.3743489791  1.8640478488
F   -0.3138065626  -1.6585597583  1.9017341595
momentum
-3.9120469329392873  -71.15163424347304  11.00515971179171
20.299825925626347  -26.224055877171946  -39.369493595712775
17.48193125353961  19.7094187518217  53.86073990550322
-44.59657673282198  -14.916455381447186  -21.221070268948864
8.057064168843432  -12.806186325278233  -18.048067453659204
-47.5837715765505  31.5501736656759  0.24179883364321939
4.7284307135625046  -17.147349343498384  -26.25038972769839
21.60015217687732  32.85489694354026  55.307979168565545
3.002808109998959  16.316686028986044  -1.8035366325743876
3.8471851661105703  -16.65790804118405  -37.272683606825645
-23.24507965361711  -34.95377125347632  11.452311580334273
69.90310040391327  -12.308752667358526  -3.186529412513002
-17.605669930661133  -33.1767666803234  21.652547225210355
-0.7776030209769172  70.09569989451902  24.025759234468623
-2.0933302809058536  14.780024626129958  -4.021390589125187
-9.160696774617945  54.298985064848814  -26.132173142768956
