C   0.0312761894  0.3325787020  0.3921268865
C   2.5142844942  0.0353324016  -1.1018386595
C   4.9252439858  -0.2835608636  0.5070413448
F   6.8883627397  -0.4438221189  -1.0296201641
F   5.2462201872  1.6753003640  2.0249457599
F   4.8064974814  -2.3659705248  1.8823453710
F   2.3117514665  -1.9952204678  -2.5857606942
F   2.8193626358  2.0865350996  -2.5388803036
O   -1.8742344892  0.5212469788  -1.3312789038
C   -4.2282007527  0.9583221242  -0.4466698579
C   -5.9000882724  -0.8370204200  -0.0609353490
F   -8.2214424924  -0.3996087286  0.6493289954
F   -5.4264304378  -3.2397925390  -0.3563925299
F   -4.8175121090  3.3663577508  -0.1548723274
F   0.1446395410  2.3743489791  1.8640478488
F   -0.3138065626  -1.6585597583  1.9017341595
momentum
-11.885871900002076  -2.09740002583789  -4.92334608907144
-0.905683927559007  -33.85209775406246  -7.377170896106796
26.14968339255492  -10.905296881165327  -13.56953198575723
-95.96757217016201  2.3400942922983257  48.77497992846404
-25.22804951868449  45.97743025013186  -3.6560033226153337
8.488477046104403  -17.6268652942067  25.00979017614919
21.048456578495884  81.4726665960631  -25.087328562292637
45.48224420623785  -9.535117161207877  -27.29151045939961
37.2938076418192  22.79338668508863  19.066585716930128
-17.3735133973077  -47.015108464128545  -17.826307424614832
-38.59696023358434  3.50869044556984  -2.7910770531766156
-36.701484066425586  17.010954871263706  60.02828906490555
-1.381721556670345  5.367762745338876  -27.903554679653872
37.76923539672687  -4.71701882694264  -3.805380104251256
19.65211903677118  -5.2305216763542495  -46.1274183906107
32.108664768263296  -47.54382253372895  27.108464102111377
