C   0.0312761894  0.3325787020  0.3921268865
C   2.5142844942  0.0353324016  -1.1018386595
C   4.9252439858  -0.2835608636  0.5070413448
F   6.8883627397  -0.4438221189  -1.0296201641
F   5.2462201872  1.6753003640  2.0249457599
F   4.8064974814  -2.3659705248  1.8823453710
F   2.3117514665  -1.9952204678  -2.5857606942
F   2.8193626358  2.0865350996  -2.5388803036
O   -1.8742344892  0.5212469788  -1.3312789038
C   -4.2282007527  0.9583221242  -0.4466698579
C   -5.9000882724  -0.8370204200  -0.0609353490
F   -8.2214424924  -0.3996087286  0.6493289954
F   -5.4264304378  -3.2397925390  -0.3563925299
F   -4.8175121090  3.3663577508  -0.1548723274
F   0.1446395410  2.3743489791  1.8640478488
F   -0.3138065626  -1.6585597583  1.9017341595
momentum
51.67354581922874  44.77920399288499  -21.74225376050215
-25.15368146007611  42.823546104177055  37.46146767779853
-19.067596714129277  -15.095599879206713  -14.715257931027578
62.09175142394644  11.442695633991539  33.14289832239901
-22.103966858696985  -27.196375405713706  -25.6380720956564
-11.665306154677529  -30.319220494371052  23.602716259093008
-10.763943963119024  -29.91814229497027  18.69804436262658
-43.64897062619523  26.654460194204184  -33.726428955140335
-11.283246770377179  9.140053232907002  -35.031375625199175
-8.004708960052126  -7.638285342045814  -29.93832951853197
36.170807520672305  12.54330100636936  21.55560796486312
-20.09757385495519  -31.347982460281358  13.092664099684187
35.35354157782709  30.342470624934776  -4.012942882357585
-22.78124683800409  26.515574575822136  17.95450269473361
11.452622005730838  -88.35596861824823  -23.428044954527753
-1.5529523614530398  25.754109294982616  22.552546954637148
