C   0.0312761894  0.3325787020  0.3921268865
C   2.5142844942  0.0353324016  -1.1018386595
C   4.9252439858  -0.2835608636  0.5070413448
F   6.8883627397  -0.4438221189  -1.0296201641
F   5.2462201872  1.6753003640  2.0249457599
F   4.8064974814  -2.3659705248  1.8823453710
F   2.3117514665  -1.9952204678  -2.5857606942
F   2.8193626358  2.0865350996  -2.5388803036
O   -1.8742344892  0.5212469788  -1.3312789038
C   -4.2282007527  0.9583221242  -0.4466698579
C   -5.9000882724  -0.8370204200  -0.0609353490
F   -8.2214424924  -0.3996087286  0.6493289954
F   -5.4264304378  -3.2397925390  -0.3563925299
F   -4.8175121090  3.3663577508  -0.1548723274
F   0.1446395410  2.3743489791  1.8640478488
F   -0.3138065626  -1.6585597583  1.9017341595
momentum
-35.741497717211615  -9.161203047119688  -24.96477712992103
32.36564762635071  12.158923525439723  3.5129454601392958
-14.384107945127859  9.241838761404601  -2.406686500666016
7.479198005100425  -4.981213774765459  -37.9121463242105
-14.585994002218841  59.63426898041098  17.710401289102098
-8.342626966278667  -13.023337872819104  21.091381880552962
-12.369630441886585  -24.28527719972065  44.187689693911025
40.627084550308346  11.213789716151563  -19.515726381089316
-8.80202211917288  39.89107472432217  20.253940744437013
-1.4993265982409965  -11.200231431732794  2.5356972519739354
1.3737504370952924  -35.77329239947568  -6.980001065189682
-17.499093766061435  37.53983187686485  -41.85379789416029
-72.02869583789263  14.317282869988494  24.237519918678316
24.053044079150197  -67.2847085369968  43.36578397720686
26.30369177943349  -18.074328667184517  9.311345983967795
52.70097850694788  -0.5917079991206472  -52.63172561157197
