C   0.0312761894  0.3325787020  0.3921268865
C   2.5142844942  0.0353324016  -1.1018386595
C   4.9252439858  -0.2835608636  0.5070413448
F   6.8883627397  -0.4438221189  -1.0296201641
F   5.2462201872  1.6753003640  2.0249457599
F   4.8064974814  -2.3659705248  1.8823453710
F   2.3117514665  -1.9952204678  -2.5857606942
F   2.8193626358  2.0865350996  -2.5388803036
O   -1.8742344892  0.5212469788  -1.3312789038
C   -4.2282007527  0.9583221242  -0.4466698579
C   -5.9000882724  -0.8370204200  -0.0609353490
F   -8.2214424924  -0.3996087286  0.6493289954
F   -5.4264304378  -3.2397925390  -0.3563925299
F   -4.8175121090  3.3663577508  -0.1548723274
F   0.1446395410  2.3743489791  1.8640478488
F   -0.3138065626  -1.6585597583  1.9017341595
momentum
-25.13120840966266  -12.18682742713358  -18.737112391149644
-4.824895626554718  74.30669886904327  -18.86330002381585
-8.622192637593761  -36.811286356006356  -27.93366067566797
-51.988046897255614  46.886691939969424  11.812487880958516
7.033137287501116  3.8907294894862057  42.74314404302983
-34.378156124052026  9.322310584828278  7.492090703086908
54.027007301377964  -30.357345767996836  -27.351818357947295
-43.07980915277429  -50.70198491023649  27.33427239656672
-45.88763931521033  -45.16319725333487  5.704073144670771
4.216052530268398  15.637599078757935  30.582585735399352
9.593931469892636  19.571695984457158  -19.03579972369165
2.9761872106859473  -22.735793092298046  -48.35185563369218
1.3357980351114205  30.25344200579357  76.90351930614112
67.40710245375091  12.88732420939214  -0.2403821442292628
11.421464960323718  -18.29343259248796  6.646453698902625
55.73021081841277  3.4901589973097633  -48.64782074540462
