C   0.0312761894  0.3325787020  0.3921268865
C   2.5142844942  0.0353324016  -1.1018386595
C   4.9252439858  -0.2835608636  0.5070413448
F   6.8883627397  -0.4438221189  -1.0296201641
F   5.2462201872  1.6753003640  2.0249457599
F   4.8064974814  -2.3659705248  1.8823453710
F   2.3117514665  -1.9952204678  -2.5857606942
F   2.8193626358  2.0865350996  -2.5388803036
O   -1.8742344892  0.5212469788  -1.3312789038
C   -4.2282007527  0.9583221242  -0.4466698579
C   -5.9000882724  -0.8370204200  -0.0609353490
F   -8.2214424924  -0.3996087286  0.6493289954
F   -5.4264304378  -3.2397925390  -0.3563925299
F   -4.8175121090  3.3663577508  -0.1548723274
F   0.1446395410  2.3743489791  1.8640478488
F   -0.3138065626  -1.6585597583  1.9017341595
momentum
18.701594384176577  16.76473394947024  -13.864755597491616
-22.94447882557642  -4.436200019285939  -20.235667996271353
4.536267642714239  -10.96015955081071  -39.27609556389084
14.826838347774173  -19.179248623806238  48.68358086967944
-22.50680719271711  9.343729083158356  44.07839538777489
10.687053486735522  60.6333351592971  -20.104826588583208
-60.23156857386826  22.984381645102417  28.112461333342186
24.97046050651703  -41.95302294915852  -5.11148179837059
15.07303090377215  11.950706981922275  -18.938864326318154
-26.25690558018971  -24.373641685335926  44.265852034107795
22.164354617898027  -27.5532304780047  3.485150365699024
37.940722834295755  -1.6703967592838036  2.942728073498464
-6.213951029451688  38.18265111333467  -16.464402342182705
-11.427132961983105  5.960353358338517  13.40005890957747
18.396098278680146  -1.6732982478843907  -32.58894425477081
-17.973153308488858  -33.870527109750846  -18.443031652024217
