C   0.0312761894  0.3325787020  0.3921268865
C   2.5142844942  0.0353324016  -1.1018386595
C   4.9252439858  -0.2835608636  0.5070413448
F   6.8883627397  -0.4438221189  -1.0296201641
F   5.2462201872  1.6753003640  2.0249457599
F   4.8064974814  -2.3659705248  1.8823453710
F   2.3117514665  -1.9952204678  -2.5857606942
F   2.8193626358  2.0865350996  -2.5388803036
O   -1.8742344892  0.5212469788  -1.3312789038
C   -4.2282007527  0.9583221242  -0.4466698579
C   -5.9000882724  -0.8370204200  -0.0609353490
F   -8.2214424924  -0.3996087286  0.6493289954
F   -5.4264304378  -3.2397925390  -0.3563925299
F   -4.8175121090  3.3663577508  -0.1548723274
F   0.1446395410  2.3743489791  1.8640478488
F   -0.3138065626  -1.6585597583  1.9017341595
momentum
-3.7541521087693495  -10.411655062302723  -9.051429279362768
-9.583878575828148  -41.70197883501165  24.2513531678838
34.62288878219741  -20.908562257937923  -21.576564276733027
-1.7749665241248969  23.10844012297554  -11.544222629843246
11.547272923049405  -45.97559700062116  -7.739808715498151
-24.738656196881248  55.03073495508375  7.316165873700656
-6.551057929231624  8.719216987146224  10.057701688717588
-38.55876481583196  -10.679212608745418  35.61814177456096
22.071126246954595  -40.56922805561277  3.9139254804551675
-10.072017495855745  35.20323209195995  -4.803087114055801
9.481297832372993  27.50977176123515  -34.022515923211884
-6.659520662573836  -9.670218503208723  4.946271438589817
30.39774968224036  12.596881196154426  11.232904822779886
6.443373112583712  -3.2504361749991375  11.187075421195336
-47.4701086896267  -6.011753716698229  -0.6503646013500725
34.77964480567027  26.89434757897219  -19.294912782112135
