C   0.0312761894  0.3325787020  0.3921268865
C   2.5142844942  0.0353324016  -1.1018386595
C   4.9252439858  -0.2835608636  0.5070413448
F   6.8883627397  -0.4438221189  -1.0296201641
F   5.2462201872  1.6753003640  2.0249457599
F   4.8064974814  -2.3659705248  1.8823453710
F   2.3117514665  -1.9952204678  -2.5857606942
F   2.8193626358  2.0865350996  -2.5388803036
O   -1.8742344892  0.5212469788  -1.3312789038
C   -4.2282007527  0.9583221242  -0.4466698579
C   -5.9000882724  -0.8370204200  -0.0609353490
F   -8.2214424924  -0.3996087286  0.6493289954
F   -5.4264304378  -3.2397925390  -0.3563925299
F   -4.8175121090  3.3663577508  -0.1548723274
F   0.1446395410  2.3743489791  1.8640478488
F   -0.3138065626  -1.6585597583  1.9017341595
momentum
9.521681552886195  -6.684778530837397  -17.664904587410255
23.693998694270697  16.693895544112152  -8.910620241500542
58.01453977296852  18.498204357264274  24.72773989497966
-5.134118811687613  -20.33142837213108  -32.84600088749808
-26.91309524225946  21.15843552010223  38.66880411041583
-37.26756861533841  -26.81200092628284  21.387794451217914
11.891402674063446  -8.577589599241106  -10.718783823790758
-43.42426129838279  -28.730077157977227  -13.378639552559378
26.18707404611143  14.290651270978792  -7.106987956135365
-7.665672232889101  -8.1517530122041  -28.854138953496243
-26.069586219522513  -13.8605641388624  -25.806947449488714
-18.279783832236546  9.663617015906162  52.34285225506533
7.202484609839717  -2.3497219253823523  -3.8929014063315863
-19.06314295328083  28.54814159652385  -2.528183537136433
-2.735158855105247  41.43955977726948  34.42303608561331
50.187479234791255  -34.67096329431574  -19.670886758124812
