C   0.0312761894  0.3325787020  0.3921268865
C   2.5142844942  0.0353324016  -1.1018386595
C   4.9252439858  -0.2835608636  0.5070413448
F   6.8883627397  -0.4438221189  -1.0296201641
F   5.2462201872  1.6753003640  2.0249457599
F   4.8064974814  -2.3659705248  1.8823453710
F   2.3117514665  -1.9952204678  -2.5857606942
F   2.8193626358  2.0865350996  -2.5388803036
O   -1.8742344892  0.5212469788  -1.3312789038
C   -4.2282007527  0.9583221242  -0.4466698579
C   -5.9000882724  -0.8370204200  -0.0609353490
F   -8.2214424924  -0.3996087286  0.6493289954
F   -5.4264304378  -3.2397925390  -0.3563925299
F   -4.8175121090  3.3663577508  -0.1548723274
F   0.1446395410  2.3743489791  1.8640478488
F   -0.3138065626  -1.6585597583  1.9017341595
momentum
6.76908847265253  -37.903533323626824  -13.054493939066639
6.845803577415416  0.5081180285646824  2.622117955756208
17.05131191168625  -9.409568820614663  -6.05013553008973
-37.1391345972161  74.53898242721633  17.804090163703183
-24.258493339269183  3.5277742538257737  -31.63688411797591
10.043455963508743  -69.65972968496888  -30.45636154803959
10.932665615061609  -21.11873115495047  43.4568336923579
-8.33971449749589  -11.401389275565467  29.447038721969626
-4.934340160322409  -12.309824978381057  15.62820578483205
3.707702732794405  16.916335118821493  -8.652529572558285
-4.3648147672217465  29.489809715098705  7.559669363705237
-27.16322380340688  -17.53136176897478  3.018995906663559
39.02983986067701  8.483206626892697  3.2802848149183887
-23.12796042039749  43.75081560226207  -32.79085871043769
15.166081575246375  -20.542268512914404  -0.18606636653159148
19.9930773647705  22.84430880741306  0.21661917070666467
