C   0.0312761894  0.3325787020  0.3921268865
C   2.5142844942  0.0353324016  -1.1018386595
C   4.9252439858  -0.2835608636  0.5070413448
F   6.8883627397  -0.4438221189  -1.0296201641
F   5.2462201872  1.6753003640  2.0249457599
F   4.8064974814  -2.3659705248  1.8823453710
F   2.3117514665  -1.9952204678  -2.5857606942
F   2.8193626358  2.0865350996  -2.5388803036
O   -1.8742344892  0.5212469788  -1.3312789038
C   -4.2282007527  0.9583221242  -0.4466698579
C   -5.9000882724  -0.8370204200  -0.0609353490
F   -8.2214424924  -0.3996087286  0.6493289954
F   -5.4264304378  -3.2397925390  -0.3563925299
F   -4.8175121090  3.3663577508  -0.1548723274
F   0.1446395410  2.3743489791  1.8640478488
F   -0.3138065626  -1.6585597583  1.9017341595
momentum
-47.10887982156913  -45.890086250823316  19.421708664450396
8.28905509456657  18.332234460231494  -26.158820511118154
-47.1089523547699  19.152570896547875  -33.00077150418418
32.158718683518565  -34.368608393923786  51.63567739850778
24.392671444249725  -1.9690670142485738  -7.361534847022918
-45.44086514302497  24.72021002492368  -6.190411290215077
67.24663417109622  -23.30021690027728  -33.17533243408365
-30.865687782247907  18.974587559175784  -12.680440914541801
-13.443511433041772  26.456657393594295  10.925040073872708
-2.824691514207404  17.791579651493322  0.47016584283435
4.978645090887727  -1.2542989971059018  2.1029997869393116
10.031375372021946  -19.080871880249433  18.372265485151292
-19.199421460404807  19.041619276977425  -16.773757534626696
48.31553961063567  -36.046520072807716  2.707712331313257
-1.3843780682491276  9.220045240086769  -2.2876172157679697
11.618375154888074  7.9482271337409784  31.92709010682603
