C   0.0312761894  0.3325787020  0.3921268865
C   2.5142844942  0.0353324016  -1.1018386595
C   4.9252439858  -0.2835608636  0.5070413448
F   6.8883627397  -0.4438221189  -1.0296201641
F   5.2462201872  1.6753003640  2.0249457599
F   4.8064974814  -2.3659705248  1.8823453710
F   2.3117514665  -1.9952204678  -2.5857606942
F   2.8193626358  2.0865350996  -2.5388803036
O   -1.8742344892  0.5212469788  -1.3312789038
C   -4.2282007527  0.9583221242  -0.4466698579
C   -5.9000882724  -0.8370204200  -0.0609353490
F   -8.2214424924  -0.3996087286  0.6493289954
F   -5.4264304378  -3.2397925390  -0.3563925299
F   -4.8175121090  3.3663577508  -0.1548723274
F   0.1446395410  2.3743489791  1.8640478488
F   -0.3138065626  -1.6585597583  1.9017341595
momentum
-6.748671435955174  47.622008060769964  0.8537665452208514
-9.987638672687483  -26.747307094892413  -11.97661858587065
-51.45182335138572  9.416306778373938  28.239423563159296
18.452947619459373  -8.278108799364379  -16.39427160392322
-4.198780998303978  4.723616506681906  -8.646925029689266
13.253961287912864  2.89987805892982  43.708074526552274
-35.406989774002525  26.67701742942696  -12.710214579398752
19.003761518769178  -3.8847577263955557  -28.83567827931673
-4.697549374147856  49.96461681631318  13.61831187453178
16.293721864789994  -13.795307547212536  8.452764157806028
0.717275637099807  -32.514309254475855  -6.147427105831869
44.980197727996405  30.082119391687996  14.405585681835143
25.646976742393665  17.694008247976413  -20.852506796200874
-8.474832369937866  -30.669670754685104  0.12225464644636254
-3.8409266039949013  -52.4682469631668  -24.05278314021717
-13.728564976035162  -20.978014102335276  19.90337998996441
