C   0.0312761894  0.3325787020  0.3921268865
C   2.5142844942  0.0353324016  -1.1018386595
C   4.9252439858  -0.2835608636  0.5070413448
F   6.8883627397  -0.4438221189  -1.0296201641
F   5.2462201872  1.6753003640  2.0249457599
F   4.8064974814  -2.3659705248  1.8823453710
F   2.3117514665  -1.9952204678  -2.5857606942
F   2.8193626358  2.0865350996  -2.5388803036
O   -1.8742344892  0.5212469788  -1.3312789038
C   -4.2282007527  0.9583221242  -0.4466698579
C   -5.9000882724  -0.8370204200  -0.0609353490
F   -8.2214424924  -0.3996087286  0.6493289954
F   -5.4264304378  -3.2397925390  -0.3563925299
F   -4.8175121090  3.3663577508  -0.1548723274
F   0.1446395410  2.3743489791  1.8640478488
F   -0.3138065626  -1.6585597583  1.9017341595
momentum
-7.685454284272681  34.37431183858638  19.221669314426503
22.629909576900786  10.308072171714187  48.690257136398664
56.31538175718948  17.087507568583852  35.401845457895384
6.4844889151675575  -27.731249707732342  -30.013497129422543
42.353504603139804  3.5235116951228274  -7.839216840582618
49.273510150458726  -2.823793165193031  -50.2726420215362
0.6420107021414091  -23.821024980483127  19.897753394083338
3.8192269698995047  -33.07431619464906  -23.28449880360614
-21.485676735665557  -12.344432330233733  39.92385331682526
12.61012869671456  14.310845515078322  -13.181515704004
-32.52291817298591  22.33575745887185  -1.6406530994046382
21.35046915968988  -13.046791120652262  21.058232261004207
-20.23333727366896  -26.597378446135483  -61.36477469686242
-30.658220225468046  -1.127269088503853  -14.806193377317886
-58.924722340286536  2.079668912582759  30.231536807276
-43.78166363919218  36.61094587616384  -12.049133452012235
