C   0.0312761894  0.3325787020  0.3921268865
C   2.5142844942  0.0353324016  -1.1018386595
C   4.9252439858  -0.2835608636  0.5070413448
F   6.8883627397  -0.4438221189  -1.0296201641
F   5.2462201872  1.6753003640  2.0249457599
F   4.8064974814  -2.3659705248  1.8823453710
F   2.3117514665  -1.9952204678  -2.5857606942
F   2.8193626358  2.0865350996  -2.5388803036
O   -1.8742344892  0.5212469788  -1.3312789038
C   -4.2282007527  0.9583221242  -0.4466698579
C   -5.9000882724  -0.8370204200  -0.0609353490
F   -8.2214424924  -0.3996087286  0.6493289954
F   -5.4264304378  -3.2397925390  -0.3563925299
F   -4.8175121090  3.3663577508  -0.1548723274
F   0.1446395410  2.3743489791  1.8640478488
F   -0.3138065626  -1.6585597583  1.9017341595
momentum
-2.9717284022780577  24.03491720949186  12.843679575312947
-0.48248603815911745  -9.996863769842058  18.32791998238295
1.4769925437461697  47.18108094915197  19.5350526196328
-7.4575174464810265  11.420418603021474  -53.44707049361369
72.23429356449842  -74.97503575438097  40.9067466326702
-1.4287645622251544  40.2791181048713  21.77494347690269
33.51498115936266  -34.79706192599003  13.072057927009823
-51.47174988117356  22.53295482907799  -40.55188339429642
-27.475382625675987  -19.50914665702493  27.473063360812922
-15.892252917598707  -21.52662380547779  -9.98717688426383
-14.725773692112599  19.009347494920505  -69.87216603451236
-20.23307708550034  41.36027641580488  -19.735767619071115
-8.284004758843958  -4.161437998936523  43.95362964741987
24.564261407395914  -36.2576468832105  19.196553456147814
-23.984340547734465  -47.39322620121285  21.576886706989697
42.17857392636693  42.108803451192976  -45.497522355456546
