C   0.0312761894  0.3325787020  0.3921268865
C   2.5142844942  0.0353324016  -1.1018386595
C   4.9252439858  -0.2835608636  0.5070413448
F   6.8883627397  -0.4438221189  -1.0296201641
F   5.2462201872  1.6753003640  2.0249457599
F   4.8064974814  -2.3659705248  1.8823453710
F   2.3117514665  -1.9952204678  -2.5857606942
F   2.8193626358  2.0865350996  -2.5388803036
O   -1.8742344892  0.5212469788  -1.3312789038
C   -4.2282007527  0.9583221242  -0.4466698579
C   -5.9000882724  -0.8370204200  -0.0609353490
F   -8.2214424924  -0.3996087286  0.6493289954
F   -5.4264304378  -3.2397925390  -0.3563925299
F   -4.8175121090  3.3663577508  -0.1548723274
F   0.1446395410  2.3743489791  1.8640478488
F   -0.3138065626  -1.6585597583  1.9017341595
momentum
-21.93670932207408  -2.6141600145760386  24.267473057965105
-28.543534571396112  44.47178793335768  -21.62050950636196
5.986132805529485  19.34871105437626  -20.40255838119749
36.61377757443567  -45.317523079688435  51.8616412477473
-10.198044539539199  46.140599315188695  -24.92434518716469
-27.835489238022394  36.1473331011913  -21.746535642734774
-41.44306706548669  -60.35807189738755  -41.363218366033735
31.576516120037336  5.25186527276217  23.860779078223494
26.50498314712974  -12.038212883798472  5.442029778066418
-9.809536031881878  10.221451228401534  9.614535093101798
-63.93866661608076  0.7673216416981067  -12.348558947803582
29.09504787536199  11.066493193671043  -17.28594451892383
-1.7428458619258314  -43.66511468839678  -19.760309664438143
10.912240643558302  14.753670482229799  30.73052845687347
21.797358716448922  -7.328948801641481  5.867092612325905
43.097171294067735  -16.794379772451453  27.793542102665054
