C   0.0312761894  0.3325787020  0.3921268865
C   2.5142844942  0.0353324016  -1.1018386595
C   4.9252439858  -0.2835608636  0.5070413448
F   6.8883627397  -0.4438221189  -1.0296201641
F   5.2462201872  1.6753003640  2.0249457599
F   4.8064974814  -2.3659705248  1.8823453710
F   2.3117514665  -1.9952204678  -2.5857606942
F   2.8193626358  2.0865350996  -2.5388803036
O   -1.8742344892  0.5212469788  -1.3312789038
C   -4.2282007527  0.9583221242  -0.4466698579
C   -5.9000882724  -0.8370204200  -0.0609353490
F   -8.2214424924  -0.3996087286  0.6493289954
F   -5.4264304378  -3.2397925390  -0.3563925299
F   -4.8175121090  3.3663577508  -0.1548723274
F   0.1446395410  2.3743489791  1.8640478488
F   -0.3138065626  -1.6585597583  1.9017341595
momentum
-9.289665163983807  27.11855638682676  50.8714529585945
-45.19599136179687  0.16233138682706044  -17.112083115016507
5.009299351963095  -33.5760512882567  -44.10562721816502
56.18196565486392  10.190356183367426  29.558531315789605
-64.2128912186021  -24.302753986438297  -39.18288289566451
-24.628887069347257  8.200871659928222  -7.650837063950099
16.99165259644416  16.037219764681893  38.2926927273082
39.98035154674795  -10.19107108488381  -37.461804148002
-27.603601054092948  7.062768796251754  17.714631314079355
5.078503144724696  30.976968280153148  13.266205303986851
42.36858140067392  -11.587190219816211  -19.633117695239996
11.008770601917398  -27.701263650524666  14.918612295738617
-21.948532620694333  16.558937467013905  -17.933703776558865
-27.029655672243262  3.525345133867655  -24.136003430240073
11.559526357280493  -3.347430349187457  27.52594517053005
31.912315956903218  -9.031448430492695  14.969004488768844
