C   0.0312761894  0.3325787020  0.3921268865
C   2.5142844942  0.0353324016  -1.1018386595
C   4.9252439858  -0.2835608636  0.5070413448
F   6.8883627397  -0.4438221189  -1.0296201641
F   5.2462201872  1.6753003640  2.0249457599
F   4.8064974814  -2.3659705248  1.8823453710
F   2.3117514665  -1.9952204678  -2.5857606942
F   2.8193626358  2.0865350996  -2.5388803036
O   -1.8742344892  0.5212469788  -1.3312789038
C   -4.2282007527  0.9583221242  -0.4466698579
C   -5.9000882724  -0.8370204200  -0.0609353490
F   -8.2214424924  -0.3996087286  0.6493289954
F   -5.4264304378  -3.2397925390  -0.3563925299
F   -4.8175121090  3.3663577508  -0.1548723274
F   0.1446395410  2.3743489791  1.8640478488
F   -0.3138065626  -1.6585597583  1.9017341595
momentum
23.46095619559009  4.721157995570066  -37.49681990899867
2.288395024324827  21.858369328504068  1.9882131041620543
9.490522256231746  -1.719501820045784  13.15870277481655
-66.5315060014755  -39.19983423458276  -29.508433561510785
56.601753028684506  15.11849718855975  39.176132770112055
34.000457205009724  23.59453446308726  18.460315594515986
-26.479645621745615  11.242486589919865  -7.776851880551788
26.995203552241335  14.333288572168208  10.652345971369554
13.5815175060178  -28.278209390153282  26.479702169633295
4.379048869426971  -38.99792997993704  2.6048261085634126
-27.747400041213016  -59.908320359156825  -29.008948798078684
-34.77148628242905  45.86364504803095  32.89274867318758
14.333318871832192  36.11675164440723  -4.016152004538772
19.018822127600842  -40.376912839726025  -13.811124883837378
-22.57174185949378  -10.078031976927829  21.172404125555662
-26.382590443835042  45.268798522788586  -45.16988944217235
