C   0.0312761894  0.3325787020  0.3921268865
C   2.5142844942  0.0353324016  -1.1018386595
C   4.9252439858  -0.2835608636  0.5070413448
F   6.8883627397  -0.4438221189  -1.0296201641
F   5.2462201872  1.6753003640  2.0249457599
F   4.8064974814  -2.3659705248  1.8823453710
F   2.3117514665  -1.9952204678  -2.5857606942
F   2.8193626358  2.0865350996  -2.5388803036
O   -1.8742344892  0.5212469788  -1.3312789038
C   -4.2282007527  0.9583221242  -0.4466698579
C   -5.9000882724  -0.8370204200  -0.0609353490
F   -8.2214424924  -0.3996087286  0.6493289954
F   -5.4264304378  -3.2397925390  -0.3563925299
F   -4.8175121090  3.3663577508  -0.1548723274
F   0.1446395410  2.3743489791  1.8640478488
F   -0.3138065626  -1.6585597583  1.9017341595
momentum
17.293373128136757  3.79442787414998  6.383689899573971
-24.07894765194459  -13.720414384115843  28.972958478771577
-26.693777561963515  13.067236019607964  -22.952622367898034
72.26112224638558  -40.252473419452606  -7.164271857889289
40.017900343786465  -12.803257957736669  55.87554219965132
-23.376781560313162  18.80593887642387  52.375219001622355
-31.82116208808312  -10.97099699140728  -49.53224874683381
-33.74523357601455  70.69696970076599  -23.76121438586826
-46.32145758742154  14.424337497417355  47.21991560384058
13.384881952422461  -5.393093384001282  -7.564844076895539
17.32962124183039  8.263144419650237  32.442843679467046
34.90632395963687  -9.386906677964333  1.594301818330244
-10.96923390413863  -11.93452104074368  -37.70486423196189
-44.4681095888736  -14.502983840016018  -24.744825862878894
59.4871580968078  -15.912197525932706  -64.39836614353152
-13.15284145073709  5.4201557216203105  13.253109669256837
