C   0.0312761894  0.3325787020  0.3921268865
C   2.5142844942  0.0353324016  -1.1018386595
C   4.9252439858  -0.2835608636  0.5070413448
F   6.8883627397  -0.4438221189  -1.0296201641
F   5.2462201872  1.6753003640  2.0249457599
F   4.8064974814  -2.3659705248  1.8823453710
F   2.3117514665  -1.9952204678  -2.5857606942
F   2.8193626358  2.0865350996  -2.5388803036
O   -1.8742344892  0.5212469788  -1.3312789038
C   -4.2282007527  0.9583221242  -0.4466698579
C   -5.9000882724  -0.8370204200  -0.0609353490
F   -8.2214424924  -0.3996087286  0.6493289954
F   -5.4264304378  -3.2397925390  -0.3563925299
F   -4.8175121090  3.3663577508  -0.1548723274
F   0.1446395410  2.3743489791  1.8640478488
F   -0.3138065626  -1.6585597583  1.9017341595
momentum
-76.9985508968103  -46.0648827551622  31.181741205954925
15.617504950170796  6.000254386485872  19.13147962469921
11.173761203473804  11.877543640885175  -9.548958587025856
-28.300537644492834  -10.339096252871304  -4.6905020487132765
20.649182203274403  -38.1160666473645  -7.362494298703016
-15.46382598048831  -7.561555333255144  3.296226445234965
-48.00070491105525  39.98189449655309  37.44616655475107
-4.1056926032162915  44.02098690508379  -18.75483344823685
20.472832216562846  1.3085192045646779  -1.3264875756719738
-20.822758687264994  -22.358101480871763  19.06054031452324
9.26113370887965  3.7626383099120515  2.4282509874677594
-32.366924771230074  -28.22597077573611  7.027341302058983
18.584266606804984  -9.252411015813324  -41.48598237059131
14.898299402210428  48.03544836916176  -55.85270015084573
39.73933217289188  -2.329499905268822  -30.911322222481473
75.21380476669418  9.34128262071757  50.28538894400036
