C   0.0312761894  0.3325787020  0.3921268865
C   2.5142844942  0.0353324016  -1.1018386595
C   4.9252439858  -0.2835608636  0.5070413448
F   6.8883627397  -0.4438221189  -1.0296201641
F   5.2462201872  1.6753003640  2.0249457599
F   4.8064974814  -2.3659705248  1.8823453710
F   2.3117514665  -1.9952204678  -2.5857606942
F   2.8193626358  2.0865350996  -2.5388803036
O   -1.8742344892  0.5212469788  -1.3312789038
C   -4.2282007527  0.9583221242  -0.4466698579
C   -5.9000882724  -0.8370204200  -0.0609353490
F   -8.2214424924  -0.3996087286  0.6493289954
F   -5.4264304378  -3.2397925390  -0.3563925299
F   -4.8175121090  3.3663577508  -0.1548723274
F   0.1446395410  2.3743489791  1.8640478488
F   -0.3138065626  -1.6585597583  1.9017341595
momentum
-26.422949282167107  -15.405431128870944  12.850472251983154
-21.648109151044693  73.23257524516005  -5.7497774820258245
-29.618150163080546  -15.183686336395317  -25.003398085439194
9.740970984476725  -33.852506984098596  -23.94568082358523
6.0081025071931204  13.02019293675331  -27.788001063437683
8.46543076324559  -42.28708416944805  12.563094602860755
20.564379281326726  1.1201699712088313  10.994205121596881
40.98778408106374  5.910455691149498  18.172585179060537
-27.64051539729907  34.34852524333707  28.35163080274749
-43.27410520004374  20.26558332921134  1.4095922317329637
27.048400255066014  -50.58096383316165  29.46132032521913
-14.683332582420755  0.281582197584188  -40.55671343611138
5.708863155591849  -25.76637057141246  1.3062424498355176
40.2448993784743  -13.578175114637796  -25.07840244013594
13.482287363010656  57.08978209918789  23.000082405900987
-9.020439417819805  -8.624606786112485  10.118422264949848
