C   0.0312761894  0.3325787020  0.3921268865
C   2.5142844942  0.0353324016  -1.1018386595
C   4.9252439858  -0.2835608636  0.5070413448
F   6.8883627397  -0.4438221189  -1.0296201641
F   5.2462201872  1.6753003640  2.0249457599
F   4.8064974814  -2.3659705248  1.8823453710
F   2.3117514665  -1.9952204678  -2.5857606942
F   2.8193626358  2.0865350996  -2.5388803036
O   -1.8742344892  0.5212469788  -1.3312789038
C   -4.2282007527  0.9583221242  -0.4466698579
C   -5.9000882724  -0.8370204200  -0.0609353490
F   -8.2214424924  -0.3996087286  0.6493289954
F   -5.4264304378  -3.2397925390  -0.3563925299
F   -4.8175121090  3.3663577508  -0.1548723274
F   0.1446395410  2.3743489791  1.8640478488
F   -0.3138065626  -1.6585597583  1.9017341595
momentum
7.675207435718502  26.53375560729952  -4.28683637034655
-18.59458508184134  -22.038866484227135  -3.3567588650036297
-34.19688711912154  32.95958198092683  52.749901746300594
-26.643555444643905  -4.9588392812121125  -5.436639297549198
35.470259099394255  8.922054248609255  -12.57698842390814
1.5934751555522821  -2.4604151120491338  -31.69843588092316
-39.864484548424784  -22.36560437130115  11.001259118776947
-1.8046839258733995  -47.47791499187028  59.7854649213929
-25.072506827339804  51.913082158138174  -3.277057142827545
25.753539218809067  -22.14649549809684  -4.880307251277195
-1.1341194928126104  -32.37568643901989  17.969107311527722
78.55641353732774  4.8102396548898545  -32.02820702920616
34.156723232173285  -38.02178174016177  3.7910718405859054
-31.212299482776377  67.52766102162809  19.19768572765886
4.884931022493935  -7.649359348543355  -24.99091324244146
-9.72366145718706  7.091968090414003  -41.77113452269012
