C   0.0312761894  0.3325787020  0.3921268865
C   2.5142844942  0.0353324016  -1.1018386595
C   4.9252439858  -0.2835608636  0.5070413448
F   6.8883627397  -0.4438221189  -1.0296201641
F   5.2462201872  1.6753003640  2.0249457599
F   4.8064974814  -2.3659705248  1.8823453710
F   2.3117514665  -1.9952204678  -2.5857606942
F   2.8193626358  2.0865350996  -2.5388803036
O   -1.8742344892  0.5212469788  -1.3312789038
C   -4.2282007527  0.9583221242  -0.4466698579
C   -5.9000882724  -0.8370204200  -0.0609353490
F   -8.2214424924  -0.3996087286  0.6493289954
F   -5.4264304378  -3.2397925390  -0.3563925299
F   -4.8175121090  3.3663577508  -0.1548723274
F   0.1446395410  2.3743489791  1.8640478488
F   -0.3138065626  -1.6585597583  1.9017341595
momentum
34.75058774563198  14.812515244337558  36.67368579691853
-17.2174510685901  24.34989826364746  12.969135686748142
27.802386365931657  21.453015746804304  26.640416271058985
2.3636365836756785  29.175512594558494  -61.69735069000046
51.13263783676779  -29.194999179609884  56.36978288099314
-20.790865128948347  -2.346907481670707  -3.1215446159951425
-10.815457580456918  8.622023531697183  20.46980630185369
47.17126730317053  -68.3112109789064  -24.529528601581717
-18.38065624041056  -45.192881055975704  8.572277276197102
-46.48010717992779  -46.787602243334796  -1.712976233675464
-30.692378372913243  18.801137231539236  -20.74711991525813
-20.904960819741603  -62.69832360681171  50.11408059049665
-35.190068325030985  63.29948533175135  -59.21322060414651
-25.91464375798612  23.787158738965232  -33.11394435683976
28.463342405802656  54.12784553826324  4.533037275682069
34.536734161877504  -3.9163505170810464  -12.269826545336008
