C   1.6294072120  1.2816543092  -0.1200477819
C   -1.2816644249  1.6292740242  0.1194412637
C   -1.6293358644  -1.2815399551  -0.1185485340
C   1.2816425151  -1.6294106658  0.1193679090
F   2.3524415838  -2.9922466572  -1.6844608239
F   1.9605019307  -2.4900173944  2.3795535333
F   -2.9920676161  -2.3537693239  1.6845133963
F   -2.4903673296  -1.9589316671  -2.3791690281
F   -1.9584970354  2.4915630437  2.3796170769
F   -2.3543644535  2.9906102096  -1.6843989622
F   2.4910668587  1.9597611638  -2.3799882376
F   2.9912531030  2.3530454833  1.6841911408
momentum
-26.216553606066746  0.785915318522974  1.7607549931559747
15.915740597072094  11.387492827202394  5.102269112268536
35.12719589450786  40.24243837460545  10.118775251673727
35.98656855904069  0.9954348324609243  -13.28634431654222
-11.474995136199809  -23.711567232203787  -9.866716861251293
-23.172477556188618  -6.114663681197129  -17.250947164514255
-15.869945290980805  -56.414774617836905  45.94679996286714
-21.602483900548016  -24.555466759690983  -30.471456856954227
-27.133505733846512  36.20068949070674  34.448770913823274
-49.58330219783222  7.759186885338981  -46.45903329394908
55.888815428386685  12.94436963186424  22.951112132721846
32.226907392423364  0.46390213840840366  -2.9602726343282098
