C   1.6294072120  1.2816543092  -0.1200477819
C   -1.2816644249  1.6292740242  0.1194412637
C   -1.6293358644  -1.2815399551  -0.1185485340
C   1.2816425151  -1.6294106658  0.1193679090
F   2.3524415838  -2.9922466572  -1.6844608239
F   1.9605019307  -2.4900173944  2.3795535333
F   -2.9920676161  -2.3537693239  1.6845133963
F   -2.4903673296  -1.9589316671  -2.3791690281
F   -1.9584970354  2.4915630437  2.3796170769
F   -2.3543644535  2.9906102096  -1.6843989622
F   2.4910668587  1.9597611638  -2.3799882376
F   2.9912531030  2.3530454833  1.6841911408
momentum
-30.46099537968801  -1.06419134479263  23.640645438615476
-20.807449291308473  -38.771858253044066  -9.497435855175041
9.532089238194477  -13.85071445505547  19.343750607351264
41.196279368003864  9.299021274338404  -12.105610834412243
-21.117157339000748  97.73724775056893  32.131408497744495
15.442788070544434  -21.900348259869066  26.562602344917618
-60.141836581447315  8.750011291567443  -20.344918471578644
21.69864458681251  40.41679358327006  7.689736823158303
99.80536904536889  10.272819819460246  -16.679847658959925
-25.842575673396368  -42.36779891974173  -20.908718410935602
-2.1629606109355772  2.068143228870246  -0.648207258335644
-26.821576292468936  -50.53545941302133  -29.44122824655035
