C   1.6294072120  1.2816543092  -0.1200477819
C   -1.2816644249  1.6292740242  0.1194412637
C   -1.6293358644  -1.2815399551  -0.1185485340
C   1.2816425151  -1.6294106658  0.1193679090
F   2.3524415838  -2.9922466572  -1.6844608239
F   1.9605019307  -2.4900173944  2.3795535333
F   -2.9920676161  -2.3537693239  1.6845133963
F   -2.4903673296  -1.9589316671  -2.3791690281
F   -1.9584970354  2.4915630437  2.3796170769
F   -2.3543644535  2.9906102096  -1.6843989622
F   2.4910668587  1.9597611638  -2.3799882376
F   2.9912531030  2.3530454833  1.6841911408
momentum
15.861216553016481  15.860547724161895  29.819762169751648
-16.22233704068092  -16.289200045742035  61.205847382651214
23.316842971632592  5.8748365886522045  -51.96186890839164
-13.143575762336337  18.140151000722472  -7.967989101969818
38.044043312588336  31.293768466886686  7.724053757087943
13.133970033886188  7.944765852005415  5.6951516198440375
-22.32603499715418  32.33102311711547  51.48151659139469
-10.981590858124772  11.745248179562115  -24.524825077647915
38.142021068168  -9.716768663620678  -40.41922448390926
-48.57825902253949  -9.5037569809497  -7.56128193717605
15.398257936753136  -27.20094962343825  -44.544538156904224
-32.35209022816943  -60.67194068897783  20.829488939339946
