C   1.6294072120  1.2816543092  -0.1200477819
C   -1.2816644249  1.6292740242  0.1194412637
C   -1.6293358644  -1.2815399551  -0.1185485340
C   1.2816425151  -1.6294106658  0.1193679090
F   2.3524415838  -2.9922466572  -1.6844608239
F   1.9605019307  -2.4900173944  2.3795535333
F   -2.9920676161  -2.3537693239  1.6845133963
F   -2.4903673296  -1.9589316671  -2.3791690281
F   -1.9584970354  2.4915630437  2.3796170769
F   -2.3543644535  2.9906102096  -1.6843989622
F   2.4910668587  1.9597611638  -2.3799882376
F   2.9912531030  2.3530454833  1.6841911408
momentum
9.172796183840122  -9.5376082525366  22.890142009582437
17.078580440479453  -40.89825614228631  41.497964226862095
-17.120393496860654  -10.774992317720347  -55.59527444681042
17.25502675019875  12.143012030234996  -10.379248702410276
-18.932491420613292  10.946384846821957  30.734202132690353
-37.87064363295956  9.31419847012626  15.905212729405836
30.921052183327266  -41.74396309978562  -45.76718114029879
17.14766741943002  3.318414536823905  -4.24579822487136
22.658255200790265  77.0402888564378  9.72302742195765
-56.04874224535134  10.924868484509263  17.69536139643961
-15.641099203509624  -36.757417801233906  -24.254675842648062
31.34186137243696  16.119881955289692  1.7697969089760381
