C   1.6294072120  1.2816543092  -0.1200477819
C   -1.2816644249  1.6292740242  0.1194412637
C   -1.6293358644  -1.2815399551  -0.1185485340
C   1.2816425151  -1.6294106658  0.1193679090
F   2.3524415838  -2.9922466572  -1.6844608239
F   1.9605019307  -2.4900173944  2.3795535333
F   -2.9920676161  -2.3537693239  1.6845133963
F   -2.4903673296  -1.9589316671  -2.3791690281
F   -1.9584970354  2.4915630437  2.3796170769
F   -2.3543644535  2.9906102096  -1.6843989622
F   2.4910668587  1.9597611638  -2.3799882376
F   2.9912531030  2.3530454833  1.6841911408
momentum
-7.401971609582206  21.672207616962204  39.71994311690013
-54.23266626142145  -3.3225170331721023  5.131189665553853
-41.488417144966476  34.93731736525688  -25.41293335177047
3.6005971879424954  23.653303920825685  7.624674803283991
-3.5657063262307056  42.265448182642984  -26.299172975600623
51.98729537691507  -35.49429103204176  -9.76643146030274
-48.76036392103657  -20.621917372714652  -14.797645638344841
8.643745016472193  -38.207888573186885  52.63401025774136
19.768200000942663  36.73990131094429  0.09574743117952775
30.367850420778222  -39.507662182134595  -26.969168671521032
23.581332835732326  -3.484078242947811  5.600764910645556
17.712596767458567  -18.741849324933543  -7.495407412844515
