C   1.6294072120  1.2816543092  -0.1200477819
C   -1.2816644249  1.6292740242  0.1194412637
C   -1.6293358644  -1.2815399551  -0.1185485340
C   1.2816425151  -1.6294106658  0.1193679090
F   2.3524415838  -2.9922466572  -1.6844608239
F   1.9605019307  -2.4900173944  2.3795535333
F   -2.9920676161  -2.3537693239  1.6845133963
F   -2.4903673296  -1.9589316671  -2.3791690281
F   -1.9584970354  2.4915630437  2.3796170769
F   -2.3543644535  2.9906102096  -1.6843989622
F   2.4910668587  1.9597611638  -2.3799882376
F   2.9912531030  2.3530454833  1.6841911408
momentum
8.00855569126279  2.927627311983651  29.113187219828028
1.6234656569615684  -29.94483863162262  -18.326293769404042
21.40323763469638  -13.14449010893913  53.42275451594179
-6.255649943723562  29.26902903344397  -0.6240746227472086
15.913666847159886  -62.443236628564435  -43.92236559732168
27.950709277603284  15.21324177272028  11.544003540307504
-75.18858836027132  -56.30388212104196  -3.8759214412602736
-55.51497709302444  46.03505349326149  -23.121315453233372
-10.060367545506953  -6.115828545398426  5.189249038887465
28.702514835807865  -9.221120026680682  -14.36371118033899
3.2428944058521734  -2.9771941395967754  -34.346905642104616
40.28851426235413  86.77568693456115  39.71739551610861
