C   1.6294072120  1.2816543092  -0.1200477819
C   -1.2816644249  1.6292740242  0.1194412637
C   -1.6293358644  -1.2815399551  -0.1185485340
C   1.2816425151  -1.6294106658  0.1193679090
F   2.3524415838  -2.9922466572  -1.6844608239
F   1.9605019307  -2.4900173944  2.3795535333
F   -2.9920676161  -2.3537693239  1.6845133963
F   -2.4903673296  -1.9589316671  -2.3791690281
F   -1.9584970354  2.4915630437  2.3796170769
F   -2.3543644535  2.9906102096  -1.6843989622
F   2.4910668587  1.9597611638  -2.3799882376
F   2.9912531030  2.3530454833  1.6841911408
momentum
4.86329365048203  -1.6068216087163931  -30.144224536233278
-18.61070044513499  -34.60308858494034  -1.7551761674516475
4.933914518893587  8.600971830546458  11.582409554975069
-12.45171605155377  -34.24175889425717  28.8369725868396
-20.983129748899458  -25.169526007072065  14.886487385570707
-27.357997960257652  1.9849248505151909  -49.65747174190445
39.13485820497899  11.22193127548184  -20.318195402875748
11.91178693042854  32.45642182723982  9.902302441201627
28.886464282172593  -2.236475460075295  -2.3518801682813946
-29.584975510878763  -16.921286722195337  -18.896567379944397
-0.5011063279318997  8.904987576785134  24.834101096529217
19.595501360546578  51.52885505853218  33.26903318579369
