C   1.6294072120  1.2816543092  -0.1200477819
C   -1.2816644249  1.6292740242  0.1194412637
C   -1.6293358644  -1.2815399551  -0.1185485340
C   1.2816425151  -1.6294106658  0.1193679090
F   2.3524415838  -2.9922466572  -1.6844608239
F   1.9605019307  -2.4900173944  2.3795535333
F   -2.9920676161  -2.3537693239  1.6845133963
F   -2.4903673296  -1.9589316671  -2.3791690281
F   -1.9584970354  2.4915630437  2.3796170769
F   -2.3543644535  2.9906102096  -1.6843989622
F   2.4910668587  1.9597611638  -2.3799882376
F   2.9912531030  2.3530454833  1.6841911408
momentum
11.814662226409043  8.351653646563197  -26.79340961220703
30.117956526631367  -5.86274729729694  27.581929121566425
-5.264535450385431  -25.02657863373752  -2.6745896440857906
-37.018840039533444  61.07796299799832  -19.037328404163727
16.951274570024694  -58.963782803064895  -43.88896996613147
2.7468097393370927  -16.923294792764366  70.13977020460665
-50.28106235322527  -25.344115059559734  12.595875888286434
23.46746750102424  -3.314171618854629  -11.508391123227264
33.41870182278115  3.1438785809711387  19.518526669958334
-34.455193152646544  14.49434645251427  -22.945167211942636
13.92672897739714  31.93809049561465  2.0854426628487626
-5.274497108150976  16.269050684618968  -5.155223433233221
