C   1.6294072120  1.2816543092  -0.1200477819
C   -1.2816644249  1.6292740242  0.1194412637
C   -1.6293358644  -1.2815399551  -0.1185485340
C   1.2816425151  -1.6294106658  0.1193679090
F   2.3524415838  -2.9922466572  -1.6844608239
F   1.9605019307  -2.4900173944  2.3795535333
F   -2.9920676161  -2.3537693239  1.6845133963
F   -2.4903673296  -1.9589316671  -2.3791690281
F   -1.9584970354  2.4915630437  2.3796170769
F   -2.3543644535  2.9906102096  -1.6843989622
F   2.4910668587  1.9597611638  -2.3799882376
F   2.9912531030  2.3530454833  1.6841911408
momentum
0.33470589339864687  -10.748034371394983  2.3169007503542383
51.248836434675  8.571758343600285  18.52877351687148
-26.089229011701224  19.6415809812676  -34.54249948531305
-2.570636258045629  9.153522278941722  57.91431236257219
-0.616020102813653  -21.330032519073807  2.020335529529164
-28.375234937666225  13.131829808820532  -29.736647615750794
43.205749529512175  17.900359466724595  10.83580358105633
-12.789224693277232  -41.663147395948066  -5.922046756906266
-27.767961069958588  -24.055562186271928  -5.789681364887614
-4.2271656547129535  3.3399764007129815  -26.338830819655144
-35.87891345018646  51.40617617014478  1.0659041953794945
43.402612517470885  -25.44392100204406  9.930784252584917
