C   1.6294072120  1.2816543092  -0.1200477819
C   -1.2816644249  1.6292740242  0.1194412637
C   -1.6293358644  -1.2815399551  -0.1185485340
C   1.2816425151  -1.6294106658  0.1193679090
F   2.3524415838  -2.9922466572  -1.6844608239
F   1.9605019307  -2.4900173944  2.3795535333
F   -2.9920676161  -2.3537693239  1.6845133963
F   -2.4903673296  -1.9589316671  -2.3791690281
F   -1.9584970354  2.4915630437  2.3796170769
F   -2.3543644535  2.9906102096  -1.6843989622
F   2.4910668587  1.9597611638  -2.3799882376
F   2.9912531030  2.3530454833  1.6841911408
momentum
2.340631286374885  -40.66988905230104  11.308829108442366
16.936618072861293  38.21594923585624  -23.86978416057761
-18.434411491934352  9.690638675071902  -14.12860427817125
-8.776330289070689  -7.826424860633093  -17.068325983798385
-24.426216146833177  -20.878582219794403  8.691483312909046
12.384129336286668  5.3526313030476  6.186009401987992
-21.193384141083488  -58.6501271838859  11.398634244955021
31.519424210743168  54.87460221232036  24.194578070955632
12.134111946051803  25.2536071405203  4.734170997414074
-10.839960567844678  -66.45690451412068  -24.68415833797522
-13.821837992328906  54.83974549049036  -5.321051480363189
21.933926750207068  6.277644793797621  18.799040297180895
