C   1.6294072120  1.2816543092  -0.1200477819
C   -1.2816644249  1.6292740242  0.1194412637
C   -1.6293358644  -1.2815399551  -0.1185485340
C   1.2816425151  -1.6294106658  0.1193679090
F   2.3524415838  -2.9922466572  -1.6844608239
F   1.9605019307  -2.4900173944  2.3795535333
F   -2.9920676161  -2.3537693239  1.6845133963
F   -2.4903673296  -1.9589316671  -2.3791690281
F   -1.9584970354  2.4915630437  2.3796170769
F   -2.3543644535  2.9906102096  -1.6843989622
F   2.4910668587  1.9597611638  -2.3799882376
F   2.9912531030  2.3530454833  1.6841911408
momentum
-35.365145482711405  -15.1018319669353  -32.52012343028241
-6.030024871391373  -20.477017615557596  20.74787570962439
-25.544819816844768  -18.397746260989898  -5.2620813625288685
-24.979079937235884  -36.35474537141831  40.293540288633075
20.139996274778586  64.3475154081927  1.0247995241807888
-4.225581501954939  -4.240067551395232  -14.490552110480381
38.874831048948955  -0.800869725964115  -22.67018989303082
-27.12040879519635  -2.7337872479568466  -47.97374931116344
-32.15535202044039  65.62933159851966  28.843649650948684
17.61681755468125  -26.75394482617573  27.649836472101047
21.87560981396695  -48.524229610661834  12.622769664219712
56.998191377270494  43.448741882601475  -8.111863202343274
