C   1.6294072120  1.2816543092  -0.1200477819
C   -1.2816644249  1.6292740242  0.1194412637
C   -1.6293358644  -1.2815399551  -0.1185485340
C   1.2816425151  -1.6294106658  0.1193679090
F   2.3524415838  -2.9922466572  -1.6844608239
F   1.9605019307  -2.4900173944  2.3795535333
F   -2.9920676161  -2.3537693239  1.6845133963
F   -2.4903673296  -1.9589316671  -2.3791690281
F   -1.9584970354  2.4915630437  2.3796170769
F   -2.3543644535  2.9906102096  -1.6843989622
F   2.4910668587  1.9597611638  -2.3799882376
F   2.9912531030  2.3530454833  1.6841911408
momentum
53.05587220593289  0.8535001971020325  2.8914409268550387
28.377007903630002  0.20828801209622638  -27.760059045464427
4.0524394540714646  -3.7228867756890445  55.72185130130813
6.238453837409854  -1.608933477334378  -38.028324780735886
-11.967267444775635  -46.42983659546242  15.979898785430661
24.281957886126943  34.298433066278534  -9.961655461179307
-13.505174417837864  -27.455616479792926  -43.38566972900361
-10.627812104956957  -3.863079488327372  -17.985664357454937
-15.827643764384081  34.44024327400776  -47.64558803908315
-22.832004091409715  20.71353021292322  81.95751586638524
-17.503430839894648  -24.461703129972854  -2.2903758277207484
-23.659372297892965  17.135544867021895  30.648051398647738
