C   1.6294072120  1.2816543092  -0.1200477819
C   -1.2816644249  1.6292740242  0.1194412637
C   -1.6293358644  -1.2815399551  -0.1185485340
C   1.2816425151  -1.6294106658  0.1193679090
F   2.3524415838  -2.9922466572  -1.6844608239
F   1.9605019307  -2.4900173944  2.3795535333
F   -2.9920676161  -2.3537693239  1.6845133963
F   -2.4903673296  -1.9589316671  -2.3791690281
F   -1.9584970354  2.4915630437  2.3796170769
F   -2.3543644535  2.9906102096  -1.6843989622
F   2.4910668587  1.9597611638  -2.3799882376
F   2.9912531030  2.3530454833  1.6841911408
momentum
-22.333325596162137  33.00574522714618  -20.08660065741451
1.970245146444455  5.466696177550251  12.643998701197944
-8.157331750327563  -18.77384617559796  -37.55702207120758
-55.09671109982805  -8.871265536900863  -5.560508890111264
11.028910866418832  32.946248698536735  5.531651571923473
-17.95659953614021  15.877354876188807  16.918761010868714
20.239297206166313  1.2530284260025402  22.749013729694838
3.1309161945496977  -16.054519018465978  -12.699632306210814
33.2663180035289  -29.22701040296696  -13.20945708386226
19.71277852770013  3.3758555157578507  8.489767090609995
-12.580572862819011  -23.370873812276766  8.876264722670063
27.045738029730998  3.9620918156489173  13.948944710496876
