C   1.6294072120  1.2816543092  -0.1200477819
C   -1.2816644249  1.6292740242  0.1194412637
C   -1.6293358644  -1.2815399551  -0.1185485340
C   1.2816425151  -1.6294106658  0.1193679090
F   2.3524415838  -2.9922466572  -1.6844608239
F   1.9605019307  -2.4900173944  2.3795535333
F   -2.9920676161  -2.3537693239  1.6845133963
F   -2.4903673296  -1.9589316671  -2.3791690281
F   -1.9584970354  2.4915630437  2.3796170769
F   -2.3543644535  2.9906102096  -1.6843989622
F   2.4910668587  1.9597611638  -2.3799882376
F   2.9912531030  2.3530454833  1.6841911408
momentum
-8.664649907542843  -7.258799089107254  -8.119535893349136
17.90440927356298  0.36283789256864385  16.9460696324503
-45.78987755172828  5.396344318000156  -4.865864975387283
73.67325805330731  -6.06202898286298  11.469646995586524
-14.095166330365444  17.30089695110244  -20.62006787913487
19.534477891580252  23.46214646162046  5.097870752569769
-16.369914298223822  -5.627026056194894  1.4814683117354965
-23.845356878904987  -50.986916997766045  -36.75961360685381
12.372200130871695  25.993908782743592  -11.123796212950209
16.679221688759345  18.321409086689865  3.340681180085075
-25.84757268363094  -15.920010747925328  19.706376856911888
-5.537667823359026  -4.922708904162723  23.4900730053828
