C   1.6294072120  1.2816543092  -0.1200477819
C   -1.2816644249  1.6292740242  0.1194412637
C   -1.6293358644  -1.2815399551  -0.1185485340
C   1.2816425151  -1.6294106658  0.1193679090
F   2.3524415838  -2.9922466572  -1.6844608239
F   1.9605019307  -2.4900173944  2.3795535333
F   -2.9920676161  -2.3537693239  1.6845133963
F   -2.4903673296  -1.9589316671  -2.3791690281
F   -1.9584970354  2.4915630437  2.3796170769
F   -2.3543644535  2.9906102096  -1.6843989622
F   2.4910668587  1.9597611638  -2.3799882376
F   2.9912531030  2.3530454833  1.6841911408
momentum
-15.80464013656585  21.621999109449007  14.726001331970457
-10.690345615620444  -20.588460460692975  -2.541807418467997
28.2411249481971  0.2315568188364366  -5.945078221532156
7.77873680264449  -3.8269769322877045  -3.0469581539262736
-10.234410565469691  -26.860870289957077  16.49619845158628
-4.84937174300787  -30.568749187404997  7.667239947866001
11.347775352279946  8.527892478982496  15.044605637074993
-22.838892964999452  -60.568625545597286  -32.904363396815754
3.8575336160309988  -29.532171749206498  17.445314044546926
15.980176169458975  97.02237585855805  -0.9531316232023701
7.404457420214301  -2.155185025497453  -22.927031142268476
-10.027918620527542  46.569813134453575  -3.302507324303333
