C   1.6294072120  1.2816543092  -0.1200477819
C   -1.2816644249  1.6292740242  0.1194412637
C   -1.6293358644  -1.2815399551  -0.1185485340
C   1.2816425151  -1.6294106658  0.1193679090
F   2.3524415838  -2.9922466572  -1.6844608239
F   1.9605019307  -2.4900173944  2.3795535333
F   -2.9920676161  -2.3537693239  1.6845133963
F   -2.4903673296  -1.9589316671  -2.3791690281
F   -1.9584970354  2.4915630437  2.3796170769
F   -2.3543644535  2.9906102096  -1.6843989622
F   2.4910668587  1.9597611638  -2.3799882376
F   2.9912531030  2.3530454833  1.6841911408
momentum
-1.586854039567203  37.78769255234201  0.4407442405650078
61.66114421119789  -14.191121035270216  -4.699679633625542
26.3754643864172  1.9322641997503  -4.268812329044724
-2.3114095319125387  -4.6990958417613875  -9.142117774677741
15.47837496699267  -10.388847563932709  -9.78851696712239
-12.820277858870346  -13.922194761069687  1.2302854775180458
2.9004986951756786  10.298025331234271  -6.51878757127687
-20.999948797739997  -6.476009477095515  -18.79159609457499
-22.64739765466779  28.298653039998335  56.44547444903744
-33.44921832044475  -3.348246730777741  -10.494990029439455
5.814738459294  -39.13329939460043  37.535997097277864
-18.19863733975003  13.943638064673253  -31.879766523971597
