C   1.6294072120  1.2816543092  -0.1200477819
C   -1.2816644249  1.6292740242  0.1194412637
C   -1.6293358644  -1.2815399551  -0.1185485340
C   1.2816425151  -1.6294106658  0.1193679090
F   2.3524415838  -2.9922466572  -1.6844608239
F   1.9605019307  -2.4900173944  2.3795535333
F   -2.9920676161  -2.3537693239  1.6845133963
F   -2.4903673296  -1.9589316671  -2.3791690281
F   -1.9584970354  2.4915630437  2.3796170769
F   -2.3543644535  2.9906102096  -1.6843989622
F   2.4910668587  1.9597611638  -2.3799882376
F   2.9912531030  2.3530454833  1.6841911408
momentum
14.682340090376442  -27.539533228765784  36.17167866175633
12.960324544839986  -18.46987319155817  53.58601739692253
23.402675173223127  -14.468722422899503  -6.9469177880621125
-3.7002315056537376  -29.472926170433087  -23.488134357936236
-3.904729001246025  56.336561378260264  16.42208042739586
-0.06219770235329119  32.45985435048949  -50.08037269091852
4.569724193503262  62.30845167345731  -16.298275128185978
-24.674461916192445  5.716839258415376  -0.8968158804539574
-3.5306591550719104  -3.4403610128044075  -62.73258617280604
4.889024105035524  -41.55265488029402  27.900407705338147
-20.294520125171825  -44.991178442063145  12.129057905906745
-4.252218693666118  23.153112442153557  14.360233563087329
