C   1.6294072120  1.2816543092  -0.1200477819
C   -1.2816644249  1.6292740242  0.1194412637
C   -1.6293358644  -1.2815399551  -0.1185485340
C   1.2816425151  -1.6294106658  0.1193679090
F   2.3524415838  -2.9922466572  -1.6844608239
F   1.9605019307  -2.4900173944  2.3795535333
F   -2.9920676161  -2.3537693239  1.6845133963
F   -2.4903673296  -1.9589316671  -2.3791690281
F   -1.9584970354  2.4915630437  2.3796170769
F   -2.3543644535  2.9906102096  -1.6843989622
F   2.4910668587  1.9597611638  -2.3799882376
F   2.9912531030  2.3530454833  1.6841911408
momentum
2.3057178820252844  -4.634267515728743  -33.87311804183542
36.72706921892327  -35.32459336036695  1.6571164435689498
3.915602561967472  5.919491144887233  68.31288410128657
-8.338099084782215  8.698891400511593  -6.976393746068361
-47.45239292834573  4.825372218114056  -47.22073100541164
1.230358539048668  15.815055439492298  16.761630393012446
20.51419838677076  -27.78929289851837  -33.50969079151444
58.79674617466607  31.579310018422266  18.574091914923883
19.064116495227474  26.715118867317397  -24.374303612396545
-50.05437073313009  21.703032353237422  -25.041696395851147
-6.198703449017872  -41.88266223282084  58.4481194204141
-30.53719175563476  -5.634096754836112  7.307266255049776
