C   1.6294072120  1.2816543092  -0.1200477819
C   -1.2816644249  1.6292740242  0.1194412637
C   -1.6293358644  -1.2815399551  -0.1185485340
C   1.2816425151  -1.6294106658  0.1193679090
F   2.3524415838  -2.9922466572  -1.6844608239
F   1.9605019307  -2.4900173944  2.3795535333
F   -2.9920676161  -2.3537693239  1.6845133963
F   -2.4903673296  -1.9589316671  -2.3791690281
F   -1.9584970354  2.4915630437  2.3796170769
F   -2.3543644535  2.9906102096  -1.6843989622
F   2.4910668587  1.9597611638  -2.3799882376
F   2.9912531030  2.3530454833  1.6841911408
momentum
-42.315119045224456  9.831507786811207  -34.80830385892105
-9.05196117584116  4.821161836525192  5.011000521775254
26.014819167883104  -28.643723099472755  15.67513457505179
-36.82712084754527  -25.681100988580845  6.394229858970242
-16.487974105255816  -47.026217954692086  -39.916857995131494
38.69811887768363  50.25023413172589  7.606323859062451
-14.186866615092459  18.716682609358077  28.599989906595027
31.57362052009387  56.85534080539045  6.185119150001373
8.168008952300594  -55.32668528770221  -28.124772772924853
-7.584008550472471  10.399135779052822  -5.590612143252497
39.856099615891  -1.0291180253937795  -0.8909170380266848
-17.930931944369593  6.693260469052792  39.74934983345495
