C   1.6294072120  1.2816543092  -0.1200477819
C   -1.2816644249  1.6292740242  0.1194412637
C   -1.6293358644  -1.2815399551  -0.1185485340
C   1.2816425151  -1.6294106658  0.1193679090
F   2.3524415838  -2.9922466572  -1.6844608239
F   1.9605019307  -2.4900173944  2.3795535333
F   -2.9920676161  -2.3537693239  1.6845133963
F   -2.4903673296  -1.9589316671  -2.3791690281
F   -1.9584970354  2.4915630437  2.3796170769
F   -2.3543644535  2.9906102096  -1.6843989622
F   2.4910668587  1.9597611638  -2.3799882376
F   2.9912531030  2.3530454833  1.6841911408
momentum
10.089307878314886  -27.258113304113518  -12.280008178224014
8.715890848904403  11.794847470374052  -10.15608010357279
27.816589196861507  -28.4272300290186  23.14488909271947
-25.950250344770364  -58.987112143375654  32.296035510324906
-26.10566256070843  -0.5573305045507779  -6.792145254061235
-35.376696101960505  8.111563657124513  -36.84222154298487
41.45557631387305  17.86825140594299  11.437453420827575
16.062983759239252  -14.920824781920482  -18.992413477154898
-22.5637094993604  12.865134304817182  -17.681624250487417
-5.023634575959445  17.284776700542558  39.72076383449823
24.16889053749219  27.757672812402586  -17.338157854375314
-13.57360927550836  34.3809976801663  13.420207395889738
