C   1.6294072120  1.2816543092  -0.1200477819
C   -1.2816644249  1.6292740242  0.1194412637
C   -1.6293358644  -1.2815399551  -0.1185485340
C   1.2816425151  -1.6294106658  0.1193679090
F   2.3524415838  -2.9922466572  -1.6844608239
F   1.9605019307  -2.4900173944  2.3795535333
F   -2.9920676161  -2.3537693239  1.6845133963
F   -2.4903673296  -1.9589316671  -2.3791690281
F   -1.9584970354  2.4915630437  2.3796170769
F   -2.3543644535  2.9906102096  -1.6843989622
F   2.4910668587  1.9597611638  -2.3799882376
F   2.9912531030  2.3530454833  1.6841911408
momentum
-20.472531613161905  -18.456064286070298  30.756118579160017
-13.092632865237757  -5.679037244443627  12.47401480110755
16.010400162515122  26.78978668266405  -0.5806275219351337
-29.62303812427679  16.7824327497517  -25.454892239952475
8.685490911281665  25.651760880618433  41.6476733585957
-18.958492332345585  51.80433396165511  -2.6616149754092495
4.714076822101122  -16.120134988477478  -20.42298803586423
-4.721705766250216  -69.91017999371108  -14.680347569938878
52.39815117690808  -9.778466732716558  28.09990622483835
2.7252426746669043  39.65068842327767  -2.8555693009359557
15.397641858392342  9.339292559000803  -22.985581106818124
-12.900858612488767  -50.31310257922492  -23.480762288524552
