C   1.6294072120  1.2816543092  -0.1200477819
C   -1.2816644249  1.6292740242  0.1194412637
C   -1.6293358644  -1.2815399551  -0.1185485340
C   1.2816425151  -1.6294106658  0.1193679090
F   2.3524415838  -2.9922466572  -1.6844608239
F   1.9605019307  -2.4900173944  2.3795535333
F   -2.9920676161  -2.3537693239  1.6845133963
F   -2.4903673296  -1.9589316671  -2.3791690281
F   -1.9584970354  2.4915630437  2.3796170769
F   -2.3543644535  2.9906102096  -1.6843989622
F   2.4910668587  1.9597611638  -2.3799882376
F   2.9912531030  2.3530454833  1.6841911408
momentum
-27.097091500473976  -7.4988650075233885  -1.5806705130693073
-45.95832843335586  18.669071199172045  3.119782806908422
0.958112422915673  -20.43131281857004  8.153855862785962
-0.745455662189167  -30.14381640041688  20.928210484946895
37.05856024777684  -25.859288102639653  -14.505311653633829
1.3388466509158752  -2.426792585272924  6.86160015823198
-25.67851480646189  -16.660775880654615  19.78223933074092
46.538974953475126  27.076325505440227  9.246400213481309
60.640532092069385  24.606707965394445  -29.203656428774806
-9.445357593115656  21.638871917794937  -8.835276734940601
-22.476275588006175  42.770802741214574  -65.83346170010422
-15.368761378157041  -31.932580251095747  51.6818001929856
