C   1.6294072120  1.2816543092  -0.1200477819
C   -1.2816644249  1.6292740242  0.1194412637
C   -1.6293358644  -1.2815399551  -0.1185485340
C   1.2816425151  -1.6294106658  0.1193679090
F   2.3524415838  -2.9922466572  -1.6844608239
F   1.9605019307  -2.4900173944  2.3795535333
F   -2.9920676161  -2.3537693239  1.6845133963
F   -2.4903673296  -1.9589316671  -2.3791690281
F   -1.9584970354  2.4915630437  2.3796170769
F   -2.3543644535  2.9906102096  -1.6843989622
F   2.4910668587  1.9597611638  -2.3799882376
F   2.9912531030  2.3530454833  1.6841911408
momentum
3.2574756254493162  -33.735336896483894  41.45883401199899
10.578007689976026  -51.21297076038889  4.833891847528982
13.766482776296785  19.224952629891575  -0.8979470005790775
-17.372140932817135  -47.797304403470996  23.248499047211862
38.95076392409994  17.768842500919327  -46.40162949093023
15.98745055589133  23.31427735141828  -35.989022995939614
-12.119145284241151  -15.272652529672143  -8.840683217457448
-40.57311840571213  16.128931135236755  25.049041612656133
7.655279007926169  49.70778605595396  -19.666367852315812
1.7979028094063085  4.958611583539904  -28.859031306523676
-24.58200277216354  -26.679633080578057  -0.5870746189981033
2.6333505276820324  43.69155370616212  47.124613402417765
