C   1.6294072120  1.2816543092  -0.1200477819
C   -1.2816644249  1.6292740242  0.1194412637
C   -1.6293358644  -1.2815399551  -0.1185485340
C   1.2816425151  -1.6294106658  0.1193679090
F   2.3524415838  -2.9922466572  -1.6844608239
F   1.9605019307  -2.4900173944  2.3795535333
F   -2.9920676161  -2.3537693239  1.6845133963
F   -2.4903673296  -1.9589316671  -2.3791690281
F   -1.9584970354  2.4915630437  2.3796170769
F   -2.3543644535  2.9906102096  -1.6843989622
F   2.4910668587  1.9597611638  -2.3799882376
F   2.9912531030  2.3530454833  1.6841911408
momentum
0.9905760098425965  -42.548532462646286  21.051864899363505
-47.7500665251431  -22.37715365285604  25.677132277584416
-7.251636539233677  -27.187236424515394  -19.716099929632037
37.605978601251294  -6.977020911686279  -30.829311628665657
-0.323337621849726  48.90708906244816  18.505596521437518
-39.19453808220606  -4.961432265678535  -10.302272445522709
2.3928500408139675  -9.80425190504423  -22.120381410546656
-47.55686304114493  -35.15723129975145  -14.36124278037231
17.3187174031681  71.12733520356637  49.40186286997237
34.57769379549218  -28.45548007849113  -12.457977926251253
14.05599580273549  6.337148521322418  8.55639988531266
34.97459886412239  51.2918297266273  -13.453305663268194
