C   1.6294072120  1.2816543092  -0.1200477819
C   -1.2816644249  1.6292740242  0.1194412637
C   -1.6293358644  -1.2815399551  -0.1185485340
C   1.2816425151  -1.6294106658  0.1193679090
F   2.3524415838  -2.9922466572  -1.6844608239
F   1.9605019307  -2.4900173944  2.3795535333
F   -2.9920676161  -2.3537693239  1.6845133963
F   -2.4903673296  -1.9589316671  -2.3791690281
F   -1.9584970354  2.4915630437  2.3796170769
F   -2.3543644535  2.9906102096  -1.6843989622
F   2.4910668587  1.9597611638  -2.3799882376
F   2.9912531030  2.3530454833  1.6841911408
momentum
-8.550783436710159  20.90585085209378  3.303705533763104
45.154348601624434  6.992132541584898  -3.8564365270454215
5.603023338332837  35.863616110113426  -13.638530112300687
29.34684372363389  9.57916278899931  43.082855862621116
-33.03218783964674  -14.49722811224341  33.71824921537831
5.545103081549711  4.346248670777887  4.759302282013656
28.010429656035466  -40.13515199913537  -5.845348527859483
-12.07338653778159  61.86779919708688  -49.921469691716545
-2.921699849782689  -19.854713869456557  16.55391108187994
-2.054594529248539  -26.260854403353747  -3.718115837891568
-39.429849435527785  -40.88110473542307  8.607723146137687
-15.481781620113974  2.22251025698683  -32.93601292144762
