C   1.6294072120  1.2816543092  -0.1200477819
C   -1.2816644249  1.6292740242  0.1194412637
C   -1.6293358644  -1.2815399551  -0.1185485340
C   1.2816425151  -1.6294106658  0.1193679090
F   2.3524415838  -2.9922466572  -1.6844608239
F   1.9605019307  -2.4900173944  2.3795535333
F   -2.9920676161  -2.3537693239  1.6845133963
F   -2.4903673296  -1.9589316671  -2.3791690281
F   -1.9584970354  2.4915630437  2.3796170769
F   -2.3543644535  2.9906102096  -1.6843989622
F   2.4910668587  1.9597611638  -2.3799882376
F   2.9912531030  2.3530454833  1.6841911408
momentum
57.677869317599274  -8.48737545275137  41.597743525038574
5.304824303259473  -26.30872469370833  18.290284641750752
-40.59254892082013  -22.86954757367657  -5.833999227176986
-34.78271412696337  14.311389999808469  -37.39756225252105
28.908674159894627  -47.01513925986351  0.7505588641471213
10.297398428847497  24.532428602920113  -2.4972696709094104
20.148076582121355  -18.7252919226761  -3.881979111305025
29.399229698613652  32.95020496975222  39.80238131229156
-24.026884635754474  47.36208947247459  2.3462610305800378
21.74111673777708  12.914587793604653  -22.565682574827502
-39.6436371572603  36.85240041926775  -9.37734360676854
-34.699252722757514  -45.31166804286665  -21.333044680147975
