C   1.6294072120  1.2816543092  -0.1200477819
C   -1.2816644249  1.6292740242  0.1194412637
C   -1.6293358644  -1.2815399551  -0.1185485340
C   1.2816425151  -1.6294106658  0.1193679090
F   2.3524415838  -2.9922466572  -1.6844608239
F   1.9605019307  -2.4900173944  2.3795535333
F   -2.9920676161  -2.3537693239  1.6845133963
F   -2.4903673296  -1.9589316671  -2.3791690281
F   -1.9584970354  2.4915630437  2.3796170769
F   -2.3543644535  2.9906102096  -1.6843989622
F   2.4910668587  1.9597611638  -2.3799882376
F   2.9912531030  2.3530454833  1.6841911408
momentum
-59.86046684557496  36.7950091121757  26.338536501361727
6.068634982980976  16.321655832417214  8.880966213801308
14.171673602630154  -0.9967217927754806  -22.016555822423474
-32.11532297195644  -3.5293455294658824  13.890429722736162
-11.161665476758287  -61.05832033713277  -63.71977117860908
-12.883380305483792  29.887707290580675  28.93036420925862
27.673258339512586  -23.85821992708462  1.8927207804151875
33.85048968433918  8.653595451521788  19.079726943088986
-11.580432945415156  8.646063599541218  15.663507109921905
12.033956505531727  -6.845594090265255  -17.654050474923814
14.438101085611272  12.751736501900355  17.63846979330626
19.228914250851695  -16.782253788712556  -28.930662312129602
