C   1.6294072120  1.2816543092  -0.1200477819
C   -1.2816644249  1.6292740242  0.1194412637
C   -1.6293358644  -1.2815399551  -0.1185485340
C   1.2816425151  -1.6294106658  0.1193679090
F   2.3524415838  -2.9922466572  -1.6844608239
F   1.9605019307  -2.4900173944  2.3795535333
F   -2.9920676161  -2.3537693239  1.6845133963
F   -2.4903673296  -1.9589316671  -2.3791690281
F   -1.9584970354  2.4915630437  2.3796170769
F   -2.3543644535  2.9906102096  -1.6843989622
F   2.4910668587  1.9597611638  -2.3799882376
F   2.9912531030  2.3530454833  1.6841911408
momentum
-38.993739645598474  27.30328850563191  4.415303943684544
13.340706563612592  -9.908086257732336  27.046898991461013
10.578334014409421  -27.96181558706235  -15.26382328280253
38.90545597555299  -27.4013411336141  22.634752197140266
3.521859636262106  -3.1845251988821084  38.71180482399104
-48.526118991668326  11.957105156013272  -68.23228267219186
-10.559379634356441  -5.418486104912828  -2.7978961979833357
20.641339749952046  10.209689940342738  6.087573257727738
57.62305974801149  17.066077092147587  -16.407197668822143
1.241654416933787  3.095372762064569  -12.196073091485244
-46.18128501079468  3.418778431126848  43.404928310510996
-1.385285915676665  0.7540428125413058  -27.477374361999626
