C   1.6294072120  1.2816543092  -0.1200477819
C   -1.2816644249  1.6292740242  0.1194412637
C   -1.6293358644  -1.2815399551  -0.1185485340
C   1.2816425151  -1.6294106658  0.1193679090
F   2.3524415838  -2.9922466572  -1.6844608239
F   1.9605019307  -2.4900173944  2.3795535333
F   -2.9920676161  -2.3537693239  1.6845133963
F   -2.4903673296  -1.9589316671  -2.3791690281
F   -1.9584970354  2.4915630437  2.3796170769
F   -2.3543644535  2.9906102096  -1.6843989622
F   2.4910668587  1.9597611638  -2.3799882376
F   2.9912531030  2.3530454833  1.6841911408
momentum
-5.3428852850153845  -1.6009882854123205  -35.23652007571004
0.0015483195930329947  -9.84927173126744  -3.7681511039852937
4.003641153630983  17.813857541540557  11.379729737738984
33.70683653946667  -9.391367663490527  5.3184532571973095
-16.51548789217309  12.225386630599127  -39.530762616762324
-59.404884155170635  58.5670356620836  23.800616949355998
-56.063526454331296  -0.18753127302561656  17.67958249150664
78.43731734393896  -30.274976715685444  21.997931980862024
-21.705395853651787  -31.05007364646619  26.683616373863543
15.212607586230057  6.7751904266187175  -0.11211512966459775
-12.540679932704025  47.080798252735  31.18851969869479
39.87511273068481  -60.14275116160415  -59.46422386667262
