C   1.6294072120  1.2816543092  -0.1200477819
C   -1.2816644249  1.6292740242  0.1194412637
C   -1.6293358644  -1.2815399551  -0.1185485340
C   1.2816425151  -1.6294106658  0.1193679090
F   2.3524415838  -2.9922466572  -1.6844608239
F   1.9605019307  -2.4900173944  2.3795535333
F   -2.9920676161  -2.3537693239  1.6845133963
F   -2.4903673296  -1.9589316671  -2.3791690281
F   -1.9584970354  2.4915630437  2.3796170769
F   -2.3543644535  2.9906102096  -1.6843989622
F   2.4910668587  1.9597611638  -2.3799882376
F   2.9912531030  2.3530454833  1.6841911408
momentum
-4.537481647057168  -1.7823857730164017  17.684672348930004
-37.44788290221088  -10.145009427611148  -44.533280312078745
28.47183838930189  -41.9564182322369  -17.78424309862702
-3.48819884461642  25.56907213044043  10.513386654450661
-31.885494471422675  -5.770640656625475  -19.76655674092807
-43.256518838246514  0.8638079266785591  -0.4246580898198041
32.6197854698736  43.28188465240346  2.522445190561142
28.8061843293565  1.7526344685972068  34.781293500737206
43.24836454857993  -5.902739277067048  -7.779350406355498
1.7381400113634962  -19.331959014234005  20.853515821654728
10.494217541446991  33.21083635227192  1.9617956360959894
-24.980054728135453  -19.724347374216187  1.8174437779440293
