C   1.6294072120  1.2816543092  -0.1200477819
C   -1.2816644249  1.6292740242  0.1194412637
C   -1.6293358644  -1.2815399551  -0.1185485340
C   1.2816425151  -1.6294106658  0.1193679090
F   2.3524415838  -2.9922466572  -1.6844608239
F   1.9605019307  -2.4900173944  2.3795535333
F   -2.9920676161  -2.3537693239  1.6845133963
F   -2.4903673296  -1.9589316671  -2.3791690281
F   -1.9584970354  2.4915630437  2.3796170769
F   -2.3543644535  2.9906102096  -1.6843989622
F   2.4910668587  1.9597611638  -2.3799882376
F   2.9912531030  2.3530454833  1.6841911408
momentum
26.812010154526323  40.2752217990308  -31.79214735424414
1.371646833796623  -58.6390107345471  -21.957323346384246
-9.73674750599778  32.73547388896202  4.90383713203833
48.224862732003366  6.9597823949674895  35.384945242313215
24.54749414047458  45.98377506208329  12.450717375390372
9.692604307259488  -28.73121944674789  -19.73241921119135
-78.01522468342769  -4.102703923223673  -34.93475205929697
-45.47209695810149  1.3833551274130076  67.58744828911884
35.590269372954815  -10.683066492754369  1.6728769543645392
-33.25316570349477  -14.218900077372288  -27.3063261245218
24.844233213669153  9.57827707478128  13.789657318583025
-4.270168280342666  -20.443469912503343  0.005581998270189206
