C   1.6294072120  1.2816543092  -0.1200477819
C   -1.2816644249  1.6292740242  0.1194412637
C   -1.6293358644  -1.2815399551  -0.1185485340
C   1.2816425151  -1.6294106658  0.1193679090
F   2.3524415838  -2.9922466572  -1.6844608239
F   1.9605019307  -2.4900173944  2.3795535333
F   -2.9920676161  -2.3537693239  1.6845133963
F   -2.4903673296  -1.9589316671  -2.3791690281
F   -1.9584970354  2.4915630437  2.3796170769
F   -2.3543644535  2.9906102096  -1.6843989622
F   2.4910668587  1.9597611638  -2.3799882376
F   2.9912531030  2.3530454833  1.6841911408
momentum
-17.66408962034912  -4.866707153935231  -35.40111098234073
-26.211250938519804  18.27302323795033  14.225988703152677
0.8810488252289639  -4.949718883816102  31.55603100342478
13.165546726603907  18.985124483729585  -21.158652394617427
3.354981920912669  -6.390558413160029  67.70890145256978
9.039699821351517  -20.66433793477348  -44.268442683298886
-29.75454958793516  -41.394399573678726  -13.509941174294106
5.691104359860152  41.786870152920876  14.511508616490376
27.888982621408548  -9.432900094351375  -45.775564216822175
-6.36189645021012  -2.116964474753329  23.940964725384866
24.798160252076837  -11.99753858801952  32.48962518411763
-4.444517160105938  22.78130966767817  -24.507131077180993
