C   1.6294072120  1.2816543092  -0.1200477819
C   -1.2816644249  1.6292740242  0.1194412637
C   -1.6293358644  -1.2815399551  -0.1185485340
C   1.2816425151  -1.6294106658  0.1193679090
F   2.3524415838  -2.9922466572  -1.6844608239
F   1.9605019307  -2.4900173944  2.3795535333
F   -2.9920676161  -2.3537693239  1.6845133963
F   -2.4903673296  -1.9589316671  -2.3791690281
F   -1.9584970354  2.4915630437  2.3796170769
F   -2.3543644535  2.9906102096  -1.6843989622
F   2.4910668587  1.9597611638  -2.3799882376
F   2.9912531030  2.3530454833  1.6841911408
momentum
30.756479379063997  -13.706452672688247  -36.34373634529256
-56.680586601475206  -51.19578454876138  -24.83783846693835
9.430760496303328  -18.868836833906478  -61.29430420750664
0.6697176084102714  -4.393600999715283  -13.078136204902012
-20.358565459375946  16.614117528012297  48.12370115112196
0.9034033228713518  -5.251677993711396  -15.675975524900972
-16.99713706630644  74.27228866955556  2.9525614863047065
16.525563630191186  -60.157203110196996  10.615691197499752
-30.798982601255396  12.616818222700308  19.047943860431257
21.40099972783492  2.009091061600638  30.719680191659464
-43.659313658735925  56.13575727489601  22.4301361388518
88.6729944670536  -8.11041483749068  17.421246290353313
