C   1.6294072120  1.2816543092  -0.1200477819
C   -1.2816644249  1.6292740242  0.1194412637
C   -1.6293358644  -1.2815399551  -0.1185485340
C   1.2816425151  -1.6294106658  0.1193679090
F   2.3524415838  -2.9922466572  -1.6844608239
F   1.9605019307  -2.4900173944  2.3795535333
F   -2.9920676161  -2.3537693239  1.6845133963
F   -2.4903673296  -1.9589316671  -2.3791690281
F   -1.9584970354  2.4915630437  2.3796170769
F   -2.3543644535  2.9906102096  -1.6843989622
F   2.4910668587  1.9597611638  -2.3799882376
F   2.9912531030  2.3530454833  1.6841911408
momentum
-13.379906810238191  14.420584373870438  -10.139084503979024
1.7778424553603291  32.16785212668091  9.793044572335024
16.48181687155775  -6.941905594444766  0.953809509203148
12.273010302832088  3.748625003196494  12.734160770903433
-20.44886057370171  -10.331061575771214  -19.087504047855877
56.40666777277303  -13.768311665674368  -17.33543459423554
-14.609287386569635  2.334581316783926  24.402560977691287
-48.65635330943505  -30.36949713921399  -20.524662131505938
-59.749699205703706  63.57718590674322  -38.86645466447601
-42.42390289625647  -48.46430197528058  -8.570368136422609
49.52684818134825  46.52428515651288  4.176135258286931
62.9296912454941  -52.94030911869239  62.582305433779425
