C   1.6294072120  1.2816543092  -0.1200477819
C   -1.2816644249  1.6292740242  0.1194412637
C   -1.6293358644  -1.2815399551  -0.1185485340
C   1.2816425151  -1.6294106658  0.1193679090
F   2.3524415838  -2.9922466572  -1.6844608239
F   1.9605019307  -2.4900173944  2.3795535333
F   -2.9920676161  -2.3537693239  1.6845133963
F   -2.4903673296  -1.9589316671  -2.3791690281
F   -1.9584970354  2.4915630437  2.3796170769
F   -2.3543644535  2.9906102096  -1.6843989622
F   2.4910668587  1.9597611638  -2.3799882376
F   2.9912531030  2.3530454833  1.6841911408
momentum
-8.964063664024778  5.1936024508398  -25.283487645743666
-2.190761904546653  -11.430339217279466  12.448368931359386
-64.57529534998785  40.85390444840173  9.596947078693406
-30.569808810907762  -46.739043110356626  -1.927277421664968
2.928524316554353  3.6891962082138723  71.07025065732134
27.56073108597812  4.628579703688322  -0.9064137991543263
-1.4322026166239963  -30.614353336408264  -48.54690349227814
1.8735716557154896  -25.86714710054281  0.9659698255435082
3.1223670750959873  11.349832076857895  -5.166924901771881
14.174107188090622  -12.501756954072059  20.09488812249698
0.3783750315665374  66.79611338105163  -78.53078061470374
57.604701076427894  -5.639696934063417  46.16670694247391
