C   1.6294072120  1.2816543092  -0.1200477819
C   -1.2816644249  1.6292740242  0.1194412637
C   -1.6293358644  -1.2815399551  -0.1185485340
C   1.2816425151  -1.6294106658  0.1193679090
F   2.3524415838  -2.9922466572  -1.6844608239
F   1.9605019307  -2.4900173944  2.3795535333
F   -2.9920676161  -2.3537693239  1.6845133963
F   -2.4903673296  -1.9589316671  -2.3791690281
F   -1.9584970354  2.4915630437  2.3796170769
F   -2.3543644535  2.9906102096  -1.6843989622
F   2.4910668587  1.9597611638  -2.3799882376
F   2.9912531030  2.3530454833  1.6841911408
momentum
35.15710443358691  28.32968763345513  -21.459907202350465
-1.77983571098903  -5.886531162264333  -30.83581503692479
0.21932926148350274  -14.710469792827015  32.70503877079707
13.098182442765175  5.845431257756967  44.757455870698905
26.511888628456102  -38.11049990238475  8.555461004629457
-7.253199381416207  17.781413626727165  -51.53709899194034
34.36891801437992  9.332724063929955  4.428554094119372
-28.150695345334494  28.878405440530543  -33.34087323399177
14.397405529420714  10.513962678262414  29.627975669678747
-18.531615239419622  7.1052953925884035  -11.443859467064783
-12.276598019549061  -23.804598388158546  -17.372685640032433
-55.84611611913145  -25.26498822414192  45.972644219757036
