C   1.6294072120  1.2816543092  -0.1200477819
C   -1.2816644249  1.6292740242  0.1194412637
C   -1.6293358644  -1.2815399551  -0.1185485340
C   1.2816425151  -1.6294106658  0.1193679090
F   2.3524415838  -2.9922466572  -1.6844608239
F   1.9605019307  -2.4900173944  2.3795535333
F   -2.9920676161  -2.3537693239  1.6845133963
F   -2.4903673296  -1.9589316671  -2.3791690281
F   -1.9584970354  2.4915630437  2.3796170769
F   -2.3543644535  2.9906102096  -1.6843989622
F   2.4910668587  1.9597611638  -2.3799882376
F   2.9912531030  2.3530454833  1.6841911408
momentum
-31.353607433147367  45.961956741553614  31.45315024415903
-9.178330502430311  -35.29329603787141  -40.130082579257845
-5.432180129179973  -6.828108474634685  6.666152853004476
16.0514317599133  -14.442301088255533  -47.68722805220948
-1.0070601429921533  8.238938619380223  16.873735945284192
-7.230191713383825  15.815996287832828  -28.047426879006597
3.8928535809304012  12.704954530228228  9.433710855052478
23.856478086088924  15.870124213686523  -18.237339688137386
1.2373543846875712  16.309031981418585  34.799657440764896
15.474091150260358  -1.6081681519778508  27.837972693826195
-0.935289318733748  -76.92234697372854  19.965016246471915
-5.167148605003825  20.24069760565927  -12.95268568530944
