C   1.6294072120  1.2816543092  -0.1200477819
C   -1.2816644249  1.6292740242  0.1194412637
C   -1.6293358644  -1.2815399551  -0.1185485340
C   1.2816425151  -1.6294106658  0.1193679090
F   2.3524415838  -2.9922466572  -1.6844608239
F   1.9605019307  -2.4900173944  2.3795535333
F   -2.9920676161  -2.3537693239  1.6845133963
F   -2.4903673296  -1.9589316671  -2.3791690281
F   -1.9584970354  2.4915630437  2.3796170769
F   -2.3543644535  2.9906102096  -1.6843989622
F   2.4910668587  1.9597611638  -2.3799882376
F   2.9912531030  2.3530454833  1.6841911408
momentum
-6.240801904473848  43.00235212623944  0.7791512579999917
11.341627369094766  13.657760851219127  46.51378613959387
43.913019644200176  -73.7994865648147  8.277331976950377
-14.99488521760804  -16.780009592689744  5.3970968435619495
-17.72712728073125  10.55069824669039  -2.4635548246630603
25.27274938310783  11.00640539933265  -8.852547281969448
-15.077366348537497  42.516461130120575  -35.30341548572717
3.331372045815157  2.2909616813210807  -7.811412494685332
23.334010096644338  -5.787357343480276  -44.217919186004245
20.707284761129735  7.922735745883395  -2.637642203110387
-69.42677406373868  -37.81447848952383  41.101007479500296
-4.164648151687261  3.032092641670986  -0.7798108062496532
