C   1.6294072120  1.2816543092  -0.1200477819
C   -1.2816644249  1.6292740242  0.1194412637
C   -1.6293358644  -1.2815399551  -0.1185485340
C   1.2816425151  -1.6294106658  0.1193679090
F   2.3524415838  -2.9922466572  -1.6844608239
F   1.9605019307  -2.4900173944  2.3795535333
F   -2.9920676161  -2.3537693239  1.6845133963
F   -2.4903673296  -1.9589316671  -2.3791690281
F   -1.9584970354  2.4915630437  2.3796170769
F   -2.3543644535  2.9906102096  -1.6843989622
F   2.4910668587  1.9597611638  -2.3799882376
F   2.9912531030  2.3530454833  1.6841911408
momentum
6.4104509981116085  8.161949416037222  -4.41211304627868
-31.45869999845851  36.88233609690938  61.187662528590266
11.992603701163441  -28.77710019367806  4.855434084710985
-17.535529629811386  -10.850504421584395  -20.211624393757035
14.758351491837411  -27.295367380331346  -21.074337976579052
9.732490715967618  30.995716376964417  -12.395978842946608
15.597354936281645  -5.976095675627483  3.8987780922974298
-13.407026367315135  26.61562488919737  3.1231079914859787
-19.4474339072211  8.003552018413947  40.007394684169846
-24.182888047215638  -8.746171752521743  -95.14187098551797
19.41674728512664  -16.236091721244026  18.359082273915387
27.900370710893913  -12.89226075622749  21.866136586743234
