C   1.6294072120  1.2816543092  -0.1200477819
C   -1.2816644249  1.6292740242  0.1194412637
C   -1.6293358644  -1.2815399551  -0.1185485340
C   1.2816425151  -1.6294106658  0.1193679090
F   2.3524415838  -2.9922466572  -1.6844608239
F   1.9605019307  -2.4900173944  2.3795535333
F   -2.9920676161  -2.3537693239  1.6845133963
F   -2.4903673296  -1.9589316671  -2.3791690281
F   -1.9584970354  2.4915630437  2.3796170769
F   -2.3543644535  2.9906102096  -1.6843989622
F   2.4910668587  1.9597611638  -2.3799882376
F   2.9912531030  2.3530454833  1.6841911408
momentum
6.485486793788109  6.544974528634586  9.164075990149033
-5.861182763737856  -27.05831260670182  -32.67459860796644
36.51034564149039  -7.6814517091709185  25.925973000278677
4.089586134175171  1.9685274232543661  31.64480194743316
18.254431704031706  -0.5878283866946871  -26.803314217639766
-24.985872794299944  -49.07293772266318  -41.17213728332183
-31.2390333067195  15.658616226585533  -18.09069279151783
7.691697575221087  30.993566218937477  31.3552203959141
40.19184324734126  29.42121087986726  -0.9713928327144313
-6.197419974525425  -36.477163292964015  21.20925882991932
3.876838999553511  -19.284451783396463  -14.321929256546595
-48.7851730998094  55.64593212692688  14.799020765487137
