C   1.6294072120  1.2816543092  -0.1200477819
C   -1.2816644249  1.6292740242  0.1194412637
C   -1.6293358644  -1.2815399551  -0.1185485340
C   1.2816425151  -1.6294106658  0.1193679090
F   2.3524415838  -2.9922466572  -1.6844608239
F   1.9605019307  -2.4900173944  2.3795535333
F   -2.9920676161  -2.3537693239  1.6845133963
F   -2.4903673296  -1.9589316671  -2.3791690281
F   -1.9584970354  2.4915630437  2.3796170769
F   -2.3543644535  2.9906102096  -1.6843989622
F   2.4910668587  1.9597611638  -2.3799882376
F   2.9912531030  2.3530454833  1.6841911408
momentum
-27.30184587756557  -1.6466362672716401  11.09532003314724
10.681199410337605  42.08907427047319  0.3143386758722485
-41.61603379820285  45.51406974958092  4.251872950999068
47.43905942755918  29.403662726121198  -11.087966036880008
12.223584308335527  -3.4859146961102225  -33.67464250432525
-21.37410889405423  -18.67716920842616  19.579842291884958
20.70502121362056  33.59537950041515  22.68561023532021
9.423285673325955  -26.652273922981543  -23.847287036333096
18.34723391971956  -46.61376746354969  -5.644478398455257
9.849159214736984  -26.97091072903028  -28.05012896032336
-47.71122404485218  -16.97978106015313  91.123917528142
9.416193824749904  -9.51005215885885  -46.495574009769626
