C   1.6294072120  1.2816543092  -0.1200477819
C   -1.2816644249  1.6292740242  0.1194412637
C   -1.6293358644  -1.2815399551  -0.1185485340
C   1.2816425151  -1.6294106658  0.1193679090
F   2.3524415838  -2.9922466572  -1.6844608239
F   1.9605019307  -2.4900173944  2.3795535333
F   -2.9920676161  -2.3537693239  1.6845133963
F   -2.4903673296  -1.9589316671  -2.3791690281
F   -1.9584970354  2.4915630437  2.3796170769
F   -2.3543644535  2.9906102096  -1.6843989622
F   2.4910668587  1.9597611638  -2.3799882376
F   2.9912531030  2.3530454833  1.6841911408
momentum
-7.375001917142313  -31.209283342135343  22.450855002510384
48.84811724178943  18.15553688433704  -23.108638270593072
31.653970912421844  6.089955415178664  8.446938141919233
1.3181562188031566  -0.23252851072670522  -36.48668530639255
14.434726323192464  53.12000915689865  24.228230488258067
-10.425557552251595  -3.0289209737532117  -35.05979697583054
11.875773187244826  -4.482782725784062  -12.793752159544887
-15.32548698572461  -16.098189459962  43.05149284202522
-9.626665169776512  18.407385187611684  -16.018679861105444
31.880595592206845  13.187754173220778  3.7450351623062446
-56.242414282327566  -34.743810123507856  28.139952658617457
-40.8880165039745  -19.058248443901228  -6.475623217226203
