C   1.6294072120  1.2816543092  -0.1200477819
C   -1.2816644249  1.6292740242  0.1194412637
C   -1.6293358644  -1.2815399551  -0.1185485340
C   1.2816425151  -1.6294106658  0.1193679090
F   2.3524415838  -2.9922466572  -1.6844608239
F   1.9605019307  -2.4900173944  2.3795535333
F   -2.9920676161  -2.3537693239  1.6845133963
F   -2.4903673296  -1.9589316671  -2.3791690281
F   -1.9584970354  2.4915630437  2.3796170769
F   -2.3543644535  2.9906102096  -1.6843989622
F   2.4910668587  1.9597611638  -2.3799882376
F   2.9912531030  2.3530454833  1.6841911408
momentum
29.770362662198938  -13.002403341744525  -24.943128945891466
10.86620447862015  11.945138104276682  14.465516482627944
10.274409181268329  9.129054012185652  28.452126451424284
0.1057838474443885  -35.18741602571114  54.37780489786715
-18.567542327546683  -0.38429537924209933  15.683166210558865
39.71226680432369  12.51256258875366  -31.81715636171729
21.741787728522606  59.461613909520885  -45.14628530784248
-1.7732389801100872  -22.143467395495048  -11.187075303393788
-16.372312954626306  -20.579214105210514  6.402786691050413
14.021825921488904  13.171205502106714  -13.496001568566754
-47.402864686796285  16.449178279973523  3.8797895656529002
-42.6253373519614  -31.38073172774975  3.346675878750728
