C   1.6294072120  1.2816543092  -0.1200477819
C   -1.2816644249  1.6292740242  0.1194412637
C   -1.6293358644  -1.2815399551  -0.1185485340
C   1.2816425151  -1.6294106658  0.1193679090
F   2.3524415838  -2.9922466572  -1.6844608239
F   1.9605019307  -2.4900173944  2.3795535333
F   -2.9920676161  -2.3537693239  1.6845133963
F   -2.4903673296  -1.9589316671  -2.3791690281
F   -1.9584970354  2.4915630437  2.3796170769
F   -2.3543644535  2.9906102096  -1.6843989622
F   2.4910668587  1.9597611638  -2.3799882376
F   2.9912531030  2.3530454833  1.6841911408
momentum
-3.6288165147611484  -65.82222628299856  -10.549416136857182
-52.61760152952343  13.852090398710127  -4.392925095299698
14.918967355335578  51.2605658861444  11.807576359115673
13.384432301037318  -9.532663085525195  -2.704690424474291
-23.234683573356552  22.44128683426377  22.371637054674373
7.446193957874366  10.306285605206119  0.23574699005611482
42.625710633600086  65.87692718556437  -48.06222817885021
-6.361392833202616  -41.27439791411199  -30.080341941805482
-60.71294174575522  -11.54485265767796  16.11848308828402
2.9575095431616507  -28.1093228543624  64.11370353726919
17.689623119586695  -18.53636866139125  -52.86734094469363
47.03528731426619  11.225683848319166  34.097992994653914
