C   1.6294072120  1.2816543092  -0.1200477819
C   -1.2816644249  1.6292740242  0.1194412637
C   -1.6293358644  -1.2815399551  -0.1185485340
C   1.2816425151  -1.6294106658  0.1193679090
F   2.3524415838  -2.9922466572  -1.6844608239
F   1.9605019307  -2.4900173944  2.3795535333
F   -2.9920676161  -2.3537693239  1.6845133963
F   -2.4903673296  -1.9589316671  -2.3791690281
F   -1.9584970354  2.4915630437  2.3796170769
F   -2.3543644535  2.9906102096  -1.6843989622
F   2.4910668587  1.9597611638  -2.3799882376
F   2.9912531030  2.3530454833  1.6841911408
momentum
-1.0795017365756179  5.776218728019644  24.578884582406456
-10.633347044845154  24.109214500348013  12.888916106985757
21.89077787673019  50.25971188781959  -32.97021750435691
-0.8834873119560616  8.353744934694026  -15.94356467638867
-7.252201961094947  -7.648779905892022  17.874665566626255
-7.949704335201054  -5.753072309909853  -46.86488561952911
-35.03227043010539  35.289651011935625  29.482682420265128
15.910897519093053  -33.57016077650758  -14.091448650776671
-18.35173890556872  -5.6171606325786785  4.834100161806459
5.274406488596108  -84.73206624842855  34.295615348477604
18.04502292149533  13.911291502155622  -18.941193562908033
20.084933400969888  -0.5636544203820669  4.915751331347721
