C   1.6294072120  1.2816543092  -0.1200477819
C   -1.2816644249  1.6292740242  0.1194412637
C   -1.6293358644  -1.2815399551  -0.1185485340
C   1.2816425151  -1.6294106658  0.1193679090
F   2.3524415838  -2.9922466572  -1.6844608239
F   1.9605019307  -2.4900173944  2.3795535333
F   -2.9920676161  -2.3537693239  1.6845133963
F   -2.4903673296  -1.9589316671  -2.3791690281
F   -1.9584970354  2.4915630437  2.3796170769
F   -2.3543644535  2.9906102096  -1.6843989622
F   2.4910668587  1.9597611638  -2.3799882376
F   2.9912531030  2.3530454833  1.6841911408
momentum
44.42766041350131  0.9031620272084397  -7.231053266692602
-45.12437030026719  39.845518934282815  -14.41522259157272
2.3638719829563626  -17.41568553436363  2.5581848060449377
8.272575752281778  1.3685299182607857  63.040037851383005
-47.44010441342267  54.97415818137705  54.352166809527894
12.312446219517435  -63.95634896633688  -9.577076972749802
-9.381741113615165  2.0381523080536863  -24.994276198685224
-8.960010028301962  -15.072731217349547  -32.01744015800656
66.38027777049467  7.30374647067087  -28.740547284216163
-11.018676240360966  -51.813233104090244  24.09744955724569
-0.459595356683593  48.39206525799306  2.480317625851865
-11.155797550667868  -6.743893358030692  -29.640965641163366
