C   1.6294072120  1.2816543092  -0.1200477819
C   -1.2816644249  1.6292740242  0.1194412637
C   -1.6293358644  -1.2815399551  -0.1185485340
C   1.2816425151  -1.6294106658  0.1193679090
F   2.3524415838  -2.9922466572  -1.6844608239
F   1.9605019307  -2.4900173944  2.3795535333
F   -2.9920676161  -2.3537693239  1.6845133963
F   -2.4903673296  -1.9589316671  -2.3791690281
F   -1.9584970354  2.4915630437  2.3796170769
F   -2.3543644535  2.9906102096  -1.6843989622
F   2.4910668587  1.9597611638  -2.3799882376
F   2.9912531030  2.3530454833  1.6841911408
momentum
24.817331747914515  -31.63773145995369  22.86064859423221
-3.7021898043263572  -17.477552393265036  -4.968139159392265
-13.058172047922197  -2.7313878263655704  13.809635279070234
10.785824793091706  4.535167912703107  5.212077685423092
-29.499295438943452  43.78951644722038  21.723001498775027
22.111106203593387  -30.550400566859324  29.969959209736338
7.396249148464196  37.629611725367994  -37.239880833382045
0.14146867080389386  4.19667754488097  -0.10529034414046942
9.431125724516034  -10.696924946063385  6.91667349457603
25.281268932080042  -22.222186116497543  -22.454855205146856
-44.288981759193426  38.05576295554434  -1.808518576874813
-9.57093609539761  -12.70664546925348  -33.94571893555457
