C   1.6294072120  1.2816543092  -0.1200477819
C   -1.2816644249  1.6292740242  0.1194412637
C   -1.6293358644  -1.2815399551  -0.1185485340
C   1.2816425151  -1.6294106658  0.1193679090
F   2.3524415838  -2.9922466572  -1.6844608239
F   1.9605019307  -2.4900173944  2.3795535333
F   -2.9920676161  -2.3537693239  1.6845133963
F   -2.4903673296  -1.9589316671  -2.3791690281
F   -1.9584970354  2.4915630437  2.3796170769
F   -2.3543644535  2.9906102096  -1.6843989622
F   2.4910668587  1.9597611638  -2.3799882376
F   2.9912531030  2.3530454833  1.6841911408
momentum
-14.26956869320676  39.95541825428546  -4.851322836669882
29.702941189131828  -10.536846043704442  -2.5563638303025753
44.45095637807914  4.3776434460215  10.169785417927784
10.732638111547386  3.201152203862361  8.13283145337968
33.990042420782906  23.905407178310664  20.11494276805594
-22.21768255354658  -8.070636292525965  9.776616257213378
-45.806568592215264  24.575198142547542  -10.970839478607434
-17.98729980816068  -23.25902749557988  -37.74726657361082
50.535059069146264  -15.01381188525006  -58.71913345136068
-20.167016808302556  -1.2960849448411882  56.312720435058
-62.4319011630585  -19.801739423559823  27.356154518782173
14.058615462676963  -18.194105326520145  -16.87704076281965
