C   1.6294072120  1.2816543092  -0.1200477819
C   -1.2816644249  1.6292740242  0.1194412637
C   -1.6293358644  -1.2815399551  -0.1185485340
C   1.2816425151  -1.6294106658  0.1193679090
F   2.3524415838  -2.9922466572  -1.6844608239
F   1.9605019307  -2.4900173944  2.3795535333
F   -2.9920676161  -2.3537693239  1.6845133963
F   -2.4903673296  -1.9589316671  -2.3791690281
F   -1.9584970354  2.4915630437  2.3796170769
F   -2.3543644535  2.9906102096  -1.6843989622
F   2.4910668587  1.9597611638  -2.3799882376
F   2.9912531030  2.3530454833  1.6841911408
momentum
-0.28188725200510506  -29.049439325583275  5.182554536198862
-5.79619242789853  -28.926616205207573  31.75451074503386
0.9118749417633198  -8.494499133362877  23.207197689676978
55.13829513198157  13.521976706156629  1.2174504443741436
37.52392615550414  -6.010316846164116  -20.78513141960206
3.9752666882139005  -1.0320579080427577  -31.035341122707955
-45.808665922406334  28.927381116078976  11.738855857161802
-18.89597400645816  0.3779875186721366  10.480549240923779
9.321156492285581  -2.5158645061632305  -20.89129273114184
-18.826990097433445  31.812561953372303  -43.65622127341878
-11.512352750531326  -0.5341074038171413  23.081966711483304
-5.706375960976182  2.1084383335791688  9.746816346550299
