C   1.6294072120  1.2816543092  -0.1200477819
C   -1.2816644249  1.6292740242  0.1194412637
C   -1.6293358644  -1.2815399551  -0.1185485340
C   1.2816425151  -1.6294106658  0.1193679090
F   2.3524415838  -2.9922466572  -1.6844608239
F   1.9605019307  -2.4900173944  2.3795535333
F   -2.9920676161  -2.3537693239  1.6845133963
F   -2.4903673296  -1.9589316671  -2.3791690281
F   -1.9584970354  2.4915630437  2.3796170769
F   -2.3543644535  2.9906102096  -1.6843989622
F   2.4910668587  1.9597611638  -2.3799882376
F   2.9912531030  2.3530454833  1.6841911408
momentum
-38.26043244579176  14.517008368030467  -3.2283570776831674
23.63597998402792  7.844767026195682  -20.831950365219264
-55.54100431633061  -17.813560292678304  19.254881770872178
-24.239519700348595  21.5869747329463  -26.046287377123104
-4.110555557613159  -36.722954796978755  -19.450184660014518
43.414803132249645  6.997655214430443  11.561157019584586
29.8375474252116  22.048150972586047  12.897347122700275
-24.294936519216346  10.461919558671347  -21.37999833571801
-18.895558785806234  -9.190124945313983  18.92293707959084
35.929916454663896  -49.09982753066132  -30.063955359863805
11.034031867009043  26.41069039749165  45.75828492557795
21.564998030077696  3.020289055952709  12.774530057567382
