C   1.6294072120  1.2816543092  -0.1200477819
C   -1.2816644249  1.6292740242  0.1194412637
C   -1.6293358644  -1.2815399551  -0.1185485340
C   1.2816425151  -1.6294106658  0.1193679090
F   2.3524415838  -2.9922466572  -1.6844608239
F   1.9605019307  -2.4900173944  2.3795535333
F   -2.9920676161  -2.3537693239  1.6845133963
F   -2.4903673296  -1.9589316671  -2.3791690281
F   -1.9584970354  2.4915630437  2.3796170769
F   -2.3543644535  2.9906102096  -1.6843989622
F   2.4910668587  1.9597611638  -2.3799882376
F   2.9912531030  2.3530454833  1.6841911408
momentum
6.766787599449819  -9.189809740057008  16.789312178708887
-23.355113617544475  47.12982585192142  -16.93397370231049
-25.656044016800113  11.106612691346703  -15.87578313090412
-13.640951478489432  -1.1335699136533748  12.318404850232975
6.308585368226727  -30.858755531453316  -26.044994116328606
24.245846787910097  2.2529441099260024  32.058674741052684
-3.632412058580149  -29.576370413853933  26.93558674879562
-19.59556855879671  -33.82164666154592  -24.960893973571782
58.64320108899198  -4.8233348803722285  22.731066534428866
8.050170176607468  6.473805539316334  -19.759670822488864
29.38142590291465  43.58007280953228  -15.857660693302192
-47.562471826240326  -1.2931123940147715  8.549992827646046
