C   1.6294072120  1.2816543092  -0.1200477819
C   -1.2816644249  1.6292740242  0.1194412637
C   -1.6293358644  -1.2815399551  -0.1185485340
C   1.2816425151  -1.6294106658  0.1193679090
F   2.3524415838  -2.9922466572  -1.6844608239
F   1.9605019307  -2.4900173944  2.3795535333
F   -2.9920676161  -2.3537693239  1.6845133963
F   -2.4903673296  -1.9589316671  -2.3791690281
F   -1.9584970354  2.4915630437  2.3796170769
F   -2.3543644535  2.9906102096  -1.6843989622
F   2.4910668587  1.9597611638  -2.3799882376
F   2.9912531030  2.3530454833  1.6841911408
momentum
-70.21968843935963  -3.9900928498268025  15.149580336778866
-21.073599629563326  -28.496659590542272  22.391164423405534
22.484071032157335  -33.212245544289054  -25.8871174587981
4.039152762117178  -10.397294025484701  23.325835595363262
17.00501147219306  -1.0831835444207172  -2.1136685158020527
7.474669913017785  -27.949626001023148  32.37005682854162
57.43079652307586  18.029643581314506  -24.349966973769416
-70.48324066065237  -1.6384350290542489  -54.94170658136536
-17.82924405779365  60.292651314494606  17.45463516447112
22.941749665091333  5.767175551392332  15.71288446487337
14.095816750153903  -9.72501307354614  14.091905321037686
34.25719752135927  32.78115470720645  -33.33631058150925
