C   1.6294072120  1.2816543092  -0.1200477819
C   -1.2816644249  1.6292740242  0.1194412637
C   -1.6293358644  -1.2815399551  -0.1185485340
C   1.2816425151  -1.6294106658  0.1193679090
F   2.3524415838  -2.9922466572  -1.6844608239
F   1.9605019307  -2.4900173944  2.3795535333
F   -2.9920676161  -2.3537693239  1.6845133963
F   -2.4903673296  -1.9589316671  -2.3791690281
F   -1.9584970354  2.4915630437  2.3796170769
F   -2.3543644535  2.9906102096  -1.6843989622
F   2.4910668587  1.9597611638  -2.3799882376
F   2.9912531030  2.3530454833  1.6841911408
momentum
-35.475007012302434  -10.702459663750037  -10.375124504397759
22.067486206184793  -19.34914873027362  -20.622369364541893
48.00465247982665  38.890927585871694  -41.79514407017078
41.27376510722767  -9.591318161856387  33.159277860004714
2.784523891812532  -11.859261026907804  68.82975259443432
8.488284571187238  -0.3550817219339981  -41.27117363496565
2.8205496993708414  13.50679572804466  7.00591419896061
-24.077224899677507  10.905777935850558  -13.209914136538595
-51.685647678896245  2.7589119587011144  54.03190502746494
-15.394058888293081  15.503417564484707  0.8433011116991828
-8.829724421160957  1.9931789728313085  -56.549116696526525
9.921652316908997  -31.491428966434306  19.88116873618083
