C   1.6294072120  1.2816543092  -0.1200477819
C   -1.2816644249  1.6292740242  0.1194412637
C   -1.6293358644  -1.2815399551  -0.1185485340
C   1.2816425151  -1.6294106658  0.1193679090
F   2.3524415838  -2.9922466572  -1.6844608239
F   1.9605019307  -2.4900173944  2.3795535333
F   -2.9920676161  -2.3537693239  1.6845133963
F   -2.4903673296  -1.9589316671  -2.3791690281
F   -1.9584970354  2.4915630437  2.3796170769
F   -2.3543644535  2.9906102096  -1.6843989622
F   2.4910668587  1.9597611638  -2.3799882376
F   2.9912531030  2.3530454833  1.6841911408
momentum
-2.1587001003015605  25.34277999367014  -2.2328721588957205
-4.978113507689243  -27.236188858540466  11.452869361632887
32.8103861251523  -22.07243959819994  -5.443174112090208
32.71024428772051  -4.91031539236222  10.745116091359499
37.74390232910915  -55.870444247997874  -21.33003920322798
-25.46764925177764  30.341261258652658  -28.565594391131956
-62.0219681201633  -23.908462846760266  -15.53606247128986
33.75675435119733  44.6311153301688  60.47908759693135
8.427446174946576  43.398808258894626  45.715587206751046
-38.28217771230017  16.66483111639672  -19.661464841166143
24.724410692691762  2.211050654843496  -19.679211686019872
-37.45934955625772  -28.370465428499774  -16.18737179445174
