C   1.6294072120  1.2816543092  -0.1200477819
C   -1.2816644249  1.6292740242  0.1194412637
C   -1.6293358644  -1.2815399551  -0.1185485340
C   1.2816425151  -1.6294106658  0.1193679090
F   2.3524415838  -2.9922466572  -1.6844608239
F   1.9605019307  -2.4900173944  2.3795535333
F   -2.9920676161  -2.3537693239  1.6845133963
F   -2.4903673296  -1.9589316671  -2.3791690281
F   -1.9584970354  2.4915630437  2.3796170769
F   -2.3543644535  2.9906102096  -1.6843989622
F   2.4910668587  1.9597611638  -2.3799882376
F   2.9912531030  2.3530454833  1.6841911408
momentum
38.755736715202545  50.3745057724988  -32.80294584103965
30.770827903472  24.129549860269332  11.994166474611289
3.6774120096068224  47.66342783457544  -25.15208927185706
3.5564213657478994  -13.638763520755253  8.261409554891646
21.836363720539037  31.233758956147216  73.6152169181026
-24.496337958734458  -43.44664774578333  -21.627734788006137
-25.634289681296423  0.4710645032148072  17.739875687161163
-34.91755228907411  -19.9227041451426  -25.26228562667885
-51.659352801324516  -68.32508458219893  53.55860055753149
50.742217688259394  -18.54836155962631  23.0753297809368
-5.244436808157805  -22.672704438463132  -42.423329825073985
-7.2000875971401275  32.48261847375688  -41.10864248619442
