C   1.6294072120  1.2816543092  -0.1200477819
C   -1.2816644249  1.6292740242  0.1194412637
C   -1.6293358644  -1.2815399551  -0.1185485340
C   1.2816425151  -1.6294106658  0.1193679090
F   2.3524415838  -2.9922466572  -1.6844608239
F   1.9605019307  -2.4900173944  2.3795535333
F   -2.9920676161  -2.3537693239  1.6845133963
F   -2.4903673296  -1.9589316671  -2.3791690281
F   -1.9584970354  2.4915630437  2.3796170769
F   -2.3543644535  2.9906102096  -1.6843989622
F   2.4910668587  1.9597611638  -2.3799882376
F   2.9912531030  2.3530454833  1.6841911408
momentum
-14.105404083226304  -16.785008637654435  -8.676428522018588
-9.798430293891407  -24.93318969768239  -27.502707234091492
-16.99748501064445  35.35799137102695  14.901834659373057
-43.92523764084946  6.026639476316437  6.277957932690687
46.18090654027892  14.51660925734315  -18.62071755715143
24.62282861739136  19.6085071488265  36.602034198003196
-46.925599551004076  -38.708514541446554  47.61680154215521
-4.876357715489301  13.533393192115751  -59.51722542644535
76.63340116226405  -5.0801897073141165  42.289799272195516
-22.906826636934266  -2.907277016609408  -34.91033306733009
27.60650767582409  6.025187626383477  4.654923681278712
-15.177675504661174  -6.879368838062522  -2.9396080347949454
