C   1.6294072120  1.2816543092  -0.1200477819
C   -1.2816644249  1.6292740242  0.1194412637
C   -1.6293358644  -1.2815399551  -0.1185485340
C   1.2816425151  -1.6294106658  0.1193679090
F   2.3524415838  -2.9922466572  -1.6844608239
F   1.9605019307  -2.4900173944  2.3795535333
F   -2.9920676161  -2.3537693239  1.6845133963
F   -2.4903673296  -1.9589316671  -2.3791690281
F   -1.9584970354  2.4915630437  2.3796170769
F   -2.3543644535  2.9906102096  -1.6843989622
F   2.4910668587  1.9597611638  -2.3799882376
F   2.9912531030  2.3530454833  1.6841911408
momentum
30.883270680435338  -42.131501808522856  16.503672222678514
-13.204921079093525  -33.68103743050206  2.3525810948103305
-21.078167222812297  -34.47369907361377  45.04300962853682
5.39002921982037  23.762312117301516  10.0629058665257
38.23722997540841  -6.60426185574104  -26.92016332566906
17.06663078396262  28.939403274934055  20.892613826860682
-46.4793739194733  6.58943495767692  -55.10160269737353
-47.24671283187065  8.179418072710016  13.76477450049893
55.35674643819757  0.7351443781511415  -27.183858093071088
-8.484909697298841  5.665534577988542  10.975488932640982
11.541863879918168  25.777911841155433  -42.379201340894795
-22.038034911578688  17.436031314711396  32.09210465762865
