C   1.6294072120  1.2816543092  -0.1200477819
C   -1.2816644249  1.6292740242  0.1194412637
C   -1.6293358644  -1.2815399551  -0.1185485340
C   1.2816425151  -1.6294106658  0.1193679090
F   2.3524415838  -2.9922466572  -1.6844608239
F   1.9605019307  -2.4900173944  2.3795535333
F   -2.9920676161  -2.3537693239  1.6845133963
F   -2.4903673296  -1.9589316671  -2.3791690281
F   -1.9584970354  2.4915630437  2.3796170769
F   -2.3543644535  2.9906102096  -1.6843989622
F   2.4910668587  1.9597611638  -2.3799882376
F   2.9912531030  2.3530454833  1.6841911408
momentum
31.526221467291805  -33.63254403761356  44.024058578347976
-20.261533117046888  2.858975257710231  -25.800712123871897
-25.3052325857507  22.038862565858796  33.66591980137827
-27.138954552896738  -7.532364470828732  -43.54485293859684
14.334220830530292  -28.074874314956833  55.512619591211184
7.467213092151319  -4.596131258062612  -28.5531259082201
41.28050543015831  11.84247325057747  -22.952751065696358
2.623434713445779  -9.107823152806668  -15.542135742594596
-32.26011066303635  2.609057022696233  39.35253153578695
8.182477974228643  7.684068833864406  -26.606049046650693
-43.7395402819606  25.287096128027905  -5.581923333442174
43.08532141922086  10.655908309898155  -3.676567782012286
