C   1.6294072120  1.2816543092  -0.1200477819
C   -1.2816644249  1.6292740242  0.1194412637
C   -1.6293358644  -1.2815399551  -0.1185485340
C   1.2816425151  -1.6294106658  0.1193679090
F   2.3524415838  -2.9922466572  -1.6844608239
F   1.9605019307  -2.4900173944  2.3795535333
F   -2.9920676161  -2.3537693239  1.6845133963
F   -2.4903673296  -1.9589316671  -2.3791690281
F   -1.9584970354  2.4915630437  2.3796170769
F   -2.3543644535  2.9906102096  -1.6843989622
F   2.4910668587  1.9597611638  -2.3799882376
F   2.9912531030  2.3530454833  1.6841911408
momentum
13.205428784286212  15.860939172862976  15.144878187537845
17.357267350299367  -43.817115528003626  10.240688969528872
8.531817035538946  48.89534914699968  -38.529139570222426
-26.748822763718348  -100.53357662485325  7.495039156549779
-58.10353465475334  10.552614733077545  -36.369784559273945
-9.139344540623958  35.2725790011428  -23.681337991600103
58.727000242731116  -22.366255253550825  25.756394485129285
-13.167196373134013  -1.7898816819253924  23.48796611843376
26.053289826553478  36.43810080998597  0.5518766546879645
1.3175804898601073  -32.066450846822214  -68.8867583124156
5.622295111589985  31.273403562464804  46.85391596646265
-23.931572220855386  22.12209194384345  38.10718297031441
