C   1.6294072120  1.2816543092  -0.1200477819
C   -1.2816644249  1.6292740242  0.1194412637
C   -1.6293358644  -1.2815399551  -0.1185485340
C   1.2816425151  -1.6294106658  0.1193679090
F   2.3524415838  -2.9922466572  -1.6844608239
F   1.9605019307  -2.4900173944  2.3795535333
F   -2.9920676161  -2.3537693239  1.6845133963
F   -2.4903673296  -1.9589316671  -2.3791690281
F   -1.9584970354  2.4915630437  2.3796170769
F   -2.3543644535  2.9906102096  -1.6843989622
F   2.4910668587  1.9597611638  -2.3799882376
F   2.9912531030  2.3530454833  1.6841911408
momentum
1.5699197086119234  -0.28945447109080125  -42.00364555857909
24.643198038666696  9.456103725429669  13.6887876846009
-4.035033079068498  1.5603981720801217  8.231242681773628
-52.04247695903447  2.7815617709665803  15.64501911844356
11.845011785389897  30.600363599891764  -2.3119597582653237
34.55907371624409  -13.081100247561452  -28.77062279421658
-23.02981110704904  36.05837220169938  35.00623167546482
1.1915177547033116  -3.222937193637025  -24.681885932963993
-35.48897299249632  -32.56070977162235  -6.417892146452514
-24.64788941250351  -26.192864125774076  -26.256908411599614
10.23194988741516  -14.415272088654694  40.42518509553649
55.546382846799084  8.978224997200838  17.804640966840374
