C   1.6294072120  1.2816543092  -0.1200477819
C   -1.2816644249  1.6292740242  0.1194412637
C   -1.6293358644  -1.2815399551  -0.1185485340
C   1.2816425151  -1.6294106658  0.1193679090
F   2.3524415838  -2.9922466572  -1.6844608239
F   1.9605019307  -2.4900173944  2.3795535333
F   -2.9920676161  -2.3537693239  1.6845133963
F   -2.4903673296  -1.9589316671  -2.3791690281
F   -1.9584970354  2.4915630437  2.3796170769
F   -2.3543644535  2.9906102096  -1.6843989622
F   2.4910668587  1.9597611638  -2.3799882376
F   2.9912531030  2.3530454833  1.6841911408
momentum
-16.307775927734337  19.60564976428457  30.932468710927708
-18.268481147408963  1.3287247505562545  -1.5302787401016262
10.807109962958565  -13.582394668755496  -16.943217566576276
5.546025609358181  -16.40117790089219  17.428630787751814
-1.7431693514872324  -19.448560822434672  -13.755468678605538
22.70000534548793  -14.077953756032773  -18.62612581807234
-16.49825733616802  13.255632504177534  29.229050081012495
27.440119231773707  20.274968436867777  -34.13245396162368
23.555739205617506  34.74796260235894  27.39720439456359
-27.732747309940788  -15.151893554868236  -20.684135008833373
5.955899200875008  -15.145788270957055  4.218429869688597
-15.372029528918794  4.542256343175632  -3.5535295747490783
