C   1.6294072120  1.2816543092  -0.1200477819
C   -1.2816644249  1.6292740242  0.1194412637
C   -1.6293358644  -1.2815399551  -0.1185485340
C   1.2816425151  -1.6294106658  0.1193679090
F   2.3524415838  -2.9922466572  -1.6844608239
F   1.9605019307  -2.4900173944  2.3795535333
F   -2.9920676161  -2.3537693239  1.6845133963
F   -2.4903673296  -1.9589316671  -2.3791690281
F   -1.9584970354  2.4915630437  2.3796170769
F   -2.3543644535  2.9906102096  -1.6843989622
F   2.4910668587  1.9597611638  -2.3799882376
F   2.9912531030  2.3530454833  1.6841911408
momentum
-19.141558215549097  -9.424579209906046  -23.430612166417795
9.433822904390954  -36.1228627350175  13.223108187480888
1.174019031852511  -10.301670648471273  -25.872245214695706
25.741825930624998  -8.161221680857826  -24.20155301418301
11.877765473808845  43.37929300596889  12.232968218287859
-35.91609246816177  -3.610939032611625  55.18571152815111
6.399819742572542  -26.713715656877746  23.80743994098654
-38.44650662096831  -4.495706254361531  -9.115322491282582
27.683030865366486  6.7791894996087265  -17.784114036910843
33.020279203568066  31.57871129011982  15.608749789222582
-0.43688671412247937  16.946862647573937  7.9101550942750425
-21.282563979124195  0.3228807019580185  -27.92687334800939
