C   1.6294072120  1.2816543092  -0.1200477819
C   -1.2816644249  1.6292740242  0.1194412637
C   -1.6293358644  -1.2815399551  -0.1185485340
C   1.2816425151  -1.6294106658  0.1193679090
F   2.3524415838  -2.9922466572  -1.6844608239
F   1.9605019307  -2.4900173944  2.3795535333
F   -2.9920676161  -2.3537693239  1.6845133963
F   -2.4903673296  -1.9589316671  -2.3791690281
F   -1.9584970354  2.4915630437  2.3796170769
F   -2.3543644535  2.9906102096  -1.6843989622
F   2.4910668587  1.9597611638  -2.3799882376
F   2.9912531030  2.3530454833  1.6841911408
momentum
-19.64786451365251  -54.34896972555378  42.66889561542777
-30.61980831628492  -8.43472091305569  -1.133380764880063
-17.213943673726096  -0.7174233312502362  20.204949546886795
23.87793151105085  21.27350619241493  -9.182329176487974
11.08060920156156  14.846194476517006  -5.2083883656280054
32.90743682105122  53.52062409597441  -15.865685897922805
-47.9153273817939  -34.50123320760954  28.856170584121806
5.688846202595281  -21.856701240706784  -31.345895106879162
-3.7848889292962635  33.183422627094785  18.720066493601365
48.209334935420394  28.03301834876515  -4.2163969044505745
9.267974080937313  11.415997467971406  -38.920480035560516
-11.91393626539541  -42.32470222040719  -4.680333797952547
