C   1.6294072120  1.2816543092  -0.1200477819
C   -1.2816644249  1.6292740242  0.1194412637
C   -1.6293358644  -1.2815399551  -0.1185485340
C   1.2816425151  -1.6294106658  0.1193679090
F   2.3524415838  -2.9922466572  -1.6844608239
F   1.9605019307  -2.4900173944  2.3795535333
F   -2.9920676161  -2.3537693239  1.6845133963
F   -2.4903673296  -1.9589316671  -2.3791690281
F   -1.9584970354  2.4915630437  2.3796170769
F   -2.3543644535  2.9906102096  -1.6843989622
F   2.4910668587  1.9597611638  -2.3799882376
F   2.9912531030  2.3530454833  1.6841911408
momentum
-2.399215233521264  4.054119363684934  -22.83588978454627
27.524175649767102  50.09109377434207  1.2149181751327833
2.742734760428412  -3.3209291527205123  14.977382381605171
-11.169711296084172  -1.4935095254671957  -10.75285125646716
46.35084025579544  -14.675068243696703  35.41032676052087
-39.822864199934735  -11.754384382708517  -31.690078916273357
27.777230337252355  28.355885650437514  30.391915114213212
7.963246755113609  14.01978767261759  -25.10560266452685
-26.405880302833054  -29.66897787921237  34.94056153607273
5.15965463190042  -13.273896012357586  13.027468846037191
-0.5099261688950792  -10.858423752152621  -52.86622384627001
-37.375227672077486  -11.591320143755835  13.108801133626201
