C   1.6294072120  1.2816543092  -0.1200477819
C   -1.2816644249  1.6292740242  0.1194412637
C   -1.6293358644  -1.2815399551  -0.1185485340
C   1.2816425151  -1.6294106658  0.1193679090
F   2.3524415838  -2.9922466572  -1.6844608239
F   1.9605019307  -2.4900173944  2.3795535333
F   -2.9920676161  -2.3537693239  1.6845133963
F   -2.4903673296  -1.9589316671  -2.3791690281
F   -1.9584970354  2.4915630437  2.3796170769
F   -2.3543644535  2.9906102096  -1.6843989622
F   2.4910668587  1.9597611638  -2.3799882376
F   2.9912531030  2.3530454833  1.6841911408
momentum
17.911748282518104  9.18419373681479  -20.18540910454773
9.147537981181557  -12.08543136356043  38.34675384256675
14.550152795585818  15.946199482948835  -20.734819926669054
2.843397260671463  7.750455279443366  -15.20332205289225
-48.28044769112986  33.43438005785975  -45.48864392294947
3.0501295418337144  -3.9062694225894408  35.244078353194645
9.530968409722119  -1.2124662908541406  29.390297746889946
12.23219977033732  18.776610795071427  7.606123461398976
-21.828320351276396  11.700053593038303  -9.734456975984036
-14.119230834671743  -46.39586311428691  -39.15526552411569
9.880711776746242  -19.618612388763353  -22.817001390341954
4.817038187916167  -13.720305144561097  62.681586447305605
