C   1.6294072120  1.2816543092  -0.1200477819
C   -1.2816644249  1.6292740242  0.1194412637
C   -1.6293358644  -1.2815399551  -0.1185485340
C   1.2816425151  -1.6294106658  0.1193679090
F   2.3524415838  -2.9922466572  -1.6844608239
F   1.9605019307  -2.4900173944  2.3795535333
F   -2.9920676161  -2.3537693239  1.6845133963
F   -2.4903673296  -1.9589316671  -2.3791690281
F   -1.9584970354  2.4915630437  2.3796170769
F   -2.3543644535  2.9906102096  -1.6843989622
F   2.4910668587  1.9597611638  -2.3799882376
F   2.9912531030  2.3530454833  1.6841911408
momentum
-19.405733895354437  -45.78239325618494  20.31852972849712
3.989310620333432  28.79926842397061  -14.483726637681869
-28.027392884683536  6.4634676459806855  6.925199594303481
5.893825421437584  41.21463039359517  -3.4796370463427166
46.846347603365736  0.4117274243827153  23.68939629836155
3.555746470993416  38.06099305460795  -62.56906393171858
-10.041626545946812  17.293666457765127  -53.55932388876279
-53.48014686407747  -59.88919489165297  35.05679191883085
31.802816862092946  -23.473974066670937  6.276504440653387
23.390985676610583  6.919569634127891  35.75322202185009
27.062406017494034  -22.146071691355186  -2.8403092979241777
-31.41319060676389  12.227596690867914  9.089439820465806
