C   1.6294072120  1.2816543092  -0.1200477819
C   -1.2816644249  1.6292740242  0.1194412637
C   -1.6293358644  -1.2815399551  -0.1185485340
C   1.2816425151  -1.6294106658  0.1193679090
F   2.3524415838  -2.9922466572  -1.6844608239
F   1.9605019307  -2.4900173944  2.3795535333
F   -2.9920676161  -2.3537693239  1.6845133963
F   -2.4903673296  -1.9589316671  -2.3791690281
F   -1.9584970354  2.4915630437  2.3796170769
F   -2.3543644535  2.9906102096  -1.6843989622
F   2.4910668587  1.9597611638  -2.3799882376
F   2.9912531030  2.3530454833  1.6841911408
momentum
3.4721417744284246  -26.327844677300778  7.209689630409548
-0.16166297019108247  46.58757263758415  -40.790736814361
-9.33485238887294  -34.24210567444288  5.558596222337451
-11.412395989036693  -11.92311762544025  -4.631647768483936
10.839547989195642  50.423240587941535  -17.308310575525283
16.71292337902283  27.197392470148724  -0.04024027620409843
-45.37858909911752  -16.73487381026346  28.368946245016748
10.469527704302905  10.298658854611526  -15.427017491170412
14.50485217789341  12.949606452928109  -9.490162077448552
19.588037378212626  -32.55995209258188  41.05558418974543
2.4913874609793836  -21.41763302887888  9.304249910748771
-11.663113530088227  -4.309010347800576  -3.634328329368501
