C   1.6294072120  1.2816543092  -0.1200477819
C   -1.2816644249  1.6292740242  0.1194412637
C   -1.6293358644  -1.2815399551  -0.1185485340
C   1.2816425151  -1.6294106658  0.1193679090
F   2.3524415838  -2.9922466572  -1.6844608239
F   1.9605019307  -2.4900173944  2.3795535333
F   -2.9920676161  -2.3537693239  1.6845133963
F   -2.4903673296  -1.9589316671  -2.3791690281
F   -1.9584970354  2.4915630437  2.3796170769
F   -2.3543644535  2.9906102096  -1.6843989622
F   2.4910668587  1.9597611638  -2.3799882376
F   2.9912531030  2.3530454833  1.6841911408
momentum
31.709879076406747  26.434441025989234  26.18992837341649
1.0445751683566242  -9.201724874383855  4.50037483452965
-23.578888613152127  -40.132579763851524  2.2090742832084476
20.218876032040072  -12.25199929358184  6.795537498258521
-24.87227837910644  -11.912792827289945  4.011119087374211
-7.635543042866629  -40.95019131214427  -48.606887532632676
7.757965717237008  31.74834511528074  17.801700146896216
-14.413248626083439  2.361855295805815  -2.734666664449337
13.468582590507733  -11.887635512296463  -13.046927436102552
-26.34528233219408  -4.639289432565948  -21.983593088525435
34.33738019611193  4.582419830743419  26.727350924163616
-11.543936050758427  65.8284177398464  -1.878658670799599
