C   1.6294072120  1.2816543092  -0.1200477819
C   -1.2816644249  1.6292740242  0.1194412637
C   -1.6293358644  -1.2815399551  -0.1185485340
C   1.2816425151  -1.6294106658  0.1193679090
F   2.3524415838  -2.9922466572  -1.6844608239
F   1.9605019307  -2.4900173944  2.3795535333
F   -2.9920676161  -2.3537693239  1.6845133963
F   -2.4903673296  -1.9589316671  -2.3791690281
F   -1.9584970354  2.4915630437  2.3796170769
F   -2.3543644535  2.9906102096  -1.6843989622
F   2.4910668587  1.9597611638  -2.3799882376
F   2.9912531030  2.3530454833  1.6841911408
momentum
-7.623403786954605  32.19574765061795  -23.844971763320235
-8.280349348059097  -53.21097007205828  -30.09673897925435
17.657248177260445  -22.476726504481064  -40.64451316765815
15.25292055826274  26.777578320334307  13.980377583507224
-6.694309300613523  -41.33136608620818  -5.990714824748509
-4.583627575309438  -16.28659967324414  -8.533413940587128
-6.888914137768104  12.75925786753282  62.46066071904522
-7.830938610740518  13.712572663143463  -19.723430596334786
18.232917653017136  -24.919977294230918  -16.77173005900769
-4.161487064971609  46.04525975326763  6.626206358530879
-12.70971942837069  -16.572023236246906  37.41776687108437
7.9464724435314436  43.284137677280306  25.152500171593775
