C   1.6294072120  1.2816543092  -0.1200477819
C   -1.2816644249  1.6292740242  0.1194412637
C   -1.6293358644  -1.2815399551  -0.1185485340
C   1.2816425151  -1.6294106658  0.1193679090
F   2.3524415838  -2.9922466572  -1.6844608239
F   1.9605019307  -2.4900173944  2.3795535333
F   -2.9920676161  -2.3537693239  1.6845133963
F   -2.4903673296  -1.9589316671  -2.3791690281
F   -1.9584970354  2.4915630437  2.3796170769
F   -2.3543644535  2.9906102096  -1.6843989622
F   2.4910668587  1.9597611638  -2.3799882376
F   2.9912531030  2.3530454833  1.6841911408
momentum
1.597752729198352  -25.859564402938545  14.981872518708403
58.183185598856696  34.36446895972287  -63.464947269330565
-43.008499855780535  -8.038308105346365  25.8879124973997
-13.157299222129044  10.467977830826124  26.273770500360655
-42.91936710829709  -19.04729502873172  -33.25446639581857
19.053113763133478  27.64537666599535  2.2482791718092403
8.821576710115524  -65.77387145969489  -43.61689841553181
0.8154986003694439  -2.359054602109287  26.582879460380976
20.881551968634575  18.492665679241927  -89.05091664858973
-11.423459607600945  -7.546046128098598  93.51779820799867
12.76595191756146  -3.0944669401655807  5.23935072804835
-11.47564414438213  40.80718239745973  35.0479058352239
