C   1.6294072120  1.2816543092  -0.1200477819
C   -1.2816644249  1.6292740242  0.1194412637
C   -1.6293358644  -1.2815399551  -0.1185485340
C   1.2816425151  -1.6294106658  0.1193679090
F   2.3524415838  -2.9922466572  -1.6844608239
F   1.9605019307  -2.4900173944  2.3795535333
F   -2.9920676161  -2.3537693239  1.6845133963
F   -2.4903673296  -1.9589316671  -2.3791690281
F   -1.9584970354  2.4915630437  2.3796170769
F   -2.3543644535  2.9906102096  -1.6843989622
F   2.4910668587  1.9597611638  -2.3799882376
F   2.9912531030  2.3530454833  1.6841911408
momentum
-22.983446894674746  18.765387633667928  50.20763886192152
-22.354829004926806  17.80956609364418  -1.621143005544783
25.63732627470568  -30.905647154398913  18.47143483533703
-2.8325060035310803  -0.5331501735557247  -40.502373073941854
-14.367916754839323  15.636434018002136  -32.73351479371532
12.274532359165216  -5.426735315396339  -28.639945726930165
20.925559852561054  -32.01189981492586  34.33413273901007
-19.38489798830329  -3.369449109983859  19.358874506829764
-26.9073918188257  29.20196563109735  0.20506424695357048
18.965898001958262  33.840806488083466  -44.609225601293595
44.39394028091749  -56.75023408012117  -18.59019683159927
-13.323272924004202  13.638196617867715  44.02120344735663
