C   1.6294072120  1.2816543092  -0.1200477819
C   -1.2816644249  1.6292740242  0.1194412637
C   -1.6293358644  -1.2815399551  -0.1185485340
C   1.2816425151  -1.6294106658  0.1193679090
F   2.3524415838  -2.9922466572  -1.6844608239
F   1.9605019307  -2.4900173944  2.3795535333
F   -2.9920676161  -2.3537693239  1.6845133963
F   -2.4903673296  -1.9589316671  -2.3791690281
F   -1.9584970354  2.4915630437  2.3796170769
F   -2.3543644535  2.9906102096  -1.6843989622
F   2.4910668587  1.9597611638  -2.3799882376
F   2.9912531030  2.3530454833  1.6841911408
momentum
-0.22605864196424985  8.1409625370465  43.800997030932315
17.54125181728515  -12.34738637677378  -9.028410935016009
3.3261819492377502  -8.906529414922526  21.70552218416264
-16.91613120793293  -8.776933131426752  -18.142242984014363
-1.511600265633985  24.05660970174496  50.52745469169117
-30.590992132063153  -26.83824088162608  -19.90268102454992
29.060783980923443  -10.682514951747764  -51.01545511439287
-38.71405932001029  49.882469128851646  5.5435923855045575
16.774975739179816  -12.187141702078753  36.02098362423965
14.93545363216663  -47.26482688750382  5.508161624064917
27.266271719480677  -33.56960116393969  -40.67233340447162
-20.87997479805513  78.62083383536518  -24.36729797495792
