C   1.6294072120  1.2816543092  -0.1200477819
C   -1.2816644249  1.6292740242  0.1194412637
C   -1.6293358644  -1.2815399551  -0.1185485340
C   1.2816425151  -1.6294106658  0.1193679090
F   2.3524415838  -2.9922466572  -1.6844608239
F   1.9605019307  -2.4900173944  2.3795535333
F   -2.9920676161  -2.3537693239  1.6845133963
F   -2.4903673296  -1.9589316671  -2.3791690281
F   -1.9584970354  2.4915630437  2.3796170769
F   -2.3543644535  2.9906102096  -1.6843989622
F   2.4910668587  1.9597611638  -2.3799882376
F   2.9912531030  2.3530454833  1.6841911408
momentum
34.36595148284461  22.637742571524566  -70.9271675519397
33.66369141652027  -3.767906634146232  -6.741345726802696
-1.4055694325558516  45.86967164223589  9.020597452642859
6.762399806121526  -32.806438551666794  -55.42865100924954
25.21352181536748  12.901709990472748  14.222819311939961
-55.05954893431906  34.20466735536247  -25.196593512130832
-49.330389397050936  -30.11768666115182  6.455384584294941
-9.409127508414617  -49.0975164511533  14.69902147402687
20.442496919609717  35.904176336066264  10.793559675494825
10.50093949854287  -53.395707053458096  42.750320886780145
-5.032856175957962  17.238782889961666  6.01360077126262
-10.757832936596241  0.1429414630713198  54.40181268569986
