C   1.6294072120  1.2816543092  -0.1200477819
C   -1.2816644249  1.6292740242  0.1194412637
C   -1.6293358644  -1.2815399551  -0.1185485340
C   1.2816425151  -1.6294106658  0.1193679090
F   2.3524415838  -2.9922466572  -1.6844608239
F   1.9605019307  -2.4900173944  2.3795535333
F   -2.9920676161  -2.3537693239  1.6845133963
F   -2.4903673296  -1.9589316671  -2.3791690281
F   -1.9584970354  2.4915630437  2.3796170769
F   -2.3543644535  2.9906102096  -1.6843989622
F   2.4910668587  1.9597611638  -2.3799882376
F   2.9912531030  2.3530454833  1.6841911408
momentum
-15.814909237602008  -7.225630662986204  2.8593592497661673
13.404339814683942  -7.542923529087159  2.6036403947732394
-6.478431009858051  -46.8905092419235  -45.808452713395994
5.892644483093596  18.497178533578772  33.78632311880378
-25.54729999157031  32.59677854000781  -17.958917965513358
-2.3775596995120534  2.524406105788016  -1.3980864571732432
-11.884854926740708  -42.789284847653164  -6.708096580557587
12.50925886828402  -13.72259375963696  43.83992234094978
21.896275750388064  25.89536725297825  -40.78194329310613
23.492005237402005  47.263903230409554  48.414271684096654
17.532403777329414  -30.08275226128092  -29.401494914144276
-32.48817095068735  21.470748942043798  10.342798348596862
