C   1.6294072120  1.2816543092  -0.1200477819
C   -1.2816644249  1.6292740242  0.1194412637
C   -1.6293358644  -1.2815399551  -0.1185485340
C   1.2816425151  -1.6294106658  0.1193679090
F   2.3524415838  -2.9922466572  -1.6844608239
F   1.9605019307  -2.4900173944  2.3795535333
F   -2.9920676161  -2.3537693239  1.6845133963
F   -2.4903673296  -1.9589316671  -2.3791690281
F   -1.9584970354  2.4915630437  2.3796170769
F   -2.3543644535  2.9906102096  -1.6843989622
F   2.4910668587  1.9597611638  -2.3799882376
F   2.9912531030  2.3530454833  1.6841911408
momentum
11.642020073990464  21.158738498211633  -22.894566863385457
15.659222965818417  -27.6119856147262  -18.19340470694247
-30.78196147249406  5.515556377315701  -30.975812928359357
23.949083393904786  -8.737161327844982  39.31216674667673
3.3245360834958175  -18.803030180969973  28.786844271317058
-16.569809469822445  -5.810518972791608  -32.80534681898546
-5.804094117660326  -5.273691934423605  -41.23500811154233
15.470849642988966  19.31155441041559  41.88094057976448
34.41418909598113  10.708261785052443  11.60392945772245
7.397409074173343  -11.545723895855831  41.46611023890189
-12.515279938969774  -0.661479235996033  3.39575456034331
-46.19446646925391  21.91993816225248  -20.432875369983577
