C   1.6294072120  1.2816543092  -0.1200477819
C   -1.2816644249  1.6292740242  0.1194412637
C   -1.6293358644  -1.2815399551  -0.1185485340
C   1.2816425151  -1.6294106658  0.1193679090
F   2.3524415838  -2.9922466572  -1.6844608239
F   1.9605019307  -2.4900173944  2.3795535333
F   -2.9920676161  -2.3537693239  1.6845133963
F   -2.4903673296  -1.9589316671  -2.3791690281
F   -1.9584970354  2.4915630437  2.3796170769
F   -2.3543644535  2.9906102096  -1.6843989622
F   2.4910668587  1.9597611638  -2.3799882376
F   2.9912531030  2.3530454833  1.6841911408
momentum
-10.616771088921347  15.75399163651272  -8.818997370773161
-33.97364930298152  -20.23767182889793  -25.022290881625583
24.099289443703437  -21.5798610203863  28.59719829190095
-8.792133755893994  3.990108576919629  -48.81722859239012
13.842095348614508  31.997783040105304  18.714636647617805
49.43487399222595  -18.14567416706527  -35.00024796685195
-19.014595573952256  39.39862024566377  27.5958531276463
-19.050839354428287  -22.8139478880039  19.83760225562636
13.957781867126297  -8.808080253700806  -18.709225323664675
9.482324516565436  48.17324382645267  -24.88119380674553
11.543692546246927  -26.63527583167749  13.219535855639897
-30.571811828822703  -21.268651883884424  53.13644868169253
