C   1.6294072120  1.2816543092  -0.1200477819
C   -1.2816644249  1.6292740242  0.1194412637
C   -1.6293358644  -1.2815399551  -0.1185485340
C   1.2816425151  -1.6294106658  0.1193679090
F   2.3524415838  -2.9922466572  -1.6844608239
F   1.9605019307  -2.4900173944  2.3795535333
F   -2.9920676161  -2.3537693239  1.6845133963
F   -2.4903673296  -1.9589316671  -2.3791690281
F   -1.9584970354  2.4915630437  2.3796170769
F   -2.3543644535  2.9906102096  -1.6843989622
F   2.4910668587  1.9597611638  -2.3799882376
F   2.9912531030  2.3530454833  1.6841911408
momentum
-8.453671491840055  -26.395045396739036  -51.69315282513106
5.102296876882565  -30.252288722410306  -35.03504034945026
8.229467532068178  -13.529310219235187  30.468209518460267
-8.632712235160746  -12.466034980671967  6.663167864788236
-0.9003324037726262  15.44291400265974  53.571262971080586
87.0284610127993  -26.904373821036817  -14.052628121885347
-31.206914735809917  -6.3578914845788415  24.554392366835483
-5.706308730657636  28.769562937573532  -58.214895106967134
-51.71824001811314  30.041490879857164  -12.008913251255626
0.29841147573244964  45.35656186049153  32.6474380176116
-15.186094066987858  -16.994249893178214  -24.06292376842966
21.425267189482174  13.306718012148577  47.18440353746955
