C   1.6294072120  1.2816543092  -0.1200477819
C   -1.2816644249  1.6292740242  0.1194412637
C   -1.6293358644  -1.2815399551  -0.1185485340
C   1.2816425151  -1.6294106658  0.1193679090
F   2.3524415838  -2.9922466572  -1.6844608239
F   1.9605019307  -2.4900173944  2.3795535333
F   -2.9920676161  -2.3537693239  1.6845133963
F   -2.4903673296  -1.9589316671  -2.3791690281
F   -1.9584970354  2.4915630437  2.3796170769
F   -2.3543644535  2.9906102096  -1.6843989622
F   2.4910668587  1.9597611638  -2.3799882376
F   2.9912531030  2.3530454833  1.6841911408
momentum
-50.113477638979816  -11.659659200633811  -12.941699959678093
-20.752046783705016  -25.014757967110224  -10.465549183593895
-9.106681950150225  -7.704881748353374  22.437077928144728
-21.880754230982387  37.10160859766374  49.01165065820738
7.154896886159926  9.91686673038742  -30.88474817362897
43.72232842251751  9.035214836483828  15.030176196588997
-33.236285505571495  38.26533231928894  -14.4100736293402
14.076024440535923  23.651775313671234  -31.662783568260707
31.690113229182742  -61.21637866364892  45.434177271693635
19.79053299073045  0.016196151348470918  -18.997581747799412
15.783962385192334  -45.259992096649746  4.317166231681198
3.0645926527139333  32.82244323063351  -16.72474117859331
