C   1.6294072120  1.2816543092  -0.1200477819
C   -1.2816644249  1.6292740242  0.1194412637
C   -1.6293358644  -1.2815399551  -0.1185485340
C   1.2816425151  -1.6294106658  0.1193679090
F   2.3524415838  -2.9922466572  -1.6844608239
F   1.9605019307  -2.4900173944  2.3795535333
F   -2.9920676161  -2.3537693239  1.6845133963
F   -2.4903673296  -1.9589316671  -2.3791690281
F   -1.9584970354  2.4915630437  2.3796170769
F   -2.3543644535  2.9906102096  -1.6843989622
F   2.4910668587  1.9597611638  -2.3799882376
F   2.9912531030  2.3530454833  1.6841911408
momentum
-13.007294073505882  -0.2796021330662508  0.39203874955924467
10.506113452350752  12.153685481769205  28.534278132945428
10.423942295881513  -20.901974385756684  -4.318171267050168
-4.569899488775224  44.56721988571645  -13.917802036015829
-11.949283248188303  -10.45485332373514  -0.45792889149976057
18.341969385172806  -12.242580710102098  -35.16074680598419
-16.112184108513766  -27.773347342056542  17.285763030707148
22.92287761720136  13.138097748131356  28.111939950297696
-21.23844257849644  31.34432293065841  -10.77657414744691
34.63985846048189  -2.1210691385959572  6.237159392732181
23.388742408676173  -19.244348887827055  -19.350971180533598
-53.27407831546109  -8.18162088910689  3.083218399406538
