C   1.6294072120  1.2816543092  -0.1200477819
C   -1.2816644249  1.6292740242  0.1194412637
C   -1.6293358644  -1.2815399551  -0.1185485340
C   1.2816425151  -1.6294106658  0.1193679090
F   2.3524415838  -2.9922466572  -1.6844608239
F   1.9605019307  -2.4900173944  2.3795535333
F   -2.9920676161  -2.3537693239  1.6845133963
F   -2.4903673296  -1.9589316671  -2.3791690281
F   -1.9584970354  2.4915630437  2.3796170769
F   -2.3543644535  2.9906102096  -1.6843989622
F   2.4910668587  1.9597611638  -2.3799882376
F   2.9912531030  2.3530454833  1.6841911408
momentum
9.715568275481584  -32.69528839253941  18.574301720330524
-8.246311118691908  -1.5674953141741008  -4.846196439480353
12.39749643174133  -6.50664921159041  14.870615775709863
21.233842834380418  22.088422966271803  -4.185200665490411
-52.434783137790696  -33.3644618238007  -2.0261802689676642
-3.4594989152010798  -4.38162188916148  -0.16842165639113574
35.091156467084105  0.7759091107200065  -5.058030320621759
8.85138230182612  29.243015868212815  -16.4283067880472
4.507471960826755  -0.5786560675188573  -2.9579485211504477
-36.562827592955706  -4.467381635827371  -16.835663299727575
5.896148966314755  -3.178659449640728  -38.881710446408924
2.680181055189292  34.690184823558226  57.99331794838145
