C   1.6294072120  1.2816543092  -0.1200477819
C   -1.2816644249  1.6292740242  0.1194412637
C   -1.6293358644  -1.2815399551  -0.1185485340
C   1.2816425151  -1.6294106658  0.1193679090
F   2.3524415838  -2.9922466572  -1.6844608239
F   1.9605019307  -2.4900173944  2.3795535333
F   -2.9920676161  -2.3537693239  1.6845133963
F   -2.4903673296  -1.9589316671  -2.3791690281
F   -1.9584970354  2.4915630437  2.3796170769
F   -2.3543644535  2.9906102096  -1.6843989622
F   2.4910668587  1.9597611638  -2.3799882376
F   2.9912531030  2.3530454833  1.6841911408
momentum
0.649879915764289  -44.41675065335779  -6.3603032257360566
-2.565540135802333  -35.582621059299235  -49.3163449561432
63.9554533888782  4.367306464920678  13.25706128649149
24.713095981155526  26.064964170499888  22.026196935253108
14.431468717273672  12.433335053002496  2.731864735813995
13.881136561752319  25.748450112024297  -22.687084733509323
-9.107883632842103  5.4055733391487895  -4.992928815764125
-15.821374187373417  28.119179959998718  19.17840856161177
-41.511300783749725  30.30408655677818  -9.96590820947008
-72.32181839165513  42.63822720954202  38.02116147048691
38.774593755075095  -37.71809952916678  -36.4338947113406
-15.099926223684076  -56.99094771111778  34.563993635264346
