C   1.6294072120  1.2816543092  -0.1200477819
C   -1.2816644249  1.6292740242  0.1194412637
C   -1.6293358644  -1.2815399551  -0.1185485340
C   1.2816425151  -1.6294106658  0.1193679090
F   2.3524415838  -2.9922466572  -1.6844608239
F   1.9605019307  -2.4900173944  2.3795535333
F   -2.9920676161  -2.3537693239  1.6845133963
F   -2.4903673296  -1.9589316671  -2.3791690281
F   -1.9584970354  2.4915630437  2.3796170769
F   -2.3543644535  2.9906102096  -1.6843989622
F   2.4910668587  1.9597611638  -2.3799882376
F   2.9912531030  2.3530454833  1.6841911408
momentum
-46.58230944463503  -42.63239488970673  36.061910961409076
-9.673431152789108  11.42539155319617  19.844714213804718
7.697079152791653  28.382378742532506  -51.10595116195283
-32.70011765614598  -3.789605486792368  25.874727252301934
6.868014973140461  43.9503653376221  -8.245756273734035
4.021350226449311  16.668290808350914  -7.574245460815513
6.956593343277254  -4.567540822528974  62.32613516514466
-1.759799002108397  -18.308146487583816  -41.54169427913843
22.626505800111378  -26.24716279231204  13.008787274190613
-55.67502718996103  17.452159833734935  -29.243090393836557
78.37033118029044  -24.336781457799212  17.449277841957773
20.18977084900551  1.8354787304483304  -36.75596603849787
