C   1.6294072120  1.2816543092  -0.1200477819
C   -1.2816644249  1.6292740242  0.1194412637
C   -1.6293358644  -1.2815399551  -0.1185485340
C   1.2816425151  -1.6294106658  0.1193679090
F   2.3524415838  -2.9922466572  -1.6844608239
F   1.9605019307  -2.4900173944  2.3795535333
F   -2.9920676161  -2.3537693239  1.6845133963
F   -2.4903673296  -1.9589316671  -2.3791690281
F   -1.9584970354  2.4915630437  2.3796170769
F   -2.3543644535  2.9906102096  -1.6843989622
F   2.4910668587  1.9597611638  -2.3799882376
F   2.9912531030  2.3530454833  1.6841911408
momentum
-7.967362442672922  -26.299854516765173  -5.2292996243188865
20.470383321517833  -15.819464733692936  29.813933713153737
33.820329128453686  19.54219582142675  -26.128836540404965
-12.941145093277589  -3.289586029206409  23.11159591967051
-13.448265419565448  -31.485203609483897  -3.883290088932623
-12.46035963315337  -24.356832627050178  -30.3035646926314
15.532549235089618  11.569839737633654  40.99899996739883
32.08165649048159  -1.9671616398012688  -14.86069645428429
-48.750432958013704  5.929464199299909  13.964755994266323
9.086993706607407  23.86898535300883  -7.223856672243537
-8.019455152444655  6.988676777415045  -30.77171121154226
-7.621770511720893  35.27162559987106  10.408827681330356
