C   1.6294072120  1.2816543092  -0.1200477819
C   -1.2816644249  1.6292740242  0.1194412637
C   -1.6293358644  -1.2815399551  -0.1185485340
C   1.2816425151  -1.6294106658  0.1193679090
F   2.3524415838  -2.9922466572  -1.6844608239
F   1.9605019307  -2.4900173944  2.3795535333
F   -2.9920676161  -2.3537693239  1.6845133963
F   -2.4903673296  -1.9589316671  -2.3791690281
F   -1.9584970354  2.4915630437  2.3796170769
F   -2.3543644535  2.9906102096  -1.6843989622
F   2.4910668587  1.9597611638  -2.3799882376
F   2.9912531030  2.3530454833  1.6841911408
momentum
-32.60808286642296  26.258620273438744  -4.580810094424774
-4.35601401299074  26.090957090741405  -0.3196299177787742
35.042892605758155  2.3128428898657063  -23.590816871190746
0.2569070358077741  3.353229701582791  -17.35533610744646
-57.69849104631559  17.934680067481924  -8.748816425662005
-5.855179568469319  -27.940911239293946  30.98741667785535
3.04462731312016  -13.68370030180468  34.26917583647459
8.822694662018526  -9.318227859628529  -16.771801214809898
-28.485432014886648  -2.5343730237697657  21.774985257562424
17.839157988748337  -33.46400218338077  9.682984740281528
51.74524384970121  -5.218259511708934  -40.59013777032532
12.184238024499221  16.038849304387043  14.962991443911587
