C   1.6294072120  1.2816543092  -0.1200477819
C   -1.2816644249  1.6292740242  0.1194412637
C   -1.6293358644  -1.2815399551  -0.1185485340
C   1.2816425151  -1.6294106658  0.1193679090
F   2.3524415838  -2.9922466572  -1.6844608239
F   1.9605019307  -2.4900173944  2.3795535333
F   -2.9920676161  -2.3537693239  1.6845133963
F   -2.4903673296  -1.9589316671  -2.3791690281
F   -1.9584970354  2.4915630437  2.3796170769
F   -2.3543644535  2.9906102096  -1.6843989622
F   2.4910668587  1.9597611638  -2.3799882376
F   2.9912531030  2.3530454833  1.6841911408
momentum
-16.936278825260622  31.25891213005351  -2.4523057592359567
-44.856096922859074  -28.945256845386652  -36.618904052258074
-41.639106106526384  36.51623673880244  34.56860028830634
-8.22434403565375  -39.55547943311804  -17.412094457017016
-29.562781682636494  -5.838078995048006  30.027177636509993
50.537778115429745  -9.2853065864234  -22.314178878056943
12.763347155128555  -0.15801762573416564  18.9979343026393
49.3578764041527  50.80399635410119  24.58836221890595
-27.77223974768439  -51.793097099992934  -51.74073198284871
64.77044890121134  11.847517676893279  33.70093616045593
11.756801802811447  -0.785899812070596  46.15539817943066
-20.044320596143432  6.0549346204909344  -57.73182538749487
