C   1.6294072120  1.2816543092  -0.1200477819
C   -1.2816644249  1.6292740242  0.1194412637
C   -1.6293358644  -1.2815399551  -0.1185485340
C   1.2816425151  -1.6294106658  0.1193679090
F   2.3524415838  -2.9922466572  -1.6844608239
F   1.9605019307  -2.4900173944  2.3795535333
F   -2.9920676161  -2.3537693239  1.6845133963
F   -2.4903673296  -1.9589316671  -2.3791690281
F   -1.9584970354  2.4915630437  2.3796170769
F   -2.3543644535  2.9906102096  -1.6843989622
F   2.4910668587  1.9597611638  -2.3799882376
F   2.9912531030  2.3530454833  1.6841911408
momentum
-30.942990470515465  4.437717004730949  -15.060348155858623
-2.7201353717951995  -10.942551077799758  34.80156432450687
12.914258617839554  -28.77340687240794  -11.718673121668726
-6.778561355428376  5.298403543134761  -5.180659381242051
-40.1512701357476  -33.222382194271596  24.070854796349444
55.71499205249022  22.66510595078805  -26.32819091072789
15.372156093395407  -12.749661134230308  18.635413960159934
-46.21895178654457  32.32598001053891  -14.029063506687967
-64.76240946821453  41.49746558982087  -42.59940246469021
26.531360150595013  -43.78767241335424  23.35295822377345
66.08397175329303  45.251906440689815  -19.006837708720653
14.98383927090554  -21.812221060761356  32.7465679974424
