C   1.6294072120  1.2816543092  -0.1200477819
C   -1.2816644249  1.6292740242  0.1194412637
C   -1.6293358644  -1.2815399551  -0.1185485340
C   1.2816425151  -1.6294106658  0.1193679090
F   2.3524415838  -2.9922466572  -1.6844608239
F   1.9605019307  -2.4900173944  2.3795535333
F   -2.9920676161  -2.3537693239  1.6845133963
F   -2.4903673296  -1.9589316671  -2.3791690281
F   -1.9584970354  2.4915630437  2.3796170769
F   -2.3543644535  2.9906102096  -1.6843989622
F   2.4910668587  1.9597611638  -2.3799882376
F   2.9912531030  2.3530454833  1.6841911408
momentum
2.8460815452983197  -33.57051336890696  22.26425470089854
-7.325320465550136  -16.852661631000625  -28.69518043781094
-2.255121496795262  6.590628028518445  13.480596211524931
9.026422348669874  -16.933530421272888  20.799561442508928
4.010988786649293  -20.03128670917633  -20.732356390486856
-0.4058902276492124  -36.41499730062915  -45.007157715126034
40.44333279716654  46.57626072917314  2.193616108224458
46.265286186963074  -40.836831947061775  17.56944520332532
-44.13364223805536  52.9733357150647  3.2480629014383684
1.3156255621449475  49.942831789217806  2.064715629695353
-39.48735897978  16.730241337322294  -2.711531159643374
-10.642095417441505  -8.042348453119969  15.577373095175785
