C   1.6294072120  1.2816543092  -0.1200477819
C   -1.2816644249  1.6292740242  0.1194412637
C   -1.6293358644  -1.2815399551  -0.1185485340
C   1.2816425151  -1.6294106658  0.1193679090
F   2.3524415838  -2.9922466572  -1.6844608239
F   1.9605019307  -2.4900173944  2.3795535333
F   -2.9920676161  -2.3537693239  1.6845133963
F   -2.4903673296  -1.9589316671  -2.3791690281
F   -1.9584970354  2.4915630437  2.3796170769
F   -2.3543644535  2.9906102096  -1.6843989622
F   2.4910668587  1.9597611638  -2.3799882376
F   2.9912531030  2.3530454833  1.6841911408
momentum
0.39128775610492933  -8.132375354442388  44.11515555320656
12.083020827675224  -34.10581472674141  28.686284526043853
-11.149088558198397  3.7914860368103738  -16.792856199807176
-9.941771984894235  31.68563302668565  11.996240360978552
-9.132295147915155  -6.378279226530254  1.8249376366040657
36.49861524622274  3.522492256438927  15.864952436902803
41.297869633967665  13.179635630769722  -34.431833141552836
-40.42345486615857  -16.672194716234518  -7.021450524913785
35.89483462568658  -7.69999439555563  -15.99464076854897
-27.99516796486202  45.44052701218722  -21.82441649368724
13.737718907932576  -22.607581675965108  -5.314324711593879
-41.04520774516678  -1.9185936315264653  -1.1684079068734872
