C   1.6294072120  1.2816543092  -0.1200477819
C   -1.2816644249  1.6292740242  0.1194412637
C   -1.6293358644  -1.2815399551  -0.1185485340
C   1.2816425151  -1.6294106658  0.1193679090
F   2.3524415838  -2.9922466572  -1.6844608239
F   1.9605019307  -2.4900173944  2.3795535333
F   -2.9920676161  -2.3537693239  1.6845133963
F   -2.4903673296  -1.9589316671  -2.3791690281
F   -1.9584970354  2.4915630437  2.3796170769
F   -2.3543644535  2.9906102096  -1.6843989622
F   2.4910668587  1.9597611638  -2.3799882376
F   2.9912531030  2.3530454833  1.6841911408
momentum
24.79935874568409  1.380885375920692  -23.656795294620476
17.24405706826895  -51.5061467994941  -1.5070607867116552
2.1948356767259884  -11.384221873805956  10.576998602685658
-28.431594901712923  -5.211624500258392  2.233946361107407
-6.627982199695757  -26.2982003350437  -55.00501663236635
-0.6394967169682191  47.403973483115266  34.01978288889746
15.482063610925964  2.520115165983968  38.48432169313757
12.67142713967166  13.69421801317763  -16.794826286844582
-23.374788776280024  17.434530383024743  -57.942298170404264
-61.60908746282164  26.9278216184628  33.4703946388667
44.6136651022512  21.099990061247983  12.350668509799155
3.6551679119357794  -36.00794232999211  23.742449976614303
