C   1.6294072120  1.2816543092  -0.1200477819
C   -1.2816644249  1.6292740242  0.1194412637
C   -1.6293358644  -1.2815399551  -0.1185485340
C   1.2816425151  -1.6294106658  0.1193679090
F   2.3524415838  -2.9922466572  -1.6844608239
F   1.9605019307  -2.4900173944  2.3795535333
F   -2.9920676161  -2.3537693239  1.6845133963
F   -2.4903673296  -1.9589316671  -2.3791690281
F   -1.9584970354  2.4915630437  2.3796170769
F   -2.3543644535  2.9906102096  -1.6843989622
F   2.4910668587  1.9597611638  -2.3799882376
F   2.9912531030  2.3530454833  1.6841911408
momentum
-1.2746229864958882  33.38474858546483  29.068937034061967
6.427272970486658  -16.851301473231132  31.455680410753377
-50.73622655893664  -6.896819935669938  13.377042462415165
33.7336211508967  13.442119695677976  -4.396185807445376
-14.369557325524784  12.04455659913944  -0.281870515230134
14.079581170421145  -16.136781511003186  11.45964215584433
-28.08316949797172  -16.824347251860132  31.372105024903256
-9.1512504724195  12.609359075121965  -32.70359756566711
-25.687297113402536  -32.781872444245316  -69.13484538888054
-37.673232674263254  14.271638866349162  28.956147875153977
73.08747639510149  -19.432402602533386  -1.1629738235577751
40.112380079977264  23.21714292820314  -38.15289314340553
