C   1.6294072120  1.2816543092  -0.1200477819
C   -1.2816644249  1.6292740242  0.1194412637
C   -1.6293358644  -1.2815399551  -0.1185485340
C   1.2816425151  -1.6294106658  0.1193679090
F   2.3524415838  -2.9922466572  -1.6844608239
F   1.9605019307  -2.4900173944  2.3795535333
F   -2.9920676161  -2.3537693239  1.6845133963
F   -2.4903673296  -1.9589316671  -2.3791690281
F   -1.9584970354  2.4915630437  2.3796170769
F   -2.3543644535  2.9906102096  -1.6843989622
F   2.4910668587  1.9597611638  -2.3799882376
F   2.9912531030  2.3530454833  1.6841911408
momentum
23.12782866854694  18.45538561472167  15.396392832716968
35.41995667498664  -7.881531826987854  -12.807492816604668
-31.146803174172913  -36.13512278876267  73.68449053526244
-3.072390014040324  16.549046460511533  29.918601203743712
-17.94149708790247  -4.262844628586207  -12.338952807850188
-19.812821558702115  6.6817379748015  0.9376574984914299
-20.50726805305796  -31.644446748772594  -33.04542265595731
-8.98107677900913  -26.676559138448578  -40.683919234152675
9.677100738353845  -15.875247289003635  -19.84048338439207
26.255228594939744  20.978092521227115  8.56134484459569
-37.245052038307385  16.670749950418458  12.875989408595736
44.45085560755194  42.97451665404563  -22.343840542283456
