C   1.6294072120  1.2816543092  -0.1200477819
C   -1.2816644249  1.6292740242  0.1194412637
C   -1.6293358644  -1.2815399551  -0.1185485340
C   1.2816425151  -1.6294106658  0.1193679090
F   2.3524415838  -2.9922466572  -1.6844608239
F   1.9605019307  -2.4900173944  2.3795535333
F   -2.9920676161  -2.3537693239  1.6845133963
F   -2.4903673296  -1.9589316671  -2.3791690281
F   -1.9584970354  2.4915630437  2.3796170769
F   -2.3543644535  2.9906102096  -1.6843989622
F   2.4910668587  1.9597611638  -2.3799882376
F   2.9912531030  2.3530454833  1.6841911408
momentum
-22.47742822094596  36.403512059504514  -28.02343975176635
-19.9034358024567  -11.359281172114965  -2.2783568281576976
-48.680353297768306  -21.447162766772443  12.275456869659392
2.838175299212835  19.472260460431617  -24.865298744396114
40.119070302725426  -19.19665823568242  -27.07585940903411
36.536025473059354  -46.06232322653032  46.152453140879786
42.2316970051648  87.9873265068532  -39.07608163408935
44.786499159644826  49.07128971356532  63.0684490089405
-54.56368585406372  -16.760965916650164  16.56053346864853
-23.77148648974097  9.30923120690221  4.710066894244015
24.219252441150235  -46.942079468389224  -46.32808934247565
-21.66372181613519  -40.181692289262  24.51690973789241
