C   1.6294072120  1.2816543092  -0.1200477819
C   -1.2816644249  1.6292740242  0.1194412637
C   -1.6293358644  -1.2815399551  -0.1185485340
C   1.2816425151  -1.6294106658  0.1193679090
F   2.3524415838  -2.9922466572  -1.6844608239
F   1.9605019307  -2.4900173944  2.3795535333
F   -2.9920676161  -2.3537693239  1.6845133963
F   -2.4903673296  -1.9589316671  -2.3791690281
F   -1.9584970354  2.4915630437  2.3796170769
F   -2.3543644535  2.9906102096  -1.6843989622
F   2.4910668587  1.9597611638  -2.3799882376
F   2.9912531030  2.3530454833  1.6841911408
momentum
-7.70990736838452  -47.56170545361294  -7.201582497411601
-8.78677022387425  78.41694407183881  -15.108044028424649
29.047723786887374  -35.952799785418094  48.93826525125392
32.45735741868044  65.93118322691085  -0.7445373627780639
21.86586242724867  -37.154471074091994  7.324059812281852
-2.166906967486824  -0.09822895550133079  -30.245233633778565
-18.17919973969588  23.33964258252961  -6.12817998774818
-12.258149868249712  -2.5860296098944318  -25.953024978803295
-18.164281720296845  -3.084756815575997  -23.60539672966277
-93.15804720653544  -2.2308505736199726  55.218758858528325
79.43202529074695  -14.790919097282023  -4.093026411226838
-2.2537437925644888  -24.023616444339122  1.5750645544592696
