C   1.6294072120  1.2816543092  -0.1200477819
C   -1.2816644249  1.6292740242  0.1194412637
C   -1.6293358644  -1.2815399551  -0.1185485340
C   1.2816425151  -1.6294106658  0.1193679090
F   2.3524415838  -2.9922466572  -1.6844608239
F   1.9605019307  -2.4900173944  2.3795535333
F   -2.9920676161  -2.3537693239  1.6845133963
F   -2.4903673296  -1.9589316671  -2.3791690281
F   -1.9584970354  2.4915630437  2.3796170769
F   -2.3543644535  2.9906102096  -1.6843989622
F   2.4910668587  1.9597611638  -2.3799882376
F   2.9912531030  2.3530454833  1.6841911408
momentum
-1.30100664052597  -31.89866450063801  14.461630218660938
32.29156794496852  -10.001604010757497  4.90194285015212
-11.615067508088655  -10.56763995288035  38.52027506419065
22.558231155560716  33.91663584893581  -21.53440474773859
21.360351943452883  -17.01001674692331  -32.266250298078724
-38.656333848697535  2.855471514939391  17.280349319634347
-18.67530917710785  -0.14378900287357144  7.469021249989429
71.50282685076132  35.33837624025896  40.06246921594996
1.4876219115286995  -10.018529437794662  -28.73670508095469
-13.616008990645746  27.724149237764852  -6.456466079735773
-38.11167372079804  10.50009158106538  -32.4770893315205
-27.51435732176921  -30.56050885954776  -1.3426899320313515
