C   1.6294072120  1.2816543092  -0.1200477819
C   -1.2816644249  1.6292740242  0.1194412637
C   -1.6293358644  -1.2815399551  -0.1185485340
C   1.2816425151  -1.6294106658  0.1193679090
F   2.3524415838  -2.9922466572  -1.6844608239
F   1.9605019307  -2.4900173944  2.3795535333
F   -2.9920676161  -2.3537693239  1.6845133963
F   -2.4903673296  -1.9589316671  -2.3791690281
F   -1.9584970354  2.4915630437  2.3796170769
F   -2.3543644535  2.9906102096  -1.6843989622
F   2.4910668587  1.9597611638  -2.3799882376
F   2.9912531030  2.3530454833  1.6841911408
momentum
-34.1878783688683  -18.715839399046846  -10.515521778577895
-43.68068589279293  -0.2566410713499176  14.283886651522552
-20.007941686961384  75.81341729599973  -20.60641771748553
49.9230324037798  16.32685852535857  11.428258728789777
2.001517611292621  -44.94875830963445  14.032972882151848
42.558116579565215  22.41098944090357  -2.5742447906816173
50.781962483452425  11.058540085836329  -11.296294212000051
-27.59362313057047  -51.70532303840587  -49.71731292334414
-36.5202664640906  38.75833179850397  26.49537554462677
-13.814350716330818  22.193706564682408  38.07626003569681
47.99288969931805  -19.170837582928854  -42.201218696214205
-17.68513847916578  -51.51753401105739  32.3368956360003
