C   1.6294072120  1.2816543092  -0.1200477819
C   -1.2816644249  1.6292740242  0.1194412637
C   -1.6293358644  -1.2815399551  -0.1185485340
C   1.2816425151  -1.6294106658  0.1193679090
F   2.3524415838  -2.9922466572  -1.6844608239
F   1.9605019307  -2.4900173944  2.3795535333
F   -2.9920676161  -2.3537693239  1.6845133963
F   -2.4903673296  -1.9589316671  -2.3791690281
F   -1.9584970354  2.4915630437  2.3796170769
F   -2.3543644535  2.9906102096  -1.6843989622
F   2.4910668587  1.9597611638  -2.3799882376
F   2.9912531030  2.3530454833  1.6841911408
momentum
-10.9733415756952  -0.25431024844512146  -8.121571050476366
-18.919578567758766  -1.7700595913700052  32.13800367666627
-52.256683180181476  -14.698182011726292  -76.32605405381355
22.25070537811148  -27.334766942979766  -30.135315322966942
-7.122910745194387  38.99114031266257  10.586964609492323
-37.48555316783416  50.21089548711089  10.938257088576018
-12.237641787491839  67.44331198169104  -2.3741675610543354
63.20548080584865  -46.730645643782545  24.35456033261127
1.289433467259452  -50.96101737681441  35.421887302444546
30.154187003040303  -2.367989402369613  5.84491203098947
-47.189427306344115  -13.672688649520918  -13.04755576395145
68.91766523225365  0.9228526403418853  10.745027783733024
