C   1.6294072120  1.2816543092  -0.1200477819
C   -1.2816644249  1.6292740242  0.1194412637
C   -1.6293358644  -1.2815399551  -0.1185485340
C   1.2816425151  -1.6294106658  0.1193679090
F   2.3524415838  -2.9922466572  -1.6844608239
F   1.9605019307  -2.4900173944  2.3795535333
F   -2.9920676161  -2.3537693239  1.6845133963
F   -2.4903673296  -1.9589316671  -2.3791690281
F   -1.9584970354  2.4915630437  2.3796170769
F   -2.3543644535  2.9906102096  -1.6843989622
F   2.4910668587  1.9597611638  -2.3799882376
F   2.9912531030  2.3530454833  1.6841911408
momentum
0.39556800051269186  32.79193345109821  -4.042989106123746
23.264906592978765  -8.255900581251023  27.755454241761345
7.107919993765917  20.542631145537317  -42.7727669369954
-48.450998482476095  3.764997447203126  27.14278606441822
32.7268773839391  26.629292477462897  2.205755417068036
-43.63156680203459  -22.29996949551335  8.637987979595032
11.830493828617634  -72.47932783690895  34.55563245574395
-81.02780956096967  -25.24031527632325  -41.25713688363837
58.3213330997332  31.468825429292163  6.16557313986752
48.029655304877984  -38.760334555838476  3.941764030724684
20.257400777894098  12.421949020317767  -33.208339991723655
-28.459933119279828  39.0895433867925  10.823781001138547
