C   1.6294072120  1.2816543092  -0.1200477819
C   -1.2816644249  1.6292740242  0.1194412637
C   -1.6293358644  -1.2815399551  -0.1185485340
C   1.2816425151  -1.6294106658  0.1193679090
F   2.3524415838  -2.9922466572  -1.6844608239
F   1.9605019307  -2.4900173944  2.3795535333
F   -2.9920676161  -2.3537693239  1.6845133963
F   -2.4903673296  -1.9589316671  -2.3791690281
F   -1.9584970354  2.4915630437  2.3796170769
F   -2.3543644535  2.9906102096  -1.6843989622
F   2.4910668587  1.9597611638  -2.3799882376
F   2.9912531030  2.3530454833  1.6841911408
momentum
19.478886123817478  -5.947599470776743  19.879704128494556
34.1971579294159  -3.5061564574344586  -31.39479949867488
27.652842409401416  4.713821197267098  17.01692167537568
28.402944605181183  13.384212006439846  14.145745057963683
-20.095357136042225  49.02937646346725  26.166530558137655
-37.848622881217565  -28.124381649496314  -13.959713324643182
20.375370011053885  28.864435291863376  -28.014124854024182
-10.056924910244325  -17.76719412302422  -6.1902987114110495
50.88667560204944  -7.051749652626221  -5.123113763659837
-46.58741828101371  -7.261309583884264  -22.15162168117327
-62.27857921289557  -14.421999913674576  7.311555067181055
-4.03522126675787  -12.004054884341762  22.587712065085576
