C   1.6294072120  1.2816543092  -0.1200477819
C   -1.2816644249  1.6292740242  0.1194412637
C   -1.6293358644  -1.2815399551  -0.1185485340
C   1.2816425151  -1.6294106658  0.1193679090
F   2.3524415838  -2.9922466572  -1.6844608239
F   1.9605019307  -2.4900173944  2.3795535333
F   -2.9920676161  -2.3537693239  1.6845133963
F   -2.4903673296  -1.9589316671  -2.3791690281
F   -1.9584970354  2.4915630437  2.3796170769
F   -2.3543644535  2.9906102096  -1.6843989622
F   2.4910668587  1.9597611638  -2.3799882376
F   2.9912531030  2.3530454833  1.6841911408
momentum
44.98240335512227  30.459911818523484  8.174088848381729
-23.13023340228638  -19.986639474548475  -32.98383702174111
1.0093907148645178  -36.127221387325946  -21.310359973600892
14.986773850314322  42.601795138238735  29.616903754258647
4.844812903672633  -0.9263122584991783  25.895728501613657
15.316018074226964  10.431452043827518  -20.685123768337085
-27.802301086012566  46.18213691866699  28.85424022134754
27.926277167192367  59.20098241522066  -9.859239676020131
4.7024898090502925  -44.01340631656532  15.256088396646463
-40.51011153212145  -5.757301748250333  7.792278593348188
-2.5859772969022172  -31.654060322416303  -29.926843461987357
-19.632398742817745  -50.37476417638031  -0.8722282815322397
