C   1.6294072120  1.2816543092  -0.1200477819
C   -1.2816644249  1.6292740242  0.1194412637
C   -1.6293358644  -1.2815399551  -0.1185485340
C   1.2816425151  -1.6294106658  0.1193679090
F   2.3524415838  -2.9922466572  -1.6844608239
F   1.9605019307  -2.4900173944  2.3795535333
F   -2.9920676161  -2.3537693239  1.6845133963
F   -2.4903673296  -1.9589316671  -2.3791690281
F   -1.9584970354  2.4915630437  2.3796170769
F   -2.3543644535  2.9906102096  -1.6843989622
F   2.4910668587  1.9597611638  -2.3799882376
F   2.9912531030  2.3530454833  1.6841911408
momentum
-14.768305597147744  7.911193354236432  13.336741510798635
-13.985882585126548  -36.03097194955014  0.41462087381425483
23.330578407531902  19.96334398365254  -9.547320140242439
1.4871677688812828  0.8718116952429008  8.251732070849345
6.506414304723627  39.150868930416046  -28.655996665978268
-21.328146142684485  -15.820865756015904  50.34563316975791
57.66293513293717  1.1457480700364722  -16.007754885482466
-15.053633217949443  -40.06348276475411  -15.0112565885326
-32.601534567293655  22.160680329439845  42.02527747445839
20.10155600525238  69.2724339479905  5.243457804798388
1.6512711267020959  -61.17758830330579  -26.361726282696104
-13.11107931987544  -7.251507431731529  -24.22997988181042
