C   1.6294072120  1.2816543092  -0.1200477819
C   -1.2816644249  1.6292740242  0.1194412637
C   -1.6293358644  -1.2815399551  -0.1185485340
C   1.2816425151  -1.6294106658  0.1193679090
F   2.3524415838  -2.9922466572  -1.6844608239
F   1.9605019307  -2.4900173944  2.3795535333
F   -2.9920676161  -2.3537693239  1.6845133963
F   -2.4903673296  -1.9589316671  -2.3791690281
F   -1.9584970354  2.4915630437  2.3796170769
F   -2.3543644535  2.9906102096  -1.6843989622
F   2.4910668587  1.9597611638  -2.3799882376
F   2.9912531030  2.3530454833  1.6841911408
momentum
17.58014181342084  -12.707699690146677  19.949844340193607
-51.06955387224078  -10.555917188199821  -15.370481221485614
-14.143768453478286  -15.126061898414266  8.781242770993256
18.23849856535333  23.537313492024403  -1.3812633369747722
23.745132336429318  13.407827828731916  6.068153256625981
2.293269715863815  21.317154738601527  -25.760585819864758
14.156752467740338  24.579216927139335  -34.15564593284655
-23.250471036299484  -36.4869949703732  -4.445724591343453
29.85704009136384  46.838224013820515  19.685097582609817
-11.685538968648272  0.8744542134036246  9.544268855252728
5.4271686481603005  -15.902555648464327  7.418355973755864
-11.162979482436434  -39.65510994808499  9.707021185150214
