C   1.6294072120  1.2816543092  -0.1200477819
C   -1.2816644249  1.6292740242  0.1194412637
C   -1.6293358644  -1.2815399551  -0.1185485340
C   1.2816425151  -1.6294106658  0.1193679090
F   2.3524415838  -2.9922466572  -1.6844608239
F   1.9605019307  -2.4900173944  2.3795535333
F   -2.9920676161  -2.3537693239  1.6845133963
F   -2.4903673296  -1.9589316671  -2.3791690281
F   -1.9584970354  2.4915630437  2.3796170769
F   -2.3543644535  2.9906102096  -1.6843989622
F   2.4910668587  1.9597611638  -2.3799882376
F   2.9912531030  2.3530454833  1.6841911408
momentum
19.8085480725627  36.62875132411208  32.62718005944395
20.738415208328934  -25.964926986615755  30.620558015858578
13.679881192034076  9.507104232326661  -40.8252235832495
2.4407169247051144  -18.895372994978604  29.607589834141034
15.824995491091046  32.13797757871826  -31.53182133388179
-10.995678677377732  0.439702086651607  -47.33898173675326
-15.599149694399207  20.20740149849014  57.3079858080279
-18.464960679117038  -48.51047959351775  37.50212707030871
1.7012330231691146  -17.464504012548066  13.005668418916708
-13.758183232800297  49.308428135575014  -61.137133060141664
51.11460905837531  -3.569190256774803  -24.759190622745344
-66.37054658417199  -34.03397127289891  4.677722912488725
