C   1.6294072120  1.2816543092  -0.1200477819
C   -1.2816644249  1.6292740242  0.1194412637
C   -1.6293358644  -1.2815399551  -0.1185485340
C   1.2816425151  -1.6294106658  0.1193679090
F   2.3524415838  -2.9922466572  -1.6844608239
F   1.9605019307  -2.4900173944  2.3795535333
F   -2.9920676161  -2.3537693239  1.6845133963
F   -2.4903673296  -1.9589316671  -2.3791690281
F   -1.9584970354  2.4915630437  2.3796170769
F   -2.3543644535  2.9906102096  -1.6843989622
F   2.4910668587  1.9597611638  -2.3799882376
F   2.9912531030  2.3530454833  1.6841911408
momentum
-44.839170820383046  -2.109760124650699  22.367169111347827
17.92525449450248  7.026266934485619  37.39119964895443
4.580250466662544  -6.414067745278807  -2.552253541997413
-2.7322345537973574  -30.017215891567748  9.528101496990127
4.0098791310199395  14.112296838298155  9.14949296747657
-20.618719790119723  -0.9208519090869681  -39.85514221415158
-5.367622823379048  2.863662415218002  -23.30314075840028
34.96413054069216  -8.287700011541045  44.50628734537612
19.590275207078662  -15.991823432256126  -41.35538062869135
21.837723595331408  29.873250135044017  19.537217728217307
-10.36464537406705  -20.42069106076253  -49.8832587262978
-19.00186630725308  30.11323163247947  14.300777636810409
