C   1.6294072120  1.2816543092  -0.1200477819
C   -1.2816644249  1.6292740242  0.1194412637
C   -1.6293358644  -1.2815399551  -0.1185485340
C   1.2816425151  -1.6294106658  0.1193679090
F   2.3524415838  -2.9922466572  -1.6844608239
F   1.9605019307  -2.4900173944  2.3795535333
F   -2.9920676161  -2.3537693239  1.6845133963
F   -2.4903673296  -1.9589316671  -2.3791690281
F   -1.9584970354  2.4915630437  2.3796170769
F   -2.3543644535  2.9906102096  -1.6843989622
F   2.4910668587  1.9597611638  -2.3799882376
F   2.9912531030  2.3530454833  1.6841911408
momentum
-52.748674766670604  -17.132870873799714  -2.3941650771048666
-28.68666859674057  -54.15556103489659  21.490913992311707
17.240031908624925  46.42989578719271  28.102090251020407
0.04803956426640185  22.62292785706393  -45.45855143866812
32.71542801910319  33.97519467848552  -2.0451409721471947
-6.976711751180048  -2.0117746857234735  32.054562158107615
25.62112757686805  27.335450206277105  -7.38332798652757
-30.704084714065242  -6.846667853605959  17.275982740885325
40.53379464589455  -33.140448138206544  -50.740666420468365
16.12129701346412  22.94633161586951  -18.989651586817207
-6.982199596816575  -11.46496582364378  17.343334137823653
-6.011559635351105  -28.48278963946586  10.60784646711248
