C   1.6294072120  1.2816543092  -0.1200477819
C   -1.2816644249  1.6292740242  0.1194412637
C   -1.6293358644  -1.2815399551  -0.1185485340
C   1.2816425151  -1.6294106658  0.1193679090
F   2.3524415838  -2.9922466572  -1.6844608239
F   1.9605019307  -2.4900173944  2.3795535333
F   -2.9920676161  -2.3537693239  1.6845133963
F   -2.4903673296  -1.9589316671  -2.3791690281
F   -1.9584970354  2.4915630437  2.3796170769
F   -2.3543644535  2.9906102096  -1.6843989622
F   2.4910668587  1.9597611638  -2.3799882376
F   2.9912531030  2.3530454833  1.6841911408
momentum
21.84653582221928  -2.1050938604021243  -19.88592435067506
20.311551665410917  -25.983958093240698  19.828508924957433
-9.188017392521479  -4.413513664656816  13.59310895769521
37.04424275867511  33.372699446183006  -55.61841346255722
-2.408626497147746  -11.48863260408551  30.321969096366242
-50.76272418368675  19.42095852969661  -34.3142706109591
-19.753180108664846  14.815499612982403  10.075407926060256
27.460042524868577  -21.97902959257718  -11.971524604192686
-62.889056103070224  26.234380530963943  -3.6728269272781446
-0.29943507795150864  -18.070016284628938  70.89633010427063
14.387635409811994  -5.15000188826358  -26.003093324492824
24.1304636743124  -4.56090163466328  6.542799166567602
