C   1.6294072120  1.2816543092  -0.1200477819
C   -1.2816644249  1.6292740242  0.1194412637
C   -1.6293358644  -1.2815399551  -0.1185485340
C   1.2816425151  -1.6294106658  0.1193679090
F   2.3524415838  -2.9922466572  -1.6844608239
F   1.9605019307  -2.4900173944  2.3795535333
F   -2.9920676161  -2.3537693239  1.6845133963
F   -2.4903673296  -1.9589316671  -2.3791690281
F   -1.9584970354  2.4915630437  2.3796170769
F   -2.3543644535  2.9906102096  -1.6843989622
F   2.4910668587  1.9597611638  -2.3799882376
F   2.9912531030  2.3530454833  1.6841911408
momentum
-0.8169208970952714  6.313820616215006  -8.62096355340959
26.780154973226452  32.82107999791183  4.191356615057019
-0.16973526015319204  -42.28053770046619  -5.555126659756464
10.074423831526023  15.684691180935046  -30.956674036260672
42.46386919713897  -57.64514186212548  19.665187664231745
-9.727677960767227  36.97852012197583  2.108027872450539
16.11168793561164  -12.782340324402048  7.3454418073403644
-21.444382924390762  58.08860230513566  -8.63904185691974
-10.395904896874793  0.7117341670367177  35.18137064769389
0.2822141455704475  -2.4680314996817043  -27.00209973239
-37.95769061615579  -9.979702992647173  7.495812206703151
-15.324968185781849  -25.24340076936673  4.795223251418272
