C   1.6294072120  1.2816543092  -0.1200477819
C   -1.2816644249  1.6292740242  0.1194412637
C   -1.6293358644  -1.2815399551  -0.1185485340
C   1.2816425151  -1.6294106658  0.1193679090
F   2.3524415838  -2.9922466572  -1.6844608239
F   1.9605019307  -2.4900173944  2.3795535333
F   -2.9920676161  -2.3537693239  1.6845133963
F   -2.4903673296  -1.9589316671  -2.3791690281
F   -1.9584970354  2.4915630437  2.3796170769
F   -2.3543644535  2.9906102096  -1.6843989622
F   2.4910668587  1.9597611638  -2.3799882376
F   2.9912531030  2.3530454833  1.6841911408
momentum
-3.401313606109903  11.97648142253738  -15.654954362634966
-13.961374351724734  19.221640363989373  10.986683621392249
9.798534809613772  25.835572743102336  -25.215567839521015
22.50946305928167  -44.90387593212973  -2.6823765988751918
-3.00176000494425  36.03833037215534  -5.571452747652596
-3.0149997579954926  -59.93168437377165  23.752743972043138
-5.739706176253407  35.43034297135669  19.487061703996584
18.612575481854684  0.9161476598070218  61.42611977631002
-16.144034025831132  -48.498050689766366  3.556690636786274
-10.417595843931176  6.687179525030753  -84.10447002585519
-31.19520575389815  32.00266697849827  -8.254017460888592
35.670257974137044  -14.914974397995639  22.25949111899561
