C   1.6294072120  1.2816543092  -0.1200477819
C   -1.2816644249  1.6292740242  0.1194412637
C   -1.6293358644  -1.2815399551  -0.1185485340
C   1.2816425151  -1.6294106658  0.1193679090
F   2.3524415838  -2.9922466572  -1.6844608239
F   1.9605019307  -2.4900173944  2.3795535333
F   -2.9920676161  -2.3537693239  1.6845133963
F   -2.4903673296  -1.9589316671  -2.3791690281
F   -1.9584970354  2.4915630437  2.3796170769
F   -2.3543644535  2.9906102096  -1.6843989622
F   2.4910668587  1.9597611638  -2.3799882376
F   2.9912531030  2.3530454833  1.6841911408
momentum
7.617362255237536  26.66982856260331  -2.566451878775248
27.095600283162913  -5.941014182525538  -13.351396955661428
-25.651106112129458  14.197333634559051  11.646006870669716
32.73589471279629  -22.06922665850192  -39.73229998128284
7.096830847137496  1.1699984429044978  30.0267689339397
-10.055181567110601  -27.612177290430044  41.633636791283294
25.07643290320973  24.165720394120832  -14.715796000583573
-39.58038566457015  -1.0823487673424095  -6.2658714588801026
-7.374677375580999  -36.387028440353255  -4.64928213060068
-79.09447286462773  17.743191774957847  -8.116995125052236
31.873726787999995  2.672850566432167  1.3685604335623687
30.365552206424173  6.597166729389813  4.716749482891878
