C   1.6294072120  1.2816543092  -0.1200477819
C   -1.2816644249  1.6292740242  0.1194412637
C   -1.6293358644  -1.2815399551  -0.1185485340
C   1.2816425151  -1.6294106658  0.1193679090
F   2.3524415838  -2.9922466572  -1.6844608239
F   1.9605019307  -2.4900173944  2.3795535333
F   -2.9920676161  -2.3537693239  1.6845133963
F   -2.4903673296  -1.9589316671  -2.3791690281
F   -1.9584970354  2.4915630437  2.3796170769
F   -2.3543644535  2.9906102096  -1.6843989622
F   2.4910668587  1.9597611638  -2.3799882376
F   2.9912531030  2.3530454833  1.6841911408
momentum
-46.44040259508894  15.419900104586416  6.549938198197069
25.11259661471581  22.39492907646736  -4.076631103474238
13.297315820173624  -32.18957757126427  45.98142166034693
31.877970558142152  -13.849673562204185  -1.8682475438784747
9.355246707094718  -20.11477405197299  -71.78781875159363
-27.874090828446057  36.06437405382652  38.93121897249332
6.4506016930933825  12.842777260652133  -30.004725752342353
-38.30639493429647  -20.92977155239058  17.696667541858268
1.064303733691427  -13.516419334223592  -37.24871006615591
24.85527557136415  9.43562441435005  34.075432043863465
30.604048402342297  14.27776801023804  43.0727774250079
-30.037442786472816  -9.516203084343251  -41.468771135125436
