C   1.6294072120  1.2816543092  -0.1200477819
C   -1.2816644249  1.6292740242  0.1194412637
C   -1.6293358644  -1.2815399551  -0.1185485340
C   1.2816425151  -1.6294106658  0.1193679090
F   2.3524415838  -2.9922466572  -1.6844608239
F   1.9605019307  -2.4900173944  2.3795535333
F   -2.9920676161  -2.3537693239  1.6845133963
F   -2.4903673296  -1.9589316671  -2.3791690281
F   -1.9584970354  2.4915630437  2.3796170769
F   -2.3543644535  2.9906102096  -1.6843989622
F   2.4910668587  1.9597611638  -2.3799882376
F   2.9912531030  2.3530454833  1.6841911408
momentum
11.019323218016225  -15.71673824612605  -37.329661902485014
-10.456958861135943  0.38874961099848665  24.43218223863137
-17.4345432550983  -45.52585842034652  -11.344757486335908
-17.37627781391283  -14.922513620750582  -10.838504874126393
-47.24821319125745  44.751184518763765  41.351493550549264
-6.517397626873663  -3.714663970858877  58.27435629252189
26.62963808190175  -3.913448936876135  -19.477011783604677
36.55563038309308  53.799246449905006  4.9405544080838295
3.0773513201556266  -27.22629684293415  -39.08563169713437
28.675085422270268  -12.146825893517898  46.51794917189436
-4.983895477977722  16.727713712812182  -46.33698869843706
-2.1781346350915807  7.512930559110992  -11.528621264173015
