C   1.6294072120  1.2816543092  -0.1200477819
C   -1.2816644249  1.6292740242  0.1194412637
C   -1.6293358644  -1.2815399551  -0.1185485340
C   1.2816425151  -1.6294106658  0.1193679090
F   2.3524415838  -2.9922466572  -1.6844608239
F   1.9605019307  -2.4900173944  2.3795535333
F   -2.9920676161  -2.3537693239  1.6845133963
F   -2.4903673296  -1.9589316671  -2.3791690281
F   -1.9584970354  2.4915630437  2.3796170769
F   -2.3543644535  2.9906102096  -1.6843989622
F   2.4910668587  1.9597611638  -2.3799882376
F   2.9912531030  2.3530454833  1.6841911408
momentum
-29.937864467366747  -3.8179998065627747  2.3981309703268603
-6.312790135937061  1.7543265697554427  -5.902492950953424
10.53646242650383  -17.38910738524566  22.562699813907535
-6.455759684399349  -12.9305025501452  11.37467803885314
2.3780486992071346  42.232753270421085  7.6036949823433755
27.454597569457782  -1.2229166053903742  28.19691649217129
-33.098771475697454  35.83966585754643  -15.792723740625712
-29.02567182136457  -4.212956498987389  -21.353278207600937
32.980827772028015  -55.91641298694497  -8.557545746973684
33.51540090154955  -4.680824674471471  15.255537427905704
14.119059071217228  8.53762198988271  -0.9957470243166002
-15.90863117894541  11.811130636354491  -34.902927165539595
