C   1.6294072120  1.2816543092  -0.1200477819
C   -1.2816644249  1.6292740242  0.1194412637
C   -1.6293358644  -1.2815399551  -0.1185485340
C   1.2816425151  -1.6294106658  0.1193679090
F   2.3524415838  -2.9922466572  -1.6844608239
F   1.9605019307  -2.4900173944  2.3795535333
F   -2.9920676161  -2.3537693239  1.6845133963
F   -2.4903673296  -1.9589316671  -2.3791690281
F   -1.9584970354  2.4915630437  2.3796170769
F   -2.3543644535  2.9906102096  -1.6843989622
F   2.4910668587  1.9597611638  -2.3799882376
F   2.9912531030  2.3530454833  1.6841911408
momentum
28.90034272658254  -25.968785136613235  59.75623493589468
-20.936162022475557  -54.39197982707392  24.029974615087298
19.64187254782328  -16.307449384341936  -17.24717752076114
-20.44450159181379  44.94426481866609  35.7780525258186
-43.76569889539925  -44.828713620925086  -38.68052411686834
24.645972042102176  45.27814438225841  -20.624982995762885
-6.435489162286307  46.377087730630926  -25.901395578542623
-9.338638209035038  -14.739364260187184  -2.3505961886073026
-23.387272669287135  -31.7654528761998  -29.939103146873293
53.00972725554042  -1.5795044167356478  29.5165610794162
-15.83803965167994  4.287832860456917  -18.255474086466315
13.809509224630013  48.81686220216144  4.124169660305025
