C   1.6294072120  1.2816543092  -0.1200477819
C   -1.2816644249  1.6292740242  0.1194412637
C   -1.6293358644  -1.2815399551  -0.1185485340
C   1.2816425151  -1.6294106658  0.1193679090
F   2.3524415838  -2.9922466572  -1.6844608239
F   1.9605019307  -2.4900173944  2.3795535333
F   -2.9920676161  -2.3537693239  1.6845133963
F   -2.4903673296  -1.9589316671  -2.3791690281
F   -1.9584970354  2.4915630437  2.3796170769
F   -2.3543644535  2.9906102096  -1.6843989622
F   2.4910668587  1.9597611638  -2.3799882376
F   2.9912531030  2.3530454833  1.6841911408
momentum
-0.16581217125101924  23.661295021071332  11.078663573591147
-13.770770096597694  21.588405837680614  1.2937723876614975
18.16679615387017  -39.896201407087595  -14.313026836861004
-30.793392985897388  -17.52841950403604  11.698883204404577
-95.321253678536  -24.00372484079299  1.109862619476219
45.167229946338125  32.61450889235975  -31.583431472967312
-2.977621506141465  3.366436840965111  15.863991108654064
34.75372894630972  -9.97001659185043  -50.474783185993786
39.08669385233066  15.419397069759977  37.2360321266921
57.08488305375621  -46.76824107329138  -19.88067465784314
-18.52347265398569  14.931744873069686  4.553331917310371
-32.806623368373145  26.175712029544854  33.367884198069454
