C   1.6294072120  1.2816543092  -0.1200477819
C   -1.2816644249  1.6292740242  0.1194412637
C   -1.6293358644  -1.2815399551  -0.1185485340
C   1.2816425151  -1.6294106658  0.1193679090
F   2.3524415838  -2.9922466572  -1.6844608239
F   1.9605019307  -2.4900173944  2.3795535333
F   -2.9920676161  -2.3537693239  1.6845133963
F   -2.4903673296  -1.9589316671  -2.3791690281
F   -1.9584970354  2.4915630437  2.3796170769
F   -2.3543644535  2.9906102096  -1.6843989622
F   2.4910668587  1.9597611638  -2.3799882376
F   2.9912531030  2.3530454833  1.6841911408
momentum
-49.22918816652915  -25.341721839987116  44.95689669898094
-11.086003795815763  21.765752269219426  6.591567715878768
-23.138682934700974  -22.279155852390577  62.954973284759916
-9.476696794273726  7.269544204390963  -23.855492744564874
64.07388717953432  -5.95448145555768  -64.56377815664776
-11.995460064117994  -3.3961334044168785  -15.00975346848728
35.05168378711246  10.642002642980145  -4.092765015200994
22.149046489793278  -0.31302931711775744  44.379427689864784
-0.9632088445805775  1.4021438279002927  1.6436092448806143
69.15875937988713  54.305475203527266  -58.19955004591833
-44.49042698636262  -34.28976845032426  12.575930798875767
-40.27179981010447  -3.7188930304094874  -7.362299518420337
