C   1.6294072120  1.2816543092  -0.1200477819
C   -1.2816644249  1.6292740242  0.1194412637
C   -1.6293358644  -1.2815399551  -0.1185485340
C   1.2816425151  -1.6294106658  0.1193679090
F   2.3524415838  -2.9922466572  -1.6844608239
F   1.9605019307  -2.4900173944  2.3795535333
F   -2.9920676161  -2.3537693239  1.6845133963
F   -2.4903673296  -1.9589316671  -2.3791690281
F   -1.9584970354  2.4915630437  2.3796170769
F   -2.3543644535  2.9906102096  -1.6843989622
F   2.4910668587  1.9597611638  -2.3799882376
F   2.9912531030  2.3530454833  1.6841911408
momentum
26.11963434711492  36.14112231686841  5.71330596171682
-9.272448603391615  -4.948027940467139  -24.72596792446388
12.014300978537921  18.737527505014985  54.39166054652884
2.422138823329608  -35.5110680695602  1.2814826584657222
-37.22066504793513  28.15684885764976  20.207782082456845
14.070952697269561  45.979645340577626  -16.07656471908747
6.398624651988018  -61.02931622234069  -10.246190635241149
-48.72657546801292  4.071243192061246  -32.22935513463379
9.267398028929994  -25.043510143185884  -11.17703758718672
47.87899928934981  14.595536958840016  -25.11883155393435
-29.816057907965  -25.21805020023216  70.32497856820603
7.155823830848546  3.9654331508519585  -32.08614290926318
