C   1.6294072120  1.2816543092  -0.1200477819
C   -1.2816644249  1.6292740242  0.1194412637
C   -1.6293358644  -1.2815399551  -0.1185485340
C   1.2816425151  -1.6294106658  0.1193679090
F   2.3524415838  -2.9922466572  -1.6844608239
F   1.9605019307  -2.4900173944  2.3795535333
F   -2.9920676161  -2.3537693239  1.6845133963
F   -2.4903673296  -1.9589316671  -2.3791690281
F   -1.9584970354  2.4915630437  2.3796170769
F   -2.3543644535  2.9906102096  -1.6843989622
F   2.4910668587  1.9597611638  -2.3799882376
F   2.9912531030  2.3530454833  1.6841911408
momentum
-29.95562889135327  34.68189808706273  23.213825436454478
-0.6214506437899473  -5.547353327257225  -34.07629323415169
-0.032026112845245536  21.60731245817575  1.6140928073351095
2.813571332683852  20.701034362066785  37.17520842152364
-17.468018467154277  -47.40440737008481  3.529946121876837
16.94447986420124  18.91822683942138  17.900436215548975
65.42401015028095  -49.29349943948728  -16.857535504113848
-11.882782904463497  92.5550714452513  -2.4293144169251852
45.4696701023715  -15.829127715180869  -28.40995205420384
-2.049469275919566  -8.63750786797623  11.971856940299066
5.465347939865143  -30.13097604882096  53.52342767767354
-73.86601750013989  -31.24097323408588  -67.25957093538723
