C   1.6294072120  1.2816543092  -0.1200477819
C   -1.2816644249  1.6292740242  0.1194412637
C   -1.6293358644  -1.2815399551  -0.1185485340
C   1.2816425151  -1.6294106658  0.1193679090
F   2.3524415838  -2.9922466572  -1.6844608239
F   1.9605019307  -2.4900173944  2.3795535333
F   -2.9920676161  -2.3537693239  1.6845133963
F   -2.4903673296  -1.9589316671  -2.3791690281
F   -1.9584970354  2.4915630437  2.3796170769
F   -2.3543644535  2.9906102096  -1.6843989622
F   2.4910668587  1.9597611638  -2.3799882376
F   2.9912531030  2.3530454833  1.6841911408
momentum
-11.512866097787008  1.9059910174446049  4.7100047907581555
-31.65215463329994  -29.991739562606266  -4.286615508512179
-9.758288794406994  15.520789758773645  -1.1232254895879188
-3.4290688602140786  -26.536469690657597  3.6659593783131497
-10.329032913720171  16.53132869296376  20.128192211634534
37.39850498240399  15.866211222129458  0.38224988287920975
-6.448809934471061  -20.654594218867736  -22.551430674196126
-21.52010521063416  -3.0791143997130805  -12.603177467064638
22.32603088595751  -6.9987650101656405  -17.392897306999664
58.235484490255956  24.237360363491206  25.470570021682736
-22.645689410311824  -28.062221548708372  -1.6388272308567284
-0.5103281215120082  41.23944062843898  5.274482521134189
