C   1.6294072120  1.2816543092  -0.1200477819
C   -1.2816644249  1.6292740242  0.1194412637
C   -1.6293358644  -1.2815399551  -0.1185485340
C   1.2816425151  -1.6294106658  0.1193679090
F   2.3524415838  -2.9922466572  -1.6844608239
F   1.9605019307  -2.4900173944  2.3795535333
F   -2.9920676161  -2.3537693239  1.6845133963
F   -2.4903673296  -1.9589316671  -2.3791690281
F   -1.9584970354  2.4915630437  2.3796170769
F   -2.3543644535  2.9906102096  -1.6843989622
F   2.4910668587  1.9597611638  -2.3799882376
F   2.9912531030  2.3530454833  1.6841911408
momentum
20.76878032906395  -32.37392328657814  14.77397678063043
27.866294350761493  -12.900387976794935  -1.6868580586053858
6.5854480048666275  29.959614943177833  22.621401121444915
13.832049339299168  48.16690750262689  4.663300272571756
-14.408882564717937  -23.021007313085462  5.886340800120828
4.3272696546264475  25.515984407456447  -15.74332378200567
-41.108071281896976  -10.589314583860949  -24.271541804138337
7.579450141346677  21.014332541003373  5.125860904447841
38.774654323512436  -24.51303712427077  -26.38763339560707
-36.17086016087339  -24.4393266740411  32.36059083806334
20.76034383892587  -5.088440610994337  -16.579485351445747
-48.70934849009931  8.374755221881081  -0.7058762316458048
