C   1.6294072120  1.2816543092  -0.1200477819
C   -1.2816644249  1.6292740242  0.1194412637
C   -1.6293358644  -1.2815399551  -0.1185485340
C   1.2816425151  -1.6294106658  0.1193679090
F   2.3524415838  -2.9922466572  -1.6844608239
F   1.9605019307  -2.4900173944  2.3795535333
F   -2.9920676161  -2.3537693239  1.6845133963
F   -2.4903673296  -1.9589316671  -2.3791690281
F   -1.9584970354  2.4915630437  2.3796170769
F   -2.3543644535  2.9906102096  -1.6843989622
F   2.4910668587  1.9597611638  -2.3799882376
F   2.9912531030  2.3530454833  1.6841911408
momentum
-52.99455524908652  10.102014196520727  23.930678077006544
19.44828708242374  20.743129289537  16.16092324565801
15.417689689265686  -8.90304087825648  -22.667830456426795
-5.014132847818124  -8.657153648283536  8.481586951049824
-13.823594720569636  17.251605286306788  10.38012305691643
16.98959658188319  21.273723518184646  -55.81884008945172
-38.393707759039785  -47.004867558453654  6.755332868813534
-58.22664916081119  4.8911755915486035  39.30181503926148
12.659437205598653  -2.3008211964252885  -49.82242409448105
42.54916173719453  -46.25821803175208  25.76068982636324
78.75288370556194  9.902641402363383  11.760437573903404
-16.924910382367173  28.9800774716565  -14.318581974692085
