C   1.6294072120  1.2816543092  -0.1200477819
C   -1.2816644249  1.6292740242  0.1194412637
C   -1.6293358644  -1.2815399551  -0.1185485340
C   1.2816425151  -1.6294106658  0.1193679090
F   2.3524415838  -2.9922466572  -1.6844608239
F   1.9605019307  -2.4900173944  2.3795535333
F   -2.9920676161  -2.3537693239  1.6845133963
F   -2.4903673296  -1.9589316671  -2.3791690281
F   -1.9584970354  2.4915630437  2.3796170769
F   -2.3543644535  2.9906102096  -1.6843989622
F   2.4910668587  1.9597611638  -2.3799882376
F   2.9912531030  2.3530454833  1.6841911408
momentum
18.380794107418154  -15.604021298596106  -14.727575692506866
-18.542651737871076  -53.55805377454056  7.562150977897149
15.638586423988768  -16.26504109702462  30.093990750241936
-6.955492963387532  -10.831234095221726  21.3212360572883
-32.82633621994655  -7.081159335179965  -20.404063046879568
-6.961366364954981  31.569821222712164  0.6571648658015361
-35.88571304919588  -17.71434967785393  -19.266692996307313
43.323375173110634  35.25959335446615  2.3291885806670187
84.3441972429902  19.5011286188204  -3.2367817251414865
-15.784406487058481  -8.811961740472775  -26.220328120483977
-14.618963881586822  29.879106357313727  8.510193694211194
-30.253748487070766  13.549445692031851  13.363118862955472
