C   1.6294072120  1.2816543092  -0.1200477819
C   -1.2816644249  1.6292740242  0.1194412637
C   -1.6293358644  -1.2815399551  -0.1185485340
C   1.2816425151  -1.6294106658  0.1193679090
F   2.3524415838  -2.9922466572  -1.6844608239
F   1.9605019307  -2.4900173944  2.3795535333
F   -2.9920676161  -2.3537693239  1.6845133963
F   -2.4903673296  -1.9589316671  -2.3791690281
F   -1.9584970354  2.4915630437  2.3796170769
F   -2.3543644535  2.9906102096  -1.6843989622
F   2.4910668587  1.9597611638  -2.3799882376
F   2.9912531030  2.3530454833  1.6841911408
momentum
-17.378796155796007  18.032823318431706  15.749795543682668
-0.6767990048001694  -7.78190784083077  13.592261463530058
-7.64788790921998  -41.029328903677175  -21.352506643499805
9.040068158082708  16.458204558876997  -10.949987273823343
37.550644923178965  -6.5279226066245775  -43.548301045205896
-10.79986534158613  -21.56628867116978  2.916311315686039
2.8285958038794146  -2.519849718234386  47.64599085680255
18.900177347860264  19.783883387188734  14.56423346612483
22.678290819804243  51.940043961891575  -7.1225290825787635
0.22174599783337964  12.361676044812942  -48.84348263263809
-34.886513860573054  -8.197683421884056  30.746802282259747
-19.763893464029657  -30.927959169951418  6.526156462686735
