C   1.6294072120  1.2816543092  -0.1200477819
C   -1.2816644249  1.6292740242  0.1194412637
C   -1.6293358644  -1.2815399551  -0.1185485340
C   1.2816425151  -1.6294106658  0.1193679090
F   2.3524415838  -2.9922466572  -1.6844608239
F   1.9605019307  -2.4900173944  2.3795535333
F   -2.9920676161  -2.3537693239  1.6845133963
F   -2.4903673296  -1.9589316671  -2.3791690281
F   -1.9584970354  2.4915630437  2.3796170769
F   -2.3543644535  2.9906102096  -1.6843989622
F   2.4910668587  1.9597611638  -2.3799882376
F   2.9912531030  2.3530454833  1.6841911408
momentum
2.1985415520576104  -41.38612838340476  12.821447746629376
34.00923059862681  -1.283880864028404  -16.39476524684763
16.589773405709224  52.064387285501944  -7.09234697889777
39.389158315952876  -5.602875848516519  -14.25541885513498
-27.169910234783256  -13.591720686618148  12.012881027951456
21.49965379242402  12.233455683640102  0.421159690216143
9.88948173837427  33.70040731776504  -37.87091855582546
-8.737284888125764  -50.07724577221602  -22.249553518498278
-24.9882653891892  39.044083313353205  4.7493339537071355
15.96031175783093  -18.347243737077147  74.51909359652065
-27.412021652867683  -0.23114284880291647  -7.8944552531183945
-51.449859463305295  -6.197096290857779  1.1963652847930564
