C   1.6294072120  1.2816543092  -0.1200477819
C   -1.2816644249  1.6292740242  0.1194412637
C   -1.6293358644  -1.2815399551  -0.1185485340
C   1.2816425151  -1.6294106658  0.1193679090
F   2.3524415838  -2.9922466572  -1.6844608239
F   1.9605019307  -2.4900173944  2.3795535333
F   -2.9920676161  -2.3537693239  1.6845133963
F   -2.4903673296  -1.9589316671  -2.3791690281
F   -1.9584970354  2.4915630437  2.3796170769
F   -2.3543644535  2.9906102096  -1.6843989622
F   2.4910668587  1.9597611638  -2.3799882376
F   2.9912531030  2.3530454833  1.6841911408
momentum
-7.163664002611203  -13.658869178483029  -2.1209006973189215
6.082475180438338  -50.57998611311928  39.545741882872996
11.344932640318158  -5.362666849500377  4.698411498434426
-4.335022744619024  -30.564845127829802  -14.024075689766148
-29.837086174168302  27.613117579953848  35.735990736676655
6.597838939582399  15.334866567460102  14.550927840916302
28.114850284150936  13.542339821555814  5.666905615895039
15.264608096193834  20.51283021587135  -77.54899550718075
-63.19380145728695  32.7930709581035  30.29254324653568
-39.94633377395089  14.374103810616262  16.473328885548096
41.05610782579895  -26.373624026490738  -11.758039752008973
36.001360728995444  2.52177828254754  -41.756191614803754
