C   1.6294072120  1.2816543092  -0.1200477819
C   -1.2816644249  1.6292740242  0.1194412637
C   -1.6293358644  -1.2815399551  -0.1185485340
C   1.2816425151  -1.6294106658  0.1193679090
F   2.3524415838  -2.9922466572  -1.6844608239
F   1.9605019307  -2.4900173944  2.3795535333
F   -2.9920676161  -2.3537693239  1.6845133963
F   -2.4903673296  -1.9589316671  -2.3791690281
F   -1.9584970354  2.4915630437  2.3796170769
F   -2.3543644535  2.9906102096  -1.6843989622
F   2.4910668587  1.9597611638  -2.3799882376
F   2.9912531030  2.3530454833  1.6841911408
momentum
2.756305436600938  25.77346381805825  42.85361627659161
-18.87492965786884  32.72963378779467  -33.29779206502193
12.590347297898143  9.311446246005744  34.224142220580184
17.733374997590275  -28.429234435998932  -5.295204294029207
-37.891474215649176  0.3824132248526848  -51.64532285896988
33.54328738572534  -10.009290933302788  47.19195719586088
-41.57048996877636  -18.898072849434087  -6.031294308895167
17.218933512048313  -32.59775614243948  -9.322693233019054
-24.574681413562658  -18.200376092699166  -25.851549670229495
60.153078711194006  22.927592951278307  28.88595748670592
-34.09922174105551  -8.711767726296003  13.766763692404075
13.027338866333938  25.69280785158373  -35.369797168521096
