C   1.6294072120  1.2816543092  -0.1200477819
C   -1.2816644249  1.6292740242  0.1194412637
C   -1.6293358644  -1.2815399551  -0.1185485340
C   1.2816425151  -1.6294106658  0.1193679090
F   2.3524415838  -2.9922466572  -1.6844608239
F   1.9605019307  -2.4900173944  2.3795535333
F   -2.9920676161  -2.3537693239  1.6845133963
F   -2.4903673296  -1.9589316671  -2.3791690281
F   -1.9584970354  2.4915630437  2.3796170769
F   -2.3543644535  2.9906102096  -1.6843989622
F   2.4910668587  1.9597611638  -2.3799882376
F   2.9912531030  2.3530454833  1.6841911408
momentum
28.61619281340682  -25.592817281385845  -24.087993772816855
7.620305467181596  9.061031953191947  -31.393877410889125
-27.15460685158175  -17.31548938550838  -0.8620377572132871
-2.205988692194677  -7.30276398532406  -17.840132288130583
54.24352990938272  -27.07359940720685  9.521425526275339
18.492118672145313  -7.615862682963845  -20.696843103829053
-45.914801606819864  16.996431069429086  31.98250410536373
-32.44168007176373  -29.52964021912597  -21.482654634088345
13.950400343851555  1.0764822708982555  30.387001321590112
-15.558672440848115  21.241280071513295  -9.611585538482332
-1.4580637091875495  28.717659330126835  50.88798348683435
2.021731308363632  37.34544139951111  3.4546444385113158
