C   1.6294072120  1.2816543092  -0.1200477819
C   -1.2816644249  1.6292740242  0.1194412637
C   -1.6293358644  -1.2815399551  -0.1185485340
C   1.2816425151  -1.6294106658  0.1193679090
F   2.3524415838  -2.9922466572  -1.6844608239
F   1.9605019307  -2.4900173944  2.3795535333
F   -2.9920676161  -2.3537693239  1.6845133963
F   -2.4903673296  -1.9589316671  -2.3791690281
F   -1.9584970354  2.4915630437  2.3796170769
F   -2.3543644535  2.9906102096  -1.6843989622
F   2.4910668587  1.9597611638  -2.3799882376
F   2.9912531030  2.3530454833  1.6841911408
momentum
-9.169395502262255  23.34662022521757  51.29115132973212
-33.78835716906118  -11.498786501269453  -13.117459832237728
-9.832293766668775  6.984215306572042  -73.28060328615277
7.417841895623331  -57.49129617857602  -48.56236265250404
-22.899399947722134  25.249418969885294  35.63482380510761
-38.71907020458258  13.723650001865968  9.274651899423054
-22.006613897819133  -11.195586183449935  36.816051499823615
41.54637759380804  4.92380035984612  47.89639971694306
3.267828077806706  -36.23444559267615  -46.278057754359665
1.4786755961988136  -2.65667621743883  42.14843918673584
16.465276111929146  31.652461282324833  15.794956784620751
66.33938151236173  13.178698416817326  -57.71512547918712
