C   1.6294072120  1.2816543092  -0.1200477819
C   -1.2816644249  1.6292740242  0.1194412637
C   -1.6293358644  -1.2815399551  -0.1185485340
C   1.2816425151  -1.6294106658  0.1193679090
F   2.3524415838  -2.9922466572  -1.6844608239
F   1.9605019307  -2.4900173944  2.3795535333
F   -2.9920676161  -2.3537693239  1.6845133963
F   -2.4903673296  -1.9589316671  -2.3791690281
F   -1.9584970354  2.4915630437  2.3796170769
F   -2.3543644535  2.9906102096  -1.6843989622
F   2.4910668587  1.9597611638  -2.3799882376
F   2.9912531030  2.3530454833  1.6841911408
momentum
-0.16661691867161282  -30.736284965157893  -19.398611577018908
46.138738240875085  0.5469365029716172  -40.56399035369606
7.089804870863736  4.393024478861103  -7.0827417652423685
-18.323577080703235  -28.342930345277335  -23.758257183408
59.99224387426361  14.926542620829832  19.38903088567354
-10.845751014494711  -29.93494335011949  24.13874238297712
17.320103245247743  21.952805947316694  55.63126378881939
-10.628704488647102  30.211603845309114  38.89576177098101
-29.24252110774122  -32.23405304977145  -5.787819021680005
-15.587295402521619  39.701035198332264  -42.36441227105511
-32.190101597672744  62.07246054635914  8.311423698444502
-13.629460215163386  -52.382223074352474  -7.426970972592243
