C   1.6294072120  1.2816543092  -0.1200477819
C   -1.2816644249  1.6292740242  0.1194412637
C   -1.6293358644  -1.2815399551  -0.1185485340
C   1.2816425151  -1.6294106658  0.1193679090
F   2.3524415838  -2.9922466572  -1.6844608239
F   1.9605019307  -2.4900173944  2.3795535333
F   -2.9920676161  -2.3537693239  1.6845133963
F   -2.4903673296  -1.9589316671  -2.3791690281
F   -1.9584970354  2.4915630437  2.3796170769
F   -2.3543644535  2.9906102096  -1.6843989622
F   2.4910668587  1.9597611638  -2.3799882376
F   2.9912531030  2.3530454833  1.6841911408
momentum
2.6621082980022766  22.47127442970753  26.652405048345845
-29.073635794936997  -7.003769522626169  -11.462310939682242
-3.9808837784303424  31.711629323735437  -12.888129370948578
27.774276688240484  2.960725797309419  -7.853287588256499
-57.54468267263135  -46.95171826276385  13.847606337139219
-39.36190507852903  -25.78061306094116  1.8049398314846026
99.79628834520777  14.990574345061026  -9.977433747484474
-29.07303693132406  13.189333728645039  -36.471864187734894
47.49384015985641  -22.389695313203735  -11.828561603297441
-11.615785509415668  -40.981914988072276  -3.4267064104600764
-8.219646678757995  -10.74939630437486  34.94471654653939
1.0242070631866498  68.59943869362654  16.762636690293263
