C   1.6294072120  1.2816543092  -0.1200477819
C   -1.2816644249  1.6292740242  0.1194412637
C   -1.6293358644  -1.2815399551  -0.1185485340
C   1.2816425151  -1.6294106658  0.1193679090
F   2.3524415838  -2.9922466572  -1.6844608239
F   1.9605019307  -2.4900173944  2.3795535333
F   -2.9920676161  -2.3537693239  1.6845133963
F   -2.4903673296  -1.9589316671  -2.3791690281
F   -1.9584970354  2.4915630437  2.3796170769
F   -2.3543644535  2.9906102096  -1.6843989622
F   2.4910668587  1.9597611638  -2.3799882376
F   2.9912531030  2.3530454833  1.6841911408
momentum
-33.22215207173492  12.049031294728502  1.56604839168089
-2.205331522551377  -7.13272696487425  9.338400551230263
33.0851903215277  7.780742347646947  -22.17311760552619
-16.866617505020443  72.43344243526523  67.90493330375797
-42.01302531385395  -4.62318081581362  -22.841338539463784
-20.261836284983932  -43.656562403585255  29.42901978725463
33.0157812104003  4.87092386525385  -19.73130126296707
17.950266411671052  -40.19073351150286  -50.827779977078485
16.33983184705278  27.230062836527594  12.484624221090076
1.4880336106840777  -21.672026837947293  34.13293901842772
-4.029663669099069  -8.806726627183206  -53.720357020717785
16.75523703211135  1.5162601034294618  14.373630683106901
