C   1.6294072120  1.2816543092  -0.1200477819
C   -1.2816644249  1.6292740242  0.1194412637
C   -1.6293358644  -1.2815399551  -0.1185485340
C   1.2816425151  -1.6294106658  0.1193679090
F   2.3524415838  -2.9922466572  -1.6844608239
F   1.9605019307  -2.4900173944  2.3795535333
F   -2.9920676161  -2.3537693239  1.6845133963
F   -2.4903673296  -1.9589316671  -2.3791690281
F   -1.9584970354  2.4915630437  2.3796170769
F   -2.3543644535  2.9906102096  -1.6843989622
F   2.4910668587  1.9597611638  -2.3799882376
F   2.9912531030  2.3530454833  1.6841911408
momentum
-8.940537120924297  12.10841117333852  -7.925404870779532
-27.145718545363557  -55.07609399872795  -3.343004039910855
47.99063425526317  23.828183745130136  44.12474364451623
-12.12860481659142  -1.0545582986158275  22.33095547198354
-29.347188774996702  21.520718899709312  -0.19646962639730361
21.597381670752156  -1.6151026739249832  -36.50853841330946
-29.094924984845107  29.515686499184262  26.378067967917215
49.214888144056694  16.30204122418469  -35.22687096691434
-27.461981098382488  22.161136082948868  -21.7152225981273
20.27887658503013  -33.03681067948828  17.599936830343335
-13.860571026062171  7.7883392816544  -8.893288953488886
8.952728106669843  -42.5673625644241  3.291633264361734
