C   1.6294072120  1.2816543092  -0.1200477819
C   -1.2816644249  1.6292740242  0.1194412637
C   -1.6293358644  -1.2815399551  -0.1185485340
C   1.2816425151  -1.6294106658  0.1193679090
F   2.3524415838  -2.9922466572  -1.6844608239
F   1.9605019307  -2.4900173944  2.3795535333
F   -2.9920676161  -2.3537693239  1.6845133963
F   -2.4903673296  -1.9589316671  -2.3791690281
F   -1.9584970354  2.4915630437  2.3796170769
F   -2.3543644535  2.9906102096  -1.6843989622
F   2.4910668587  1.9597611638  -2.3799882376
F   2.9912531030  2.3530454833  1.6841911408
momentum
-5.861386810258623  -15.939642882016576  1.9354685471410034
-4.0679555152241464  -18.321860095878584  -5.547645483964065
-3.358260464873568  10.709441339090244  44.54865006045424
38.06392871998413  15.670548172943155  8.399390286683753
-4.8817535769107785  -19.19596955218094  4.492352098338087
-5.156045996576105  1.634890450372167  -69.22891116361882
5.980124191690208  24.792923824795103  39.556997211637444
12.643262638524504  -2.914781078917828  -18.433184583725264
4.384334498519801  33.296924966485506  -18.171836257306786
-2.155291314548997  -24.816770366983633  -34.329147679221585
-15.968488118912328  53.371608206082456  14.28675619741202
-19.741828364894232  -58.260703329922784  32.452900336911284
