C   1.6294072120  1.2816543092  -0.1200477819
C   -1.2816644249  1.6292740242  0.1194412637
C   -1.6293358644  -1.2815399551  -0.1185485340
C   1.2816425151  -1.6294106658  0.1193679090
F   2.3524415838  -2.9922466572  -1.6844608239
F   1.9605019307  -2.4900173944  2.3795535333
F   -2.9920676161  -2.3537693239  1.6845133963
F   -2.4903673296  -1.9589316671  -2.3791690281
F   -1.9584970354  2.4915630437  2.3796170769
F   -2.3543644535  2.9906102096  -1.6843989622
F   2.4910668587  1.9597611638  -2.3799882376
F   2.9912531030  2.3530454833  1.6841911408
momentum
13.93994754115273  -13.080546303305104  -0.06963458791562346
41.0482063900923  7.490862145985148  57.172026956246704
0.46644157823385474  -5.612448804144507  -12.434787873798998
-48.74226057957265  14.97720399749031  -23.039417905176304
53.84586214474042  -44.457395955912546  -27.977266951127174
-27.36278006709518  31.503724129676588  -56.36686113321293
33.61774522063751  47.3526960903434  30.055473710007547
25.973262570714702  4.643883102265369  13.14264299903991
-58.04779142081962  0.5868218061318478  -37.94861576336952
12.551260224532937  -9.092058609756432  20.933448434842006
-33.22424327437873  -31.94228904454132  41.55635458689923
-14.111493640393896  -2.3674159350612016  -4.881385379192944
