C    -2.4142296314     0.0004572234    -0.1337371469
C     0.0002177789     0.0005895615    -1.6563973427
H    -0.0012645053    -1.6648614407    -2.8504366875
H     0.0007067282     1.6651861668    -2.8520829678
C     2.4147500992     0.0001113433    -0.1340099722
F    -4.3860721588     0.0173957217    -1.7116191387
F    -2.6168258190     2.0215053558     1.3483844995
F    -2.6298737526    -2.0398313999     1.3208615780
F     2.6338369846     2.0434334278     1.3154536486
F     4.3873553276    -0.0252003912    -1.7102917433
F     2.6111488342    -2.0181109905     1.3535875082
 momenta
  -5.436793       5.588970       32.00385    
  -3.148165      -34.97358     -0.6373408    
  0.3067586      -3.392341      -6.884731    
  -6.857414       6.375258       5.544606    
  -28.40826       15.15189       38.31099    
   44.00150       13.82426      -12.70552    
 -0.6129317       25.53110      -8.963890    
  -44.30205      -45.40752      -6.407590    
   24.94615      -12.70247      -15.78271    
  -11.41162       3.826917      -10.73964    
   30.93982       26.25587      -13.28883    
