C    -2.4142296314     0.0004572234    -0.1337371469
C     0.0002177789     0.0005895615    -1.6563973427
H    -0.0012645053    -1.6648614407    -2.8504366875
H     0.0007067282     1.6651861668    -2.8520829678
C     2.4147500992     0.0001113433    -0.1340099722
F    -4.3860721588     0.0173957217    -1.7116191387
F    -2.6168258190     2.0215053558     1.3483844995
F    -2.6298737526    -2.0398313999     1.3208615780
F     2.6338369846     2.0434334278     1.3154536486
F     4.3873553276    -0.0252003912    -1.7102917433
F     2.6111488342    -2.0181109905     1.3535875082
 momenta
   28.15248      -30.42071      -12.23320    
  -32.05473       31.33193       23.05058    
  -1.563164       6.264344      -8.600779    
   5.217490     -7.8961998E-02  -2.320211    
  -42.07488      -16.64976      -12.55876    
  -2.403008      -53.28761      -47.49655    
   52.83461       8.718428       44.11890    
  -9.156017       53.97029       5.155385    
  -38.52243       35.58850       61.47591    
   32.45092      -32.53732      -54.44906    
   6.788089      -3.349968       3.419148    
