C    -2.4142296314     0.0004572234    -0.1337371469
C     0.0002177789     0.0005895615    -1.6563973427
H    -0.0012645053    -1.6648614407    -2.8504366875
H     0.0007067282     1.6651861668    -2.8520829678
C     2.4147500992     0.0001113433    -0.1340099722
F    -4.3860721588     0.0173957217    -1.7116191387
F    -2.6168258190     2.0215053558     1.3483844995
F    -2.6298737526    -2.0398313999     1.3208615780
F     2.6338369846     2.0434334278     1.3154536486
F     4.3873553276    -0.0252003912    -1.7102917433
F     2.6111488342    -2.0181109905     1.3535875082
 momenta
  -22.92149      -16.31238       30.92718    
   10.87932      -15.74937      -26.02479    
  -8.448812       7.836703       11.50963    
  0.8233960      -2.202990      -3.261567    
   7.923768      -20.38297      -29.86869    
   53.31836      -41.73987       4.274720    
   35.00103       36.78008       31.68926    
  -20.61644       21.94245      -26.58756    
  -41.13261       26.99520       34.29147    
   13.80674       3.565005      -13.17814    
  -28.66577      -1.107308      -14.10254    
