C    -2.4142296314     0.0004572234    -0.1337371469
C     0.0002177789     0.0005895615    -1.6563973427
H    -0.0012645053    -1.6648614407    -2.8504366875
H     0.0007067282     1.6651861668    -2.8520829678
C     2.4147500992     0.0001113433    -0.1340099722
F    -4.3860721588     0.0173957217    -1.7116191387
F    -2.6168258190     2.0215053558     1.3483844995
F    -2.6298737526    -2.0398313999     1.3208615780
F     2.6338369846     2.0434334278     1.3154536486
F     4.3873553276    -0.0252003912    -1.7102917433
F     2.6111488342    -2.0181109905     1.3535875082
 momenta
  -67.22354       11.29117      -11.27187    
   29.85120      -2.175613      -17.52514    
   1.817486       2.015654       10.88001    
   2.332256      0.5828214       5.021828    
   34.25597       54.53005      -13.88879    
   7.949844      -6.064621       21.04008    
   27.66623       25.01188      -15.45802    
   68.14866      -36.76100       2.847390    
  -11.15699      -32.25219      -1.865119    
  -36.37933      -14.30419       26.14433    
  -56.71696      -1.697008      -5.995600    
