C    -2.4142296314     0.0004572234    -0.1337371469
C     0.0002177789     0.0005895615    -1.6563973427
H    -0.0012645053    -1.6648614407    -2.8504366875
H     0.0007067282     1.6651861668    -2.8520829678
C     2.4147500992     0.0001113433    -0.1340099722
F    -4.3860721588     0.0173957217    -1.7116191387
F    -2.6168258190     2.0215053558     1.3483844995
F    -2.6298737526    -2.0398313999     1.3208615780
F     2.6338369846     2.0434334278     1.3154536486
F     4.3873553276    -0.0252003912    -1.7102917433
F     2.6111488342    -2.0181109905     1.3535875082
 momenta
   8.325785      -5.734020       55.75114    
   37.49192      -25.45567       44.86466    
   2.019581       11.35954      -5.365035    
   4.996417      -7.646683       8.503834    
 -0.1827730       38.24822      -14.59857    
 -0.6599028      -18.49933      -26.76752    
   7.016787      -7.282578      0.6668221    
  -38.25637       14.18379      -9.232183    
   13.37444      -20.64635      -34.97999    
   11.90146       25.68746      -9.338332    
  -45.84265      -4.231889      -9.614036    
