C    -2.4142296314     0.0004572234    -0.1337371469
C     0.0002177789     0.0005895615    -1.6563973427
H    -0.0012645053    -1.6648614407    -2.8504366875
H     0.0007067282     1.6651861668    -2.8520829678
C     2.4147500992     0.0001113433    -0.1340099722
F    -4.3860721588     0.0173957217    -1.7116191387
F    -2.6168258190     2.0215053558     1.3483844995
F    -2.6298737526    -2.0398313999     1.3208615780
F     2.6338369846     2.0434334278     1.3154536486
F     4.3873553276    -0.0252003912    -1.7102917433
F     2.6111488342    -2.0181109905     1.3535875082
 momenta
   9.292422       13.82761     -0.6208680    
   11.91670       5.085313      -32.52089    
  -3.606985      -5.556067      -4.146168    
  -13.71534      -7.137158       1.018783    
   20.08002      -17.13312      -3.768327    
   45.36912      -33.50847      -45.77946    
  0.9726924      -24.74021       99.99636    
  -38.49167       54.23550     -0.6538219    
  -6.258423       67.05524      -40.65696    
  -25.58448       9.368855       20.65779    
 -8.1228485E-05  -60.74846       6.570921    
