C    -2.4142296314     0.0004572234    -0.1337371469
C     0.0002177789     0.0005895615    -1.6563973427
H    -0.0012645053    -1.6648614407    -2.8504366875
H     0.0007067282     1.6651861668    -2.8520829678
C     2.4147500992     0.0001113433    -0.1340099722
F    -4.3860721588     0.0173957217    -1.7116191387
F    -2.6168258190     2.0215053558     1.3483844995
F    -2.6298737526    -2.0398313999     1.3208615780
F     2.6338369846     2.0434334278     1.3154536486
F     4.3873553276    -0.0252003912    -1.7102917433
F     2.6111488342    -2.0181109905     1.3535875082
 momenta
   25.26927      -54.10189       23.83578    
   5.353783       14.69498       23.78675    
  -3.528672     -0.4415624       7.727411    
  -6.220670      -7.646997      0.5773985    
  -7.318174      -19.68696      -1.599160    
   33.41561       18.26356      -60.62867    
   68.59563      -9.421061       17.95397    
  -24.27844       7.390913       13.53043    
  -26.85277       30.01897      -6.957909    
  -38.86877       22.85724      -22.72254    
  -25.73057      -1.712467       4.541292    
