C    -2.4142296314     0.0004572234    -0.1337371469
C     0.0002177789     0.0005895615    -1.6563973427
H    -0.0012645053    -1.6648614407    -2.8504366875
H     0.0007067282     1.6651861668    -2.8520829678
C     2.4147500992     0.0001113433    -0.1340099722
F    -4.3860721588     0.0173957217    -1.7116191387
F    -2.6168258190     2.0215053558     1.3483844995
F    -2.6298737526    -2.0398313999     1.3208615780
F     2.6338369846     2.0434334278     1.3154536486
F     4.3873553276    -0.0252003912    -1.7102917433
F     2.6111488342    -2.0181109905     1.3535875082
 momenta
   8.550745      -26.00802      -25.37411    
  0.5846617       9.788957       1.045008    
 -0.6455536       8.738528      -4.321624    
   10.94495       13.29207      -9.476635    
  -22.78208      -53.49951      -35.80347    
  -8.453563      -18.09955       36.19444    
   8.486550       11.94741       14.84050    
  -37.15321       16.84745       1.164132    
  -7.968051       29.86991      -15.79715    
   31.82898       16.76668       42.74291    
   16.39872      -10.50741      -5.457330    
