C    -2.4142296314     0.0004572234    -0.1337371469
C     0.0002177789     0.0005895615    -1.6563973427
H    -0.0012645053    -1.6648614407    -2.8504366875
H     0.0007067282     1.6651861668    -2.8520829678
C     2.4147500992     0.0001113433    -0.1340099722
F    -4.3860721588     0.0173957217    -1.7116191387
F    -2.6168258190     2.0215053558     1.3483844995
F    -2.6298737526    -2.0398313999     1.3208615780
F     2.6338369846     2.0434334278     1.3154536486
F     4.3873553276    -0.0252003912    -1.7102917433
F     2.6111488342    -2.0181109905     1.3535875082
 momenta
   40.29535       4.337372       19.60995    
  -45.13589       36.65744       2.350230    
  -4.432724      -2.661537      -26.77013    
  -1.808084      0.9026169      -2.932021    
  -23.17084       1.048825      -7.872092    
   18.69728      -2.933037       34.93060    
   38.99522      -12.73436      -45.59721    
  -4.689795      -13.06077      -26.54047    
  -26.28207       21.53213       15.64565    
  -23.90949      -36.33372       25.19890    
   31.28101       3.047115       12.09118    
