C    -2.4142296314     0.0004572234    -0.1337371469
C     0.0002177789     0.0005895615    -1.6563973427
H    -0.0012645053    -1.6648614407    -2.8504366875
H     0.0007067282     1.6651861668    -2.8520829678
C     2.4147500992     0.0001113433    -0.1340099722
F    -4.3860721588     0.0173957217    -1.7116191387
F    -2.6168258190     2.0215053558     1.3483844995
F    -2.6298737526    -2.0398313999     1.3208615780
F     2.6338369846     2.0434334278     1.3154536486
F     4.3873553276    -0.0252003912    -1.7102917433
F     2.6111488342    -2.0181109905     1.3535875082
 momenta
  -5.728892       63.39346      -24.60202    
  -30.68758       9.275680      -15.20155    
   9.374364       21.55424     -0.4467228    
  -1.396737      -1.600656       11.00146    
  -19.01587       28.02193      -6.375575    
  -46.72614      -64.35206      -11.46962    
   39.44137       50.91077       9.396132    
   62.55525      -30.01599      -1.907803    
  -19.98999      -89.38713       9.141044    
   17.06128      -19.36854       5.170208    
  -4.633916       31.23412       24.71811    
