C    -2.4142296314     0.0004572234    -0.1337371469
C     0.0002177789     0.0005895615    -1.6563973427
H    -0.0012645053    -1.6648614407    -2.8504366875
H     0.0007067282     1.6651861668    -2.8520829678
C     2.4147500992     0.0001113433    -0.1340099722
F    -4.3860721588     0.0173957217    -1.7116191387
F    -2.6168258190     2.0215053558     1.3483844995
F    -2.6298737526    -2.0398313999     1.3208615780
F     2.6338369846     2.0434334278     1.3154536486
F     4.3873553276    -0.0252003912    -1.7102917433
F     2.6111488342    -2.0181109905     1.3535875082
 momenta
   36.27197      -13.92021       34.74133    
  -15.09429      -2.680443       38.33294    
  -19.05731      0.7027700      -6.515410    
   8.076334       13.84960      -1.376883    
  -48.41247      -12.67901       3.188392    
  -14.56837      -13.95135       4.101956    
   52.87114       13.52665      -27.93854    
   33.93573       24.29830      -52.55746    
  -44.51220      -42.31161      -20.52377    
  -1.138312       16.32529       10.37057    
   11.46081       16.35424       18.69550    
