C    -2.4142296314     0.0004572234    -0.1337371469
C     0.0002177789     0.0005895615    -1.6563973427
H    -0.0012645053    -1.6648614407    -2.8504366875
H     0.0007067282     1.6651861668    -2.8520829678
C     2.4147500992     0.0001113433    -0.1340099722
F    -4.3860721588     0.0173957217    -1.7116191387
F    -2.6168258190     2.0215053558     1.3483844995
F    -2.6298737526    -2.0398313999     1.3208615780
F     2.6338369846     2.0434334278     1.3154536486
F     4.3873553276    -0.0252003912    -1.7102917433
F     2.6111488342    -2.0181109905     1.3535875082
 momenta
   19.67839      -8.815941       17.73479    
   27.36872      -20.95087       1.289315    
  -7.263188       4.412291       10.32836    
   4.930542       1.732278      -4.114625    
  -1.801363      -30.56655       26.13901    
  -9.631716      -24.19916      -15.14348    
  -54.88778       34.30986      -16.28830    
 -0.5491331       29.25612       21.47472    
   7.890792      -20.60208       67.75525    
   33.91226       22.53866      -79.22464    
  -19.73259       12.54118      -30.18437    
