C    -2.4142296314     0.0004572234    -0.1337371469
C     0.0002177789     0.0005895615    -1.6563973427
H    -0.0012645053    -1.6648614407    -2.8504366875
H     0.0007067282     1.6651861668    -2.8520829678
C     2.4147500992     0.0001113433    -0.1340099722
F    -4.3860721588     0.0173957217    -1.7116191387
F    -2.6168258190     2.0215053558     1.3483844995
F    -2.6298737526    -2.0398313999     1.3208615780
F     2.6338369846     2.0434334278     1.3154536486
F     4.3873553276    -0.0252003912    -1.7102917433
F     2.6111488342    -2.0181109905     1.3535875082
 momenta
  -17.17827       14.11012      -15.94511    
  -19.35967      -28.22985       1.687708    
   7.186176       13.73023       7.305614    
   5.760180      0.4738946      -10.55130    
  -57.04748      -15.44603      -18.20467    
   23.35816       34.88787       7.555079    
   7.003103      -15.88293      -15.21001    
   35.54729      -23.03039       11.98923    
   11.29278      -14.47518       6.979779    
  -4.179602       11.59141       1.928624    
   7.691567       21.86368       21.96197    
