C    -2.4142296314     0.0004572234    -0.1337371469
C     0.0002177789     0.0005895615    -1.6563973427
H    -0.0012645053    -1.6648614407    -2.8504366875
H     0.0007067282     1.6651861668    -2.8520829678
C     2.4147500992     0.0001113433    -0.1340099722
F    -4.3860721588     0.0173957217    -1.7116191387
F    -2.6168258190     2.0215053558     1.3483844995
F    -2.6298737526    -2.0398313999     1.3208615780
F     2.6338369846     2.0434334278     1.3154536486
F     4.3873553276    -0.0252003912    -1.7102917433
F     2.6111488342    -2.0181109905     1.3535875082
 momenta
   11.30104      -23.64889      -33.47550    
   36.79262      -7.195967      -16.83150    
  -2.275056      -11.15003       8.593773    
  -2.346071      -10.66031       2.933607    
   9.954055       25.86807      -24.05525    
  -38.92299       45.10891      0.1436995    
  -11.92509      -6.870265       11.20877    
  0.4476992      -6.609606       20.14453    
  -14.56142       53.64896       34.18257    
   1.477897      -13.95692      -16.89288    
   9.996051      -43.80806       14.17849    
