C    -2.4142296314     0.0004572234    -0.1337371469
C     0.0002177789     0.0005895615    -1.6563973427
H    -0.0012645053    -1.6648614407    -2.8504366875
H     0.0007067282     1.6651861668    -2.8520829678
C     2.4147500992     0.0001113433    -0.1340099722
F    -4.3860721588     0.0173957217    -1.7116191387
F    -2.6168258190     2.0215053558     1.3483844995
F    -2.6298737526    -2.0398313999     1.3208615780
F     2.6338369846     2.0434334278     1.3154536486
F     4.3873553276    -0.0252003912    -1.7102917433
F     2.6111488342    -2.0181109905     1.3535875082
 momenta
   19.24228      -4.542085       1.726629    
   45.12796      -33.42812       12.96681    
  -5.605764      -4.754908       4.175373    
  -2.653068       9.238198      -3.410906    
   33.55434      -27.38381       11.73234    
  -35.63136      -11.27019      -7.335611    
  -37.92357       63.10216       24.05719    
   16.60534       26.73568      -10.20677    
  -50.65079      -35.16859      -7.078094    
   1.016346       24.78565      -3.334379    
   16.76893      -7.227635      -22.83288    
