C    -2.4142296314     0.0004572234    -0.1337371469
C     0.0002177789     0.0005895615    -1.6563973427
H    -0.0012645053    -1.6648614407    -2.8504366875
H     0.0007067282     1.6651861668    -2.8520829678
C     2.4147500992     0.0001113433    -0.1340099722
F    -4.3860721588     0.0173957217    -1.7116191387
F    -2.6168258190     2.0215053558     1.3483844995
F    -2.6298737526    -2.0398313999     1.3208615780
F     2.6338369846     2.0434334278     1.3154536486
F     4.3873553276    -0.0252003912    -1.7102917433
F     2.6111488342    -2.0181109905     1.3535875082
 momenta
   2.368916      -16.34507      -14.42220    
   2.281110      -31.30117       17.84294    
  -3.141810      -6.287044      -9.992674    
 -0.1952787      -9.951821      -6.118917    
  -14.25577      -31.65284      -15.38754    
   21.44706       4.717677       6.320037    
  -17.45688       39.52949     -0.3331052    
   32.45063       18.84019      -13.14221    
   8.482220      -23.33045       56.70512    
  -21.80513       37.41310      -42.50930    
  -10.35486       19.26292       21.11798    
