C    -2.4142296314     0.0004572234    -0.1337371469
C     0.0002177789     0.0005895615    -1.6563973427
H    -0.0012645053    -1.6648614407    -2.8504366875
H     0.0007067282     1.6651861668    -2.8520829678
C     2.4147500992     0.0001113433    -0.1340099722
F    -4.3860721588     0.0173957217    -1.7116191387
F    -2.6168258190     2.0215053558     1.3483844995
F    -2.6298737526    -2.0398313999     1.3208615780
F     2.6338369846     2.0434334278     1.3154536486
F     4.3873553276    -0.0252003912    -1.7102917433
F     2.6111488342    -2.0181109905     1.3535875082
 momenta
  -4.507054      -5.860022      -14.56944    
   2.379396      -7.410415       41.73420    
   6.272268      -2.233372       11.35468    
   8.646741       3.342155      -9.023557    
  -27.45385       19.79099      -16.13293    
  -15.54020      -13.06841      -65.26378    
 -0.5030227       39.93872       30.17676    
   36.35885      -11.39469       45.97235    
   3.738205      -7.719854       24.07336    
   9.883286      -5.388510      -13.83078    
  -19.20998      -10.28677      -34.85911    
