C    -2.4142296314     0.0004572234    -0.1337371469
C     0.0002177789     0.0005895615    -1.6563973427
H    -0.0012645053    -1.6648614407    -2.8504366875
H     0.0007067282     1.6651861668    -2.8520829678
C     2.4147500992     0.0001113433    -0.1340099722
F    -4.3860721588     0.0173957217    -1.7116191387
F    -2.6168258190     2.0215053558     1.3483844995
F    -2.6298737526    -2.0398313999     1.3208615780
F     2.6338369846     2.0434334278     1.3154536486
F     4.3873553276    -0.0252003912    -1.7102917433
F     2.6111488342    -2.0181109905     1.3535875082
 momenta
  -12.92719      -3.403169      -51.13909    
  -34.72801       30.84407      -17.53140    
   12.95982      -2.898757       4.524672    
   6.553428       9.383606      -2.797589    
   41.85670      -27.89153      -70.86631    
  -9.098193       58.44549       3.781850    
  -7.204735      -5.750891       4.330051    
   12.42939      -80.97748       52.26918    
  -5.561800       46.52934       7.833476    
  -10.85727      -25.13831       29.32929    
   6.818287      0.3306131       40.20552    
