C    -2.4142296314     0.0004572234    -0.1337371469
C     0.0002177789     0.0005895615    -1.6563973427
H    -0.0012645053    -1.6648614407    -2.8504366875
H     0.0007067282     1.6651861668    -2.8520829678
C     2.4147500992     0.0001113433    -0.1340099722
F    -4.3860721588     0.0173957217    -1.7116191387
F    -2.6168258190     2.0215053558     1.3483844995
F    -2.6298737526    -2.0398313999     1.3208615780
F     2.6338369846     2.0434334278     1.3154536486
F     4.3873553276    -0.0252003912    -1.7102917433
F     2.6111488342    -2.0181109905     1.3535875082
 momenta
   6.659185      -16.22920       12.67037    
   4.795542      -2.262238       22.69891    
   2.747630      -2.781751       11.18264    
   6.024629      -12.53459       18.23588    
   38.75906       9.311646       43.43991    
  -29.16238      -41.70510       10.25000    
   8.345407       4.278649       9.656613    
  -91.37048       38.02439      -53.50310    
   12.44005      -1.100332      -7.645555    
   24.78865       2.884069      -29.97617    
   15.56802       22.06538      -36.95150    
