C    -2.4142296314     0.0004572234    -0.1337371469
C     0.0002177789     0.0005895615    -1.6563973427
H    -0.0012645053    -1.6648614407    -2.8504366875
H     0.0007067282     1.6651861668    -2.8520829678
C     2.4147500992     0.0001113433    -0.1340099722
F    -4.3860721588     0.0173957217    -1.7116191387
F    -2.6168258190     2.0215053558     1.3483844995
F    -2.6298737526    -2.0398313999     1.3208615780
F     2.6338369846     2.0434334278     1.3154536486
F     4.3873553276    -0.0252003912    -1.7102917433
F     2.6111488342    -2.0181109905     1.3535875082
 momenta
   17.13292       9.253221       10.39447    
  -58.05045      -4.255096      -56.32404    
 -0.1354836       6.090621       2.877639    
  -11.77727      -3.661217      -5.823873    
  -14.63711      0.5894848      0.5581280    
  -15.07696       9.714515      -22.72303    
   24.08364      -14.47259      -7.520380    
  -22.98789      -29.92794       12.77468    
   50.99118      -31.81742       28.43294    
   12.63878       13.48957      -3.991320    
   17.59449       44.78239       41.21679    
