C    -2.4142296314     0.0004572234    -0.1337371469
C     0.0002177789     0.0005895615    -1.6563973427
H    -0.0012645053    -1.6648614407    -2.8504366875
H     0.0007067282     1.6651861668    -2.8520829678
C     2.4147500992     0.0001113433    -0.1340099722
F    -4.3860721588     0.0173957217    -1.7116191387
F    -2.6168258190     2.0215053558     1.3483844995
F    -2.6298737526    -2.0398313999     1.3208615780
F     2.6338369846     2.0434334278     1.3154536486
F     4.3873553276    -0.0252003912    -1.7102917433
F     2.6111488342    -2.0181109905     1.3535875082
 momenta
   3.013628       41.56595       1.307293    
  -41.62912      -30.32398       33.62317    
 -0.6094245       9.850120      -8.828802    
  -1.870068       7.305615       4.619051    
   11.84685      -18.97414      -19.65126    
   3.215438      -30.23753      -11.49635    
  -11.32756       13.96100       13.31509    
  -23.38075      -3.248555      -11.53944    
   17.78364       50.78836      -26.14541    
   2.250527      -3.557839       59.23227    
   40.71215      -37.83878      -34.38628    
