C    -2.4142296314     0.0004572234    -0.1337371469
C     0.0002177789     0.0005895615    -1.6563973427
H    -0.0012645053    -1.6648614407    -2.8504366875
H     0.0007067282     1.6651861668    -2.8520829678
C     2.4147500992     0.0001113433    -0.1340099722
F    -4.3860721588     0.0173957217    -1.7116191387
F    -2.6168258190     2.0215053558     1.3483844995
F    -2.6298737526    -2.0398313999     1.3208615780
F     2.6338369846     2.0434334278     1.3154536486
F     4.3873553276    -0.0252003912    -1.7102917433
F     2.6111488342    -2.0181109905     1.3535875082
 momenta
  6.8163440E-02   3.474271       10.25298    
   24.72270      -29.29975      -23.43963    
  -6.534809      -2.676927      0.7009125    
   11.76933       3.225156       5.828074    
   26.15146      -26.70491      -5.976114    
   6.299216       54.03807       3.111745    
  -57.18618      -25.01381       21.86057    
   1.689244      -2.186100       18.93704    
  -45.04253       1.107274      -17.34809    
   46.28179       3.570818      -30.73327    
  -8.200055       20.61221       17.02050    
