C    -2.4142296314     0.0004572234    -0.1337371469
C     0.0002177789     0.0005895615    -1.6563973427
H    -0.0012645053    -1.6648614407    -2.8504366875
H     0.0007067282     1.6651861668    -2.8520829678
C     2.4147500992     0.0001113433    -0.1340099722
F    -4.3860721588     0.0173957217    -1.7116191387
F    -2.6168258190     2.0215053558     1.3483844995
F    -2.6298737526    -2.0398313999     1.3208615780
F     2.6338369846     2.0434334278     1.3154536486
F     4.3873553276    -0.0252003912    -1.7102917433
F     2.6111488342    -2.0181109905     1.3535875082
 momenta
  -43.22647      -18.31548       23.25319    
   46.16535       28.05826      -26.82899    
 -0.2739656      -5.179860      -2.621786    
  -3.164912      -2.386689       4.780336    
   5.548254      -9.541396       5.304181    
   39.99472      -14.86653       45.64138    
  -15.03155       60.17984      -5.546018    
  -25.10157      -34.21138      -40.61159    
  -12.93729       9.872763       17.52686    
  -4.829178      -25.77524      -24.49632    
   13.03661       12.59173       3.541268    
