C    -2.4142296314     0.0004572234    -0.1337371469
C     0.0002177789     0.0005895615    -1.6563973427
H    -0.0012645053    -1.6648614407    -2.8504366875
H     0.0007067282     1.6651861668    -2.8520829678
C     2.4147500992     0.0001113433    -0.1340099722
F    -4.3860721588     0.0173957217    -1.7116191387
F    -2.6168258190     2.0215053558     1.3483844995
F    -2.6298737526    -2.0398313999     1.3208615780
F     2.6338369846     2.0434334278     1.3154536486
F     4.3873553276    -0.0252003912    -1.7102917433
F     2.6111488342    -2.0181109905     1.3535875082
 momenta
  -19.94938      -19.38884       5.459692    
  -8.699304      -7.182209       24.95000    
   1.215521      -13.17359       3.975527    
  -1.083079       7.040982      -5.946065    
   5.046197      -11.59041       38.79195    
  -27.62097       12.03642      -6.784105    
   46.09310       19.33867      -14.61676    
   34.84950      0.7989761      -51.44492    
  -5.148525      -12.63383       1.703350    
  -37.02249       21.59834      -30.98371    
   12.19036       3.357321       35.51425    
