C    -2.4142296314     0.0004572234    -0.1337371469
C     0.0002177789     0.0005895615    -1.6563973427
H    -0.0012645053    -1.6648614407    -2.8504366875
H     0.0007067282     1.6651861668    -2.8520829678
C     2.4147500992     0.0001113433    -0.1340099722
F    -4.3860721588     0.0173957217    -1.7116191387
F    -2.6168258190     2.0215053558     1.3483844995
F    -2.6298737526    -2.0398313999     1.3208615780
F     2.6338369846     2.0434334278     1.3154536486
F     4.3873553276    -0.0252003912    -1.7102917433
F     2.6111488342    -2.0181109905     1.3535875082
 momenta
   10.12013      -16.36445       32.48804    
  -3.339804       26.93644      -2.618313    
   4.151995      -9.668800       15.29461    
 -0.8553289       4.087718      -3.399996    
  -7.956306      -15.04471      -4.142740    
  -22.44372       23.52180      -41.18597    
  -4.942364      -5.811911       18.20299    
   47.75335       10.42002      -2.637264    
  -27.20876       11.19783      -31.44407    
   2.561081      -9.739187       19.47212    
   2.324171      -19.55203      6.7013577E-02
