C    -2.4142296314     0.0004572234    -0.1337371469
C     0.0002177789     0.0005895615    -1.6563973427
H    -0.0012645053    -1.6648614407    -2.8504366875
H     0.0007067282     1.6651861668    -2.8520829678
C     2.4147500992     0.0001113433    -0.1340099722
F    -4.3860721588     0.0173957217    -1.7116191387
F    -2.6168258190     2.0215053558     1.3483844995
F    -2.6298737526    -2.0398313999     1.3208615780
F     2.6338369846     2.0434334278     1.3154536486
F     4.3873553276    -0.0252003912    -1.7102917433
F     2.6111488342    -2.0181109905     1.3535875082
 momenta
  -9.171008       17.81769     -0.6227874    
  -4.025645       19.10320       19.35133    
   14.83263      -1.070758      0.8547455    
   3.634770      -8.275803       1.284446    
  -4.419272       28.42678      -19.16825    
  -12.34972       30.90961      -3.911096    
  -21.65172      -2.214150      -7.864143    
   36.42443      -57.12014       4.806083    
   32.67207       36.37471      -47.16582    
  -28.06447      -16.80720       48.37104    
  -7.527866      -46.95630       3.722070    
