C    -2.4142296314     0.0004572234    -0.1337371469
C     0.0002177789     0.0005895615    -1.6563973427
H    -0.0012645053    -1.6648614407    -2.8504366875
H     0.0007067282     1.6651861668    -2.8520829678
C     2.4147500992     0.0001113433    -0.1340099722
F    -4.3860721588     0.0173957217    -1.7116191387
F    -2.6168258190     2.0215053558     1.3483844995
F    -2.6298737526    -2.0398313999     1.3208615780
F     2.6338369846     2.0434334278     1.3154536486
F     4.3873553276    -0.0252003912    -1.7102917433
F     2.6111488342    -2.0181109905     1.3535875082
 momenta
  -52.63227      -8.622769       47.10923    
  -43.20012       47.10817      -1.531846    
  -22.24198      -10.16582      -7.287897    
 -3.0964036E-02  -17.47101       7.893462    
   36.60510      -26.56399     -9.9328840E-03
 -0.3781756       33.64259      -28.70831    
   61.41777      -55.27480      -31.98837    
  -6.683737      -26.63166      -1.290332    
   6.764839       54.48412      -11.45412    
   15.58216      -8.409608       33.34121    
   4.577393       18.53031      -6.157587    
