C    -2.4142296314     0.0004572234    -0.1337371469
C     0.0002177789     0.0005895615    -1.6563973427
H    -0.0012645053    -1.6648614407    -2.8504366875
H     0.0007067282     1.6651861668    -2.8520829678
C     2.4147500992     0.0001113433    -0.1340099722
F    -4.3860721588     0.0173957217    -1.7116191387
F    -2.6168258190     2.0215053558     1.3483844995
F    -2.6298737526    -2.0398313999     1.3208615780
F     2.6338369846     2.0434334278     1.3154536486
F     4.3873553276    -0.0252003912    -1.7102917433
F     2.6111488342    -2.0181109905     1.3535875082
 momenta
   9.596758      -34.52441       1.900582    
  -21.74888       7.319833       40.69619    
   5.209702      -6.037731       8.049973    
 -0.7098733      -4.983357      0.2369141    
  -14.33572       39.61204      -16.60875    
   28.34504       12.73669      -67.20631    
   17.73191      -17.48711       18.02873    
   6.536705       6.352432       36.73553    
   38.39677       16.15758      -16.70179    
  -44.30290      -1.970403       29.76127    
  -24.62352      -17.06836      -34.89275    
