C    -2.4142296314     0.0004572234    -0.1337371469
C     0.0002177789     0.0005895615    -1.6563973427
H    -0.0012645053    -1.6648614407    -2.8504366875
H     0.0007067282     1.6651861668    -2.8520829678
C     2.4147500992     0.0001113433    -0.1340099722
F    -4.3860721588     0.0173957217    -1.7116191387
F    -2.6168258190     2.0215053558     1.3483844995
F    -2.6298737526    -2.0398313999     1.3208615780
F     2.6338369846     2.0434334278     1.3154536486
F     4.3873553276    -0.0252003912    -1.7102917433
F     2.6111488342    -2.0181109905     1.3535875082
 momenta
   15.94295      -6.486948       39.61229    
   17.17893       6.511807      -21.35229    
   7.493203      -2.264760       1.354156    
  -5.004056      -1.813183      -1.008891    
   16.06840      -9.037045      -2.416866    
  -34.91924      -13.08159       1.343467    
  -39.77488       52.57692       4.728322    
   24.11863     -0.3516606      -15.42888    
  -13.99381      -2.429133      -1.734120    
   35.85313       10.79661      -8.404875    
  -22.82030      -34.25695       3.249629    
