C    -2.4142296314     0.0004572234    -0.1337371469
C     0.0002177789     0.0005895615    -1.6563973427
H    -0.0012645053    -1.6648614407    -2.8504366875
H     0.0007067282     1.6651861668    -2.8520829678
C     2.4147500992     0.0001113433    -0.1340099722
F    -4.3860721588     0.0173957217    -1.7116191387
F    -2.6168258190     2.0215053558     1.3483844995
F    -2.6298737526    -2.0398313999     1.3208615780
F     2.6338369846     2.0434334278     1.3154536486
F     4.3873553276    -0.0252003912    -1.7102917433
F     2.6111488342    -2.0181109905     1.3535875082
 momenta
   40.68141       21.48503      -3.936271    
   3.448630       27.02121       39.83645    
   2.502228      -1.645173      -3.009256    
  -1.154878      -2.236123      -2.993647    
  -32.25767       16.75718       4.296858    
  -18.79399       3.713110       28.04751    
  -32.00363      -29.12652      -42.50619    
   9.105241      -8.218287      -20.38998    
   10.79905       12.90531       30.84770    
   3.795349      -52.73025      -26.52633    
   13.88935       11.94644      -3.842622    
