C    -2.4142296314     0.0004572234    -0.1337371469
C     0.0002177789     0.0005895615    -1.6563973427
H    -0.0012645053    -1.6648614407    -2.8504366875
H     0.0007067282     1.6651861668    -2.8520829678
C     2.4147500992     0.0001113433    -0.1340099722
F    -4.3860721588     0.0173957217    -1.7116191387
F    -2.6168258190     2.0215053558     1.3483844995
F    -2.6298737526    -2.0398313999     1.3208615780
F     2.6338369846     2.0434334278     1.3154536486
F     4.3873553276    -0.0252003912    -1.7102917433
F     2.6111488342    -2.0181109905     1.3535875082
 momenta
  -3.997843       53.13108      -32.32527    
  -6.236351      -52.20009      -11.08848    
 -0.4017141      -1.397819      0.6224504    
  -2.690908      -7.452254       2.434253    
   17.30457      -1.295095       32.01184    
   18.93160      -1.838597      -3.841427    
  -22.83103      -9.611625       46.23695    
   57.73335       19.82087      -30.69000    
  -22.94304       57.62374       36.23697    
  -25.32406      -27.74572      -53.35704    
  -9.569478      -28.46114       13.77494    
