C    -2.4142296314     0.0004572234    -0.1337371469
C     0.0002177789     0.0005895615    -1.6563973427
H    -0.0012645053    -1.6648614407    -2.8504366875
H     0.0007067282     1.6651861668    -2.8520829678
C     2.4147500992     0.0001113433    -0.1340099722
F    -4.3860721588     0.0173957217    -1.7116191387
F    -2.6168258190     2.0215053558     1.3483844995
F    -2.6298737526    -2.0398313999     1.3208615780
F     2.6338369846     2.0434334278     1.3154536486
F     4.3873553276    -0.0252003912    -1.7102917433
F     2.6111488342    -2.0181109905     1.3535875082
 momenta
   15.61382      -16.10453      -10.95108    
  -23.54034       17.63410       1.966574    
  -3.846261      -6.445957      -5.366609    
   6.996278      -11.80534      -11.92152    
  -49.13777       52.01811       10.12794    
  -5.119949       2.980784      -17.78311    
   20.44222      -1.009701       15.29632    
 -0.4957349      -18.81512      -9.088191    
   53.36288      -3.799517      -5.294847    
  -14.48242       6.633891      -10.01366    
 -0.1308217      -20.95594       42.75933    
