C    -2.4142296314     0.0004572234    -0.1337371469
C     0.0002177789     0.0005895615    -1.6563973427
H    -0.0012645053    -1.6648614407    -2.8504366875
H     0.0007067282     1.6651861668    -2.8520829678
C     2.4147500992     0.0001113433    -0.1340099722
F    -4.3860721588     0.0173957217    -1.7116191387
F    -2.6168258190     2.0215053558     1.3483844995
F    -2.6298737526    -2.0398313999     1.3208615780
F     2.6338369846     2.0434334278     1.3154536486
F     4.3873553276    -0.0252003912    -1.7102917433
F     2.6111488342    -2.0181109905     1.3535875082
 momenta
  -29.83546       46.26693       35.87902    
  -21.52028      -1.633465       6.499424    
   4.568540      -4.825863       9.637729    
  -10.88578      -11.49020       8.731752    
   15.97630       8.374103       13.71203    
   50.45088      -13.49258      -38.54777    
  -21.35093      -2.145023      -18.71181    
   37.56167       24.49830       38.67000    
  -25.93833      -22.80157      -5.750493    
  -3.203068       2.081227       28.56054    
   4.527799      -24.41256      -78.84592    
