C    -2.4142296314     0.0004572234    -0.1337371469
C     0.0002177789     0.0005895615    -1.6563973427
H    -0.0012645053    -1.6648614407    -2.8504366875
H     0.0007067282     1.6651861668    -2.8520829678
C     2.4147500992     0.0001113433    -0.1340099722
F    -4.3860721588     0.0173957217    -1.7116191387
F    -2.6168258190     2.0215053558     1.3483844995
F    -2.6298737526    -2.0398313999     1.3208615780
F     2.6338369846     2.0434334278     1.3154536486
F     4.3873553276    -0.0252003912    -1.7102917433
F     2.6111488342    -2.0181109905     1.3535875082
 momenta
  -30.44578       37.59416       5.685886    
 -0.7366513       2.929029       42.31396    
   3.157343       1.648960     -0.3830681    
   8.802584       21.17115      -3.653312    
   54.47397      -4.842206      -20.61467    
   33.55835      -86.90973       10.02965    
  -8.220447       66.86133       11.07017    
  -21.72579      -2.809179      -23.77903    
  -35.95235       32.25735       35.25114    
 -0.4500329      -25.67307      -31.56853    
  -2.151410      -43.55048      -24.27275    
