C    -2.4142296314     0.0004572234    -0.1337371469
C     0.0002177789     0.0005895615    -1.6563973427
H    -0.0012645053    -1.6648614407    -2.8504366875
H     0.0007067282     1.6651861668    -2.8520829678
C     2.4147500992     0.0001113433    -0.1340099722
F    -4.3860721588     0.0173957217    -1.7116191387
F    -2.6168258190     2.0215053558     1.3483844995
F    -2.6298737526    -2.0398313999     1.3208615780
F     2.6338369846     2.0434334278     1.3154536486
F     4.3873553276    -0.0252003912    -1.7102917433
F     2.6111488342    -2.0181109905     1.3535875082
 momenta
  -19.54280       23.61081      -21.75748    
  -26.76413      -12.89968       18.71583    
  -1.618924      -5.747530      -4.807991    
   1.537265      -1.984882      -11.49008    
  -5.551795      -5.131279      -22.57228    
  -28.03152       40.95650       62.98568    
   28.07171      -25.52452      -73.25932    
  -23.73008      -62.41270      -16.11464    
   46.61886      -47.43417       11.08943    
   12.67517       35.55710       16.21766    
   16.07693       61.08108       41.16019    
