C    -2.4142296314     0.0004572234    -0.1337371469
C     0.0002177789     0.0005895615    -1.6563973427
H    -0.0012645053    -1.6648614407    -2.8504366875
H     0.0007067282     1.6651861668    -2.8520829678
C     2.4147500992     0.0001113433    -0.1340099722
F    -4.3860721588     0.0173957217    -1.7116191387
F    -2.6168258190     2.0215053558     1.3483844995
F    -2.6298737526    -2.0398313999     1.3208615780
F     2.6338369846     2.0434334278     1.3154536486
F     4.3873553276    -0.0252003912    -1.7102917433
F     2.6111488342    -2.0181109905     1.3535875082
 momenta
   13.40026       42.20907       25.21921    
   5.531422      -1.921871      -5.001742    
   15.20304       4.710826       5.952600    
  -6.517603       14.98135       5.703518    
  -14.40707      -16.77175      -22.87216    
   19.29389      -2.565800      -4.924107    
  -16.24964       9.030477      -11.96562    
   26.21461      -64.31367       5.260511    
   23.81333       16.08397      -8.512121    
  -13.76481      -10.35500      0.1442012    
  -51.72532       8.512894       11.09573    
