C    -2.4142296314     0.0004572234    -0.1337371469
C     0.0002177789     0.0005895615    -1.6563973427
H    -0.0012645053    -1.6648614407    -2.8504366875
H     0.0007067282     1.6651861668    -2.8520829678
C     2.4147500992     0.0001113433    -0.1340099722
F    -4.3860721588     0.0173957217    -1.7116191387
F    -2.6168258190     2.0215053558     1.3483844995
F    -2.6298737526    -2.0398313999     1.3208615780
F     2.6338369846     2.0434334278     1.3154536486
F     4.3873553276    -0.0252003912    -1.7102917433
F     2.6111488342    -2.0181109905     1.3535875082
 momenta
   43.22743       5.040956       23.06484    
   1.884190       12.69909       25.20074    
 -0.9421558      -12.66504      -1.879471    
   4.708061      -1.259520      -8.525416    
   13.82532       64.49726       15.43054    
   25.98900       23.82549       2.511323    
  -37.20669      -1.408290      -17.86682    
  -9.525103      -41.50428       1.401320    
  -8.183510      -51.68727      -10.74879    
  -21.00211      -33.62875      -17.96948    
  -12.91810       36.00124      -10.44371    
