C    -2.4142296314     0.0004572234    -0.1337371469
C     0.0002177789     0.0005895615    -1.6563973427
H    -0.0012645053    -1.6648614407    -2.8504366875
H     0.0007067282     1.6651861668    -2.8520829678
C     2.4147500992     0.0001113433    -0.1340099722
F    -4.3860721588     0.0173957217    -1.7116191387
F    -2.6168258190     2.0215053558     1.3483844995
F    -2.6298737526    -2.0398313999     1.3208615780
F     2.6338369846     2.0434334278     1.3154536486
F     4.3873553276    -0.0252003912    -1.7102917433
F     2.6111488342    -2.0181109905     1.3535875082
 momenta
   26.55894      -3.257553      -19.77930    
  -11.23727      -4.142241       4.726735    
  0.9708575      -2.334832      0.8637468    
  -3.957706      -12.76500       8.107566    
   13.95158       17.20367      -21.77758    
   16.74101       14.85863      -32.43240    
  -28.62032      -1.257280       28.77042    
  -34.99556      -18.75032       29.77690    
   20.13384       9.653824       24.51764    
 -0.9461157      -12.05058      -28.70315    
   1.284298       13.26461       5.872243    
