C    -2.4142296314     0.0004572234    -0.1337371469
C     0.0002177789     0.0005895615    -1.6563973427
H    -0.0012645053    -1.6648614407    -2.8504366875
H     0.0007067282     1.6651861668    -2.8520829678
C     2.4147500992     0.0001113433    -0.1340099722
F    -4.3860721588     0.0173957217    -1.7116191387
F    -2.6168258190     2.0215053558     1.3483844995
F    -2.6298737526    -2.0398313999     1.3208615780
F     2.6338369846     2.0434334278     1.3154536486
F     4.3873553276    -0.0252003912    -1.7102917433
F     2.6111488342    -2.0181109905     1.3535875082
 momenta
   25.17818       33.64259       2.568859    
  -2.837340       2.155208       47.83504    
 -0.5708419      -1.631249      -12.77112    
  -9.663037       15.02153      -10.13316    
  -2.724099       14.41730     -0.4896946    
  -3.937018      -50.95615      -10.06162    
   3.457218       20.81492       5.007025    
  -56.99804      -15.55031      -12.99382    
   16.99256       14.59575       6.114235    
  -9.669872      -29.90529       14.44840    
   40.66154      -3.281059      -29.28026    
