C    -2.4142296314     0.0004572234    -0.1337371469
C     0.0002177789     0.0005895615    -1.6563973427
H    -0.0012645053    -1.6648614407    -2.8504366875
H     0.0007067282     1.6651861668    -2.8520829678
C     2.4147500992     0.0001113433    -0.1340099722
F    -4.3860721588     0.0173957217    -1.7116191387
F    -2.6168258190     2.0215053558     1.3483844995
F    -2.6298737526    -2.0398313999     1.3208615780
F     2.6338369846     2.0434334278     1.3154536486
F     4.3873553276    -0.0252003912    -1.7102917433
F     2.6111488342    -2.0181109905     1.3535875082
 momenta
   35.37970      -46.15405       12.87291    
   16.75199       5.799070      -4.374093    
  -5.773038       4.379906       10.94520    
   10.99723       6.957922      -9.255239    
   11.76290       36.93843      -18.88470    
  -38.31455      -42.98808      -40.93659    
   64.55441       36.30165       54.39739    
  -42.73173     -0.9251862      -33.25850    
  -5.437135       15.95944       23.28231    
  -45.80796      -31.67014      -3.255445    
  -1.681036       14.38167       8.362377    
