C    -2.4142296314     0.0004572234    -0.1337371469
C     0.0002177789     0.0005895615    -1.6563973427
H    -0.0012645053    -1.6648614407    -2.8504366875
H     0.0007067282     1.6651861668    -2.8520829678
C     2.4147500992     0.0001113433    -0.1340099722
F    -4.3860721588     0.0173957217    -1.7116191387
F    -2.6168258190     2.0215053558     1.3483844995
F    -2.6298737526    -2.0398313999     1.3208615780
F     2.6338369846     2.0434334278     1.3154536486
F     4.3873553276    -0.0252003912    -1.7102917433
F     2.6111488342    -2.0181109905     1.3535875082
 momenta
  -28.50892      -8.049115       16.46450    
  -2.531650       4.411388      -9.379430    
   3.062003       9.441342       7.329415    
  -10.01342       2.004250       11.57059    
   6.104515       4.679508       21.08119    
   23.35882      -14.99764       5.432760    
  -26.82452      -6.326508      -45.58826    
  -28.40819       37.60098       16.01411    
   14.90036      -9.509930       26.25482    
   7.682946      -4.630896      -16.36204    
   41.43281      -15.01830      -32.79957    
