C    -2.4142296314     0.0004572234    -0.1337371469
C     0.0002177789     0.0005895615    -1.6563973427
H    -0.0012645053    -1.6648614407    -2.8504366875
H     0.0007067282     1.6651861668    -2.8520829678
C     2.4147500992     0.0001113433    -0.1340099722
F    -4.3860721588     0.0173957217    -1.7116191387
F    -2.6168258190     2.0215053558     1.3483844995
F    -2.6298737526    -2.0398313999     1.3208615780
F     2.6338369846     2.0434334278     1.3154536486
F     4.3873553276    -0.0252003912    -1.7102917433
F     2.6111488342    -2.0181109905     1.3535875082
 momenta
   38.20321      -30.59661      -5.502925    
  -29.29651     -0.3688301       26.92860    
  -2.702084       1.897986       10.19295    
  -3.075577       10.67985      0.8646289    
   1.906672       2.786410       13.15361    
  -51.56627      -3.556827      -14.87531    
   1.884181      -44.89785      -9.607862    
   3.228146       84.26289      -36.89005    
  -6.001374      -12.73042       36.62693    
   1.471189      -26.15202      -39.12280    
   45.69963       17.95517       18.73571    
