C    -2.4142296314     0.0004572234    -0.1337371469
C     0.0002177789     0.0005895615    -1.6563973427
H    -0.0012645053    -1.6648614407    -2.8504366875
H     0.0007067282     1.6651861668    -2.8520829678
C     2.4147500992     0.0001113433    -0.1340099722
F    -4.3860721588     0.0173957217    -1.7116191387
F    -2.6168258190     2.0215053558     1.3483844995
F    -2.6298737526    -2.0398313999     1.3208615780
F     2.6338369846     2.0434334278     1.3154536486
F     4.3873553276    -0.0252003912    -1.7102917433
F     2.6111488342    -2.0181109905     1.3535875082
 momenta
  -12.37732       5.980409      -4.518297    
  -29.88609      -46.10976      -13.29481    
  -18.95093     -0.4965378      -10.55090    
  -4.944568       4.815248      0.7731615    
   9.577103      -9.731644      -13.45034    
  -10.52445      -12.48550       24.43251    
   35.62888       14.30958       28.24647    
  -32.61430      -21.65214      -47.97079    
   6.990277      -1.255332       21.24208    
   64.53288      -9.414702       4.364756    
  -7.938419       76.12008       11.10164    
