C    -2.4142296314     0.0004572234    -0.1337371469
C     0.0002177789     0.0005895615    -1.6563973427
H    -0.0012645053    -1.6648614407    -2.8504366875
H     0.0007067282     1.6651861668    -2.8520829678
C     2.4147500992     0.0001113433    -0.1340099722
F    -4.3860721588     0.0173957217    -1.7116191387
F    -2.6168258190     2.0215053558     1.3483844995
F    -2.6298737526    -2.0398313999     1.3208615780
F     2.6338369846     2.0434334278     1.3154536486
F     4.3873553276    -0.0252003912    -1.7102917433
F     2.6111488342    -2.0181109905     1.3535875082
 momenta
   27.45471      -1.754399      -10.51091    
   7.717144      -29.05522      -23.35293    
  -17.85479      -8.175948       1.180390    
   7.801810      -15.99227       15.20221    
  -54.88400       9.596709       25.13373    
  -43.34615       35.12436       5.300352    
   2.302222       8.343248       37.35598    
  -60.73318      -49.18327      -40.91107    
   31.87040       43.79932      -35.97971    
   40.91814      -1.703828       11.14772    
   58.15921       9.810976       15.52546    
