C    -2.4142296314     0.0004572234    -0.1337371469
C     0.0002177789     0.0005895615    -1.6563973427
H    -0.0012645053    -1.6648614407    -2.8504366875
H     0.0007067282     1.6651861668    -2.8520829678
C     2.4147500992     0.0001113433    -0.1340099722
F    -4.3860721588     0.0173957217    -1.7116191387
F    -2.6168258190     2.0215053558     1.3483844995
F    -2.6298737526    -2.0398313999     1.3208615780
F     2.6338369846     2.0434334278     1.3154536486
F     4.3873553276    -0.0252003912    -1.7102917433
F     2.6111488342    -2.0181109905     1.3535875082
 momenta
  -2.499325       30.37301       23.35048    
  -24.56124       11.46755      -46.18592    
   1.179086       1.880734      -21.45038    
  -9.473913      -23.10688       4.075119    
  -11.14404       12.11057       40.74280    
   6.871799      -15.73629      -12.13841    
   70.40635      -22.02813     -0.1047277    
   14.11486       2.073761      -14.60957    
  -6.310334      -28.50813     -0.1037621    
  -19.30147       20.96758      -20.23505    
  -19.42901       11.64482       46.39118    
