C    -2.4142296314     0.0004572234    -0.1337371469
C     0.0002177789     0.0005895615    -1.6563973427
H    -0.0012645053    -1.6648614407    -2.8504366875
H     0.0007067282     1.6651861668    -2.8520829678
C     2.4147500992     0.0001113433    -0.1340099722
F    -4.3860721588     0.0173957217    -1.7116191387
F    -2.6168258190     2.0215053558     1.3483844995
F    -2.6298737526    -2.0398313999     1.3208615780
F     2.6338369846     2.0434334278     1.3154536486
F     4.3873553276    -0.0252003912    -1.7102917433
F     2.6111488342    -2.0181109905     1.3535875082
 momenta
  -40.99481       31.67276       36.96124    
   56.42761       12.68982      -29.57449    
   5.972056     -0.3982650       13.00719    
  0.8498241       3.500094      -1.945827    
  -19.93670      -33.33379       29.99316    
  -9.348429      -31.98256       14.82880    
   29.57625       9.688596       6.251092    
  -21.72749      0.9916062      -25.14375    
  -31.71930      -45.60492      -37.92573    
   18.27491       18.34948       9.212236    
   12.82205       34.45937      -15.91314    
