C    -2.4142296314     0.0004572234    -0.1337371469
C     0.0002177789     0.0005895615    -1.6563973427
H    -0.0012645053    -1.6648614407    -2.8504366875
H     0.0007067282     1.6651861668    -2.8520829678
C     2.4147500992     0.0001113433    -0.1340099722
F    -4.3860721588     0.0173957217    -1.7116191387
F    -2.6168258190     2.0215053558     1.3483844995
F    -2.6298737526    -2.0398313999     1.3208615780
F     2.6338369846     2.0434334278     1.3154536486
F     4.3873553276    -0.0252003912    -1.7102917433
F     2.6111488342    -2.0181109905     1.3535875082
 momenta
   6.820214      -1.528526       37.97495    
  -19.68476      -1.204957      -55.28037    
   17.21270       8.261113      0.9050902    
   3.558764       3.776945       9.208749    
   26.75456       4.682951      -11.22569    
  -47.53721      -3.932697      -13.15241    
   25.69278      -31.19094      -4.372465    
  -10.14176       19.33458       3.736851    
 -0.4250707      -6.707068     -0.2027687    
  -8.936632      -17.01759       40.12474    
   6.955706       24.90154      -7.782092    
