C    -2.4142296314     0.0004572234    -0.1337371469
C     0.0002177789     0.0005895615    -1.6563973427
H    -0.0012645053    -1.6648614407    -2.8504366875
H     0.0007067282     1.6651861668    -2.8520829678
C     2.4147500992     0.0001113433    -0.1340099722
F    -4.3860721588     0.0173957217    -1.7116191387
F    -2.6168258190     2.0215053558     1.3483844995
F    -2.6298737526    -2.0398313999     1.3208615780
F     2.6338369846     2.0434334278     1.3154536486
F     4.3873553276    -0.0252003912    -1.7102917433
F     2.6111488342    -2.0181109905     1.3535875082
 momenta
   3.553957       2.249204       20.65885    
 -0.5816059       50.45972      -2.981531    
  -2.083809      -14.17569       4.652936    
  -1.904606      -3.344665     -0.9131806    
  -8.903666       5.360833       19.02403    
   31.83399       11.42627      -12.53906    
   41.97654      -50.05573       9.753373    
  -59.75713      -5.073592      -2.644969    
  -24.18781      -8.399533      -52.74700    
  -4.062467     -2.8650956E-02   2.358606    
   23.97748       11.81258       15.55795    
