C    -2.4142296314     0.0004572234    -0.1337371469
C     0.0002177789     0.0005895615    -1.6563973427
H    -0.0012645053    -1.6648614407    -2.8504366875
H     0.0007067282     1.6651861668    -2.8520829678
C     2.4147500992     0.0001113433    -0.1340099722
F    -4.3860721588     0.0173957217    -1.7116191387
F    -2.6168258190     2.0215053558     1.3483844995
F    -2.6298737526    -2.0398313999     1.3208615780
F     2.6338369846     2.0434334278     1.3154536486
F     4.3873553276    -0.0252003912    -1.7102917433
F     2.6111488342    -2.0181109905     1.3535875082
 momenta
  5.9549078E-02  -9.963257      -47.28597    
   17.94515       19.64765      -4.091372    
  -7.394428       13.10236       2.873219    
   2.774265       1.844480      -9.889849    
   11.01524       68.97987      -22.79993    
  -34.88731       5.101764       55.60786    
   32.86448      -33.72437      -57.47518    
  -21.20695      -18.66150       54.69123    
  -5.157543      -8.940153       6.550745    
   42.78683       5.149712       17.74653    
  -38.90562      -43.29614       3.713079    
