C    -2.4142296314     0.0004572234    -0.1337371469
C     0.0002177789     0.0005895615    -1.6563973427
H    -0.0012645053    -1.6648614407    -2.8504366875
H     0.0007067282     1.6651861668    -2.8520829678
C     2.4147500992     0.0001113433    -0.1340099722
F    -4.3860721588     0.0173957217    -1.7116191387
F    -2.6168258190     2.0215053558     1.3483844995
F    -2.6298737526    -2.0398313999     1.3208615780
F     2.6338369846     2.0434334278     1.3154536486
F     4.3873553276    -0.0252003912    -1.7102917433
F     2.6111488342    -2.0181109905     1.3535875082
 momenta
   28.49608      -42.75315      -13.12428    
  -24.31089       48.03188      -35.69635    
   2.046571       2.681366       9.121042    
 -0.1758403      2.8593456E-03   2.270694    
  -39.13691       15.00054      -27.41654    
   5.257031       2.061979      -9.193000    
   54.30248       22.81276      -31.23340    
   30.66963      -24.11408       50.66577    
  -22.33891      -18.45963       50.77953    
  -13.77176      -16.87827       5.887601    
  -20.89829       11.28948      -2.363543    
