C    -2.4142296314     0.0004572234    -0.1337371469
C     0.0002177789     0.0005895615    -1.6563973427
H    -0.0012645053    -1.6648614407    -2.8504366875
H     0.0007067282     1.6651861668    -2.8520829678
C     2.4147500992     0.0001113433    -0.1340099722
F    -4.3860721588     0.0173957217    -1.7116191387
F    -2.6168258190     2.0215053558     1.3483844995
F    -2.6298737526    -2.0398313999     1.3208615780
F     2.6338369846     2.0434334278     1.3154536486
F     4.3873553276    -0.0252003912    -1.7102917433
F     2.6111488342    -2.0181109905     1.3535875082
 momenta
  -11.61465      -21.31533       13.15655    
   8.604392      -10.39775      -21.71171    
   1.404377     -0.9253961      -8.359553    
   4.736733      -6.865362       10.99235    
  -20.68005       35.86728      -19.01500    
  -51.60304     -0.5903459      -26.62505    
   21.81107       39.76665      -13.24213    
   16.82769       6.931992      -2.812818    
   33.86058      -55.33710      -5.770729    
  -56.16097       39.09192       38.42749    
   53.03830      -25.65773       35.23268    
