C    -2.4142296314     0.0004572234    -0.1337371469
C     0.0002177789     0.0005895615    -1.6563973427
H    -0.0012645053    -1.6648614407    -2.8504366875
H     0.0007067282     1.6651861668    -2.8520829678
C     2.4147500992     0.0001113433    -0.1340099722
F    -4.3860721588     0.0173957217    -1.7116191387
F    -2.6168258190     2.0215053558     1.3483844995
F    -2.6298737526    -2.0398313999     1.3208615780
F     2.6338369846     2.0434334278     1.3154536486
F     4.3873553276    -0.0252003912    -1.7102917433
F     2.6111488342    -2.0181109905     1.3535875082
 momenta
  -29.79148      -6.646431      -37.96225    
   13.07824      -25.38731      -4.197443    
  -19.74018       5.120213      0.6566133    
   8.767100       13.49252      -6.431538    
   27.04998      -16.25439      -24.24539    
   49.82602       15.98344       37.41266    
  -27.61844       27.99360       9.444072    
 -0.1192940      -9.605639       9.732360    
  -48.78376       4.930886       10.16283    
  -7.267306      -12.73107       12.12918    
   34.43411       2.506746      -6.550869    
