C    -2.4142296314     0.0004572234    -0.1337371469
C     0.0002177789     0.0005895615    -1.6563973427
H    -0.0012645053    -1.6648614407    -2.8504366875
H     0.0007067282     1.6651861668    -2.8520829678
C     2.4147500992     0.0001113433    -0.1340099722
F    -4.3860721588     0.0173957217    -1.7116191387
F    -2.6168258190     2.0215053558     1.3483844995
F    -2.6298737526    -2.0398313999     1.3208615780
F     2.6338369846     2.0434334278     1.3154536486
F     4.3873553276    -0.0252003912    -1.7102917433
F     2.6111488342    -2.0181109905     1.3535875082
 momenta
  -19.71401       35.51579       21.30668    
  -20.96692      -15.54917       4.929859    
 -0.3641587      -4.437689     -0.1140095    
  -3.944385       4.790722       9.149580    
   14.32325       31.59924      -33.07042    
  -22.75601       8.903536      -48.45707    
   18.65215      -20.80934      -23.67027    
   64.15131       23.78960       30.26969    
  -15.22790      -45.28513      -25.06798    
  -11.39790       55.12011       14.37644    
  -2.126808      -73.34884       51.04128    
