C    -2.4142296314     0.0004572234    -0.1337371469
C     0.0002177789     0.0005895615    -1.6563973427
H    -0.0012645053    -1.6648614407    -2.8504366875
H     0.0007067282     1.6651861668    -2.8520829678
C     2.4147500992     0.0001113433    -0.1340099722
F    -4.3860721588     0.0173957217    -1.7116191387
F    -2.6168258190     2.0215053558     1.3483844995
F    -2.6298737526    -2.0398313999     1.3208615780
F     2.6338369846     2.0434334278     1.3154536486
F     4.3873553276    -0.0252003912    -1.7102917433
F     2.6111488342    -2.0181109905     1.3535875082
 momenta
  -30.26785       50.84958      -2.955343    
   20.38034      -54.86656      -9.509481    
  -7.819321       16.24472      -5.631113    
  -6.389409      -3.018813      1.9931694E-02
  -2.095127       22.08093      0.6641419    
   35.78346       16.49052      -4.331282    
  -63.90549      -50.21036       18.38578    
   5.970473       33.76674       2.486445    
   22.75675       2.911894      -26.70056    
  -28.49561      -11.67381       27.43664    
   54.25991      -22.45743      2.5530724E-02
