C    -2.4142296314     0.0004572234    -0.1337371469
C     0.0002177789     0.0005895615    -1.6563973427
H    -0.0012645053    -1.6648614407    -2.8504366875
H     0.0007067282     1.6651861668    -2.8520829678
C     2.4147500992     0.0001113433    -0.1340099722
F    -4.3860721588     0.0173957217    -1.7116191387
F    -2.6168258190     2.0215053558     1.3483844995
F    -2.6298737526    -2.0398313999     1.3208615780
F     2.6338369846     2.0434334278     1.3154536486
F     4.3873553276    -0.0252003912    -1.7102917433
F     2.6111488342    -2.0181109905     1.3535875082
 momenta
   9.980662      -2.544318       4.786450    
   7.629900       2.306712      -21.86226    
 -0.1226098       16.04373       8.851540    
  -8.282922      6.9125876E-02   6.069116    
   2.100814      -10.06811       9.547047    
   23.72080       7.190378      -12.84491    
  -2.112242      -12.47654      -23.31138    
  -23.81947       8.098459       18.85829    
  -5.502393      -34.18660       20.14813    
  -35.15791       11.56694      -42.23721    
   31.71412       13.61854       31.96021    
