C    -2.4142296314     0.0004572234    -0.1337371469
C     0.0002177789     0.0005895615    -1.6563973427
H    -0.0012645053    -1.6648614407    -2.8504366875
H     0.0007067282     1.6651861668    -2.8520829678
C     2.4147500992     0.0001113433    -0.1340099722
F    -4.3860721588     0.0173957217    -1.7116191387
F    -2.6168258190     2.0215053558     1.3483844995
F    -2.6298737526    -2.0398313999     1.3208615780
F     2.6338369846     2.0434334278     1.3154536486
F     4.3873553276    -0.0252003912    -1.7102917433
F     2.6111488342    -2.0181109905     1.3535875082
 momenta
   47.20752      -59.11691       9.725582    
  -2.694158       10.79992      -47.75146    
   11.18261       7.625843      -2.318964    
   8.621040       4.446784      -8.042238    
  -13.83182       19.97491      -30.17953    
  -6.976280       2.221334      -11.22724    
  -13.59912       21.06158       18.45662    
  -45.83523       11.02531       38.26257    
   1.923488       15.56194       22.26327    
  -12.14399      -19.83103       26.09613    
   26.02926      -14.68745      -15.65543    
