C    -2.4142296314     0.0004572234    -0.1337371469
C     0.0002177789     0.0005895615    -1.6563973427
H    -0.0012645053    -1.6648614407    -2.8504366875
H     0.0007067282     1.6651861668    -2.8520829678
C     2.4147500992     0.0001113433    -0.1340099722
F    -4.3860721588     0.0173957217    -1.7116191387
F    -2.6168258190     2.0215053558     1.3483844995
F    -2.6298737526    -2.0398313999     1.3208615780
F     2.6338369846     2.0434334278     1.3154536486
F     4.3873553276    -0.0252003912    -1.7102917433
F     2.6111488342    -2.0181109905     1.3535875082
 momenta
  -35.13373      -7.160789       28.48117    
   22.91752      -19.67440      -21.15469    
  -9.462462      -10.90702       4.708862    
   4.936294      -9.798833       7.039151    
   40.07674       24.68898       6.237044    
  -17.13981      0.6609679      -13.21563    
  -35.71538       52.57135      -20.86417    
   27.63852      -31.10684       42.44582    
   27.95206       28.01243       14.92649    
   41.81275       35.44321       3.373578    
  -67.66876      -62.11025      -52.03033    
