C    -2.4142296314     0.0004572234    -0.1337371469
C     0.0002177789     0.0005895615    -1.6563973427
H    -0.0012645053    -1.6648614407    -2.8504366875
H     0.0007067282     1.6651861668    -2.8520829678
C     2.4147500992     0.0001113433    -0.1340099722
F    -4.3860721588     0.0173957217    -1.7116191387
F    -2.6168258190     2.0215053558     1.3483844995
F    -2.6298737526    -2.0398313999     1.3208615780
F     2.6338369846     2.0434334278     1.3154536486
F     4.3873553276    -0.0252003912    -1.7102917433
F     2.6111488342    -2.0181109905     1.3535875082
 momenta
   19.08078       11.05410       34.08542    
   4.443560      -1.029174       70.68705    
   2.851371       6.656559      -2.287673    
   3.362222     -0.3354895     -8.5883439E-02
  -10.52707      -2.390100       9.940874    
  -38.30562      -11.59222      -46.81746    
  -21.95386      -45.47968       9.537143    
   28.45047       35.72576      -18.47580    
   30.38046       37.81608      -26.29765    
   13.60104      -22.91406     -0.4258927    
  -31.27765      -7.745513      -30.10745    
