C    -2.4142296314     0.0004572234    -0.1337371469
C     0.0002177789     0.0005895615    -1.6563973427
H    -0.0012645053    -1.6648614407    -2.8504366875
H     0.0007067282     1.6651861668    -2.8520829678
C     2.4147500992     0.0001113433    -0.1340099722
F    -4.3860721588     0.0173957217    -1.7116191387
F    -2.6168258190     2.0215053558     1.3483844995
F    -2.6298737526    -2.0398313999     1.3208615780
F     2.6338369846     2.0434334278     1.3154536486
F     4.3873553276    -0.0252003912    -1.7102917433
F     2.6111488342    -2.0181109905     1.3535875082
 momenta
   34.34436      -9.943380      -11.99310    
  -15.21280       9.006421      -6.811760    
   1.546799      -1.222549      -2.726109    
  -2.858065      -1.933119      -7.432791    
   28.78036      -4.577341      -22.96899    
  -1.567861       33.60274       7.503607    
   33.09999       6.815908      -15.77292    
   22.90192      -55.18460       17.81128    
  -36.59189       4.886476       33.53820    
  -22.85197      -17.01726      -8.278694    
  -41.73772       35.51555       17.08809    
