C    -2.4142296314     0.0004572234    -0.1337371469
C     0.0002177789     0.0005895615    -1.6563973427
H    -0.0012645053    -1.6648614407    -2.8504366875
H     0.0007067282     1.6651861668    -2.8520829678
C     2.4147500992     0.0001113433    -0.1340099722
F    -4.3860721588     0.0173957217    -1.7116191387
F    -2.6168258190     2.0215053558     1.3483844995
F    -2.6298737526    -2.0398313999     1.3208615780
F     2.6338369846     2.0434334278     1.3154536486
F     4.3873553276    -0.0252003912    -1.7102917433
F     2.6111488342    -2.0181109905     1.3535875082
 momenta
   11.68345      -5.356516       52.23248    
   26.52090      -48.80997      -21.36271    
  -10.63819       5.410857      -2.739461    
  -6.680177      -1.736992       4.513951    
   35.35054       13.99068      -7.579198    
   9.179490      -33.13564      -5.239223    
   27.51172       35.33747       7.472929    
  -33.59974       5.086274      -26.64009    
 -0.3086942       23.93516       6.414907    
  -20.37603       25.70118       16.39451    
  -38.60910      -20.43962      -23.20223    
