C    -2.4142296314     0.0004572234    -0.1337371469
C     0.0002177789     0.0005895615    -1.6563973427
H    -0.0012645053    -1.6648614407    -2.8504366875
H     0.0007067282     1.6651861668    -2.8520829678
C     2.4147500992     0.0001113433    -0.1340099722
F    -4.3860721588     0.0173957217    -1.7116191387
F    -2.6168258190     2.0215053558     1.3483844995
F    -2.6298737526    -2.0398313999     1.3208615780
F     2.6338369846     2.0434334278     1.3154536486
F     4.3873553276    -0.0252003912    -1.7102917433
F     2.6111488342    -2.0181109905     1.3535875082
 momenta
  -16.78418      -10.04721      -23.49449    
  -16.35129      -12.36032      -26.06796    
 -0.8146062      -3.622275      -1.768765    
   6.810402       3.243956      -4.335691    
   19.29110      -31.34143       16.09892    
   2.542185       38.43600      0.8637599    
  -31.32401       43.44641       20.19468    
   29.79438      -29.99031       27.30702    
  -28.18653      -9.178819      -26.53471    
   14.61962       21.57758       13.68053    
   20.16720      -10.07897       4.078072    
