C    -2.4142296314     0.0004572234    -0.1337371469
C     0.0002177789     0.0005895615    -1.6563973427
H    -0.0012645053    -1.6648614407    -2.8504366875
H     0.0007067282     1.6651861668    -2.8520829678
C     2.4147500992     0.0001113433    -0.1340099722
F    -4.3860721588     0.0173957217    -1.7116191387
F    -2.6168258190     2.0215053558     1.3483844995
F    -2.6298737526    -2.0398313999     1.3208615780
F     2.6338369846     2.0434334278     1.3154536486
F     4.3873553276    -0.0252003912    -1.7102917433
F     2.6111488342    -2.0181109905     1.3535875082
 momenta
  -21.22083      -2.763529      -29.74281    
  -37.61930      -47.20221       3.289283    
   13.95382       14.79011       3.683522    
   2.383878       10.96843       6.531666    
   15.08063       27.12654       19.97152    
  -84.28870      -37.30036       2.270234    
   73.28101       14.39091       8.917398    
  -20.79287      -9.849198      -22.93752    
   47.71098       51.30104      -2.387132    
   23.84983      -4.551679       39.55298    
  -12.47813      -17.93984      -29.17370    
