C    -2.4142296314     0.0004572234    -0.1337371469
C     0.0002177789     0.0005895615    -1.6563973427
H    -0.0012645053    -1.6648614407    -2.8504366875
H     0.0007067282     1.6651861668    -2.8520829678
C     2.4147500992     0.0001113433    -0.1340099722
F    -4.3860721588     0.0173957217    -1.7116191387
F    -2.6168258190     2.0215053558     1.3483844995
F    -2.6298737526    -2.0398313999     1.3208615780
F     2.6338369846     2.0434334278     1.3154536486
F     4.3873553276    -0.0252003912    -1.7102917433
F     2.6111488342    -2.0181109905     1.3535875082
 momenta
  -45.54394      -6.308367       34.19905    
   60.68567       18.11908       73.11723    
   8.354597      -2.675935      -11.12988    
   12.19931      -15.11389      -11.41637    
  -31.40157      -7.485641       13.90418    
   29.92255       34.80711      -10.93775    
  -18.25020      -4.472269       16.66743    
  -11.95467      -24.05101      -5.534444    
  -45.15396       39.94027      -38.10873    
   48.46536      -14.04026      -57.19976    
  -7.437512      -18.12614      -4.324089    
