C    -2.4142296314     0.0004572234    -0.1337371469
C     0.0002177789     0.0005895615    -1.6563973427
H    -0.0012645053    -1.6648614407    -2.8504366875
H     0.0007067282     1.6651861668    -2.8520829678
C     2.4147500992     0.0001113433    -0.1340099722
F    -4.3860721588     0.0173957217    -1.7116191387
F    -2.6168258190     2.0215053558     1.3483844995
F    -2.6298737526    -2.0398313999     1.3208615780
F     2.6338369846     2.0434334278     1.3154536486
F     4.3873553276    -0.0252003912    -1.7102917433
F     2.6111488342    -2.0181109905     1.3535875082
 momenta
  -7.567102      -28.17135       25.44180    
  -19.39949       43.14171      -12.03526    
  -14.13028      -5.663027       8.429417    
  -6.648044       11.23100      -6.992204    
  -3.289031      -12.67436       31.85132    
   61.55372      -1.087832      -18.61749    
  -1.073567       30.91472      -12.52310    
   9.311600      -7.201895       24.78011    
  -32.96321      -57.17676      -19.87503    
   3.122003       2.435958       3.086942    
   10.97037       23.90203      -23.35710    
