C    -2.4142296314     0.0004572234    -0.1337371469
C     0.0002177789     0.0005895615    -1.6563973427
H    -0.0012645053    -1.6648614407    -2.8504366875
H     0.0007067282     1.6651861668    -2.8520829678
C     2.4147500992     0.0001113433    -0.1340099722
F    -4.3860721588     0.0173957217    -1.7116191387
F    -2.6168258190     2.0215053558     1.3483844995
F    -2.6298737526    -2.0398313999     1.3208615780
F     2.6338369846     2.0434334278     1.3154536486
F     4.3873553276    -0.0252003912    -1.7102917433
F     2.6111488342    -2.0181109905     1.3535875082
 momenta
   17.95841       24.69463       9.804120    
  -41.11595       3.434440       6.714479    
   13.63368       1.046186      -12.52615    
  -8.473881      -1.658963      -1.929626    
  -13.31214      -4.873956      -19.90453    
   11.70180      0.1039301      -63.42650    
   14.30838      -18.07190       14.66934    
   7.344548       12.73837       58.21590    
  -16.69034      -36.46104      -1.869550    
  -5.477256       5.112358       22.36591    
   20.21334       14.04429      -12.21322    
