C    -2.4142296314     0.0004572234    -0.1337371469
C     0.0002177789     0.0005895615    -1.6563973427
H    -0.0012645053    -1.6648614407    -2.8504366875
H     0.0007067282     1.6651861668    -2.8520829678
C     2.4147500992     0.0001113433    -0.1340099722
F    -4.3860721588     0.0173957217    -1.7116191387
F    -2.6168258190     2.0215053558     1.3483844995
F    -2.6298737526    -2.0398313999     1.3208615780
F     2.6338369846     2.0434334278     1.3154536486
F     4.3873553276    -0.0252003912    -1.7102917433
F     2.6111488342    -2.0181109905     1.3535875082
 momenta
  -11.03648      -6.158134       46.51437    
  9.8033389E-04  -3.151710      -19.82491    
  0.6943104      -4.220052      -1.551242    
  -3.511953      -11.70006       4.897593    
   31.17851      -5.781895       18.21319    
   38.85714      -7.438214      -9.604547    
  -18.99425       1.714361      0.7245304    
  -58.33153       16.83697       2.999558    
   2.809366       37.79756      0.9329637    
   15.38215       20.05943      -20.30093    
   2.898649      -37.71770      -23.05569    
