C    -2.4142296314     0.0004572234    -0.1337371469
C     0.0002177789     0.0005895615    -1.6563973427
H    -0.0012645053    -1.6648614407    -2.8504366875
H     0.0007067282     1.6651861668    -2.8520829678
C     2.4147500992     0.0001113433    -0.1340099722
F    -4.3860721588     0.0173957217    -1.7116191387
F    -2.6168258190     2.0215053558     1.3483844995
F    -2.6298737526    -2.0398313999     1.3208615780
F     2.6338369846     2.0434334278     1.3154536486
F     4.3873553276    -0.0252003912    -1.7102917433
F     2.6111488342    -2.0181109905     1.3535875082
 momenta
  -44.64200       30.73861       3.093416    
  -6.104706      -17.60386       55.63793    
  -1.567011      -2.987486      -7.950150    
  -22.13645       5.018358      -9.153139    
  -20.57889      -5.660929      -80.57944    
   16.95352       8.074239      -32.84398    
   39.78477      -22.91566       34.97838    
 -0.7278125       5.594479      -22.84980    
  -29.03410      -8.629745     -0.3918771    
   21.14011      -14.65446       17.91200    
   47.02882       23.49504       42.54464    
