C    -2.4142296314     0.0004572234    -0.1337371469
C     0.0002177789     0.0005895615    -1.6563973427
H    -0.0012645053    -1.6648614407    -2.8504366875
H     0.0007067282     1.6651861668    -2.8520829678
C     2.4147500992     0.0001113433    -0.1340099722
F    -4.3860721588     0.0173957217    -1.7116191387
F    -2.6168258190     2.0215053558     1.3483844995
F    -2.6298737526    -2.0398313999     1.3208615780
F     2.6338369846     2.0434334278     1.3154536486
F     4.3873553276    -0.0252003912    -1.7102917433
F     2.6111488342    -2.0181109905     1.3535875082
 momenta
   8.300060       6.854548       13.13518    
   19.49943       24.72065       8.652519    
  -7.435789      -3.135230      -5.213529    
   10.64955      -4.156515      -4.989234    
   31.98375       9.605201      -44.68087    
   26.58464      -24.34744       21.57296    
  -5.373221       1.719140      -1.454306    
   8.879010       22.33043      -5.690771    
  -49.28214       29.73478       9.487079    
  -21.09256      -9.284718       10.97311    
  -22.57104      -54.18331      -1.966074    
