C    -2.4142296314     0.0004572234    -0.1337371469
C     0.0002177789     0.0005895615    -1.6563973427
H    -0.0012645053    -1.6648614407    -2.8504366875
H     0.0007067282     1.6651861668    -2.8520829678
C     2.4147500992     0.0001113433    -0.1340099722
F    -4.3860721588     0.0173957217    -1.7116191387
F    -2.6168258190     2.0215053558     1.3483844995
F    -2.6298737526    -2.0398313999     1.3208615780
F     2.6338369846     2.0434334278     1.3154536486
F     4.3873553276    -0.0252003912    -1.7102917433
F     2.6111488342    -2.0181109905     1.3535875082
 momenta
   1.936356      0.8927245      -7.386447    
  -43.97206      -9.734190       39.85850    
   8.245080      -3.951441       2.390465    
  -6.345909     -0.1983695       9.854880    
  -17.28468       25.03117       5.167005    
  -3.448991      -54.19127      -39.67309    
   42.16275       29.27684       45.42121    
   34.59656       30.48784      -28.05275    
   2.670824       18.56873      -4.558908    
   6.282181      -26.73022       28.26193    
  -24.84015      -9.320636      -51.18662    
