C    -2.4142296314     0.0004572234    -0.1337371469
C     0.0002177789     0.0005895615    -1.6563973427
H    -0.0012645053    -1.6648614407    -2.8504366875
H     0.0007067282     1.6651861668    -2.8520829678
C     2.4147500992     0.0001113433    -0.1340099722
F    -4.3860721588     0.0173957217    -1.7116191387
F    -2.6168258190     2.0215053558     1.3483844995
F    -2.6298737526    -2.0398313999     1.3208615780
F     2.6338369846     2.0434334278     1.3154536486
F     4.3873553276    -0.0252003912    -1.7102917433
F     2.6111488342    -2.0181109905     1.3535875082
 momenta
   3.451620       18.05423      -10.99962    
  -2.559005       10.02342       29.19221    
   11.66964      -1.301683      -7.466702    
   9.088183      -6.324321       5.981019    
  -22.35285      -45.16235      -19.12462    
  -71.38033       21.81966       52.11050    
   3.850128       15.58605      -60.54968    
   13.35290      -34.92255      -14.25445    
  -17.08710       46.11967       8.959673    
   35.57165       2.545249       25.63206    
   36.40996      -26.37819      -9.762355    
