C    -2.4142296314     0.0004572234    -0.1337371469
C     0.0002177789     0.0005895615    -1.6563973427
H    -0.0012645053    -1.6648614407    -2.8504366875
H     0.0007067282     1.6651861668    -2.8520829678
C     2.4147500992     0.0001113433    -0.1340099722
F    -4.3860721588     0.0173957217    -1.7116191387
F    -2.6168258190     2.0215053558     1.3483844995
F    -2.6298737526    -2.0398313999     1.3208615780
F     2.6338369846     2.0434334278     1.3154536486
F     4.3873553276    -0.0252003912    -1.7102917433
F     2.6111488342    -2.0181109905     1.3535875082
 momenta
  -22.94408      -38.35823       11.37834    
  0.4011859      -33.56060      0.9297152    
   3.919583       12.96127      0.1445303    
  -4.645288      -3.453198       4.316482    
   20.49408      -3.276733      -17.15608    
   29.44374       5.781929      -14.27563    
   19.39060     -0.6766539       41.17606    
  -26.73046       39.80366      -38.80187    
   2.163728      -27.54082      -31.11962    
  -39.36617       22.58133       9.599771    
   17.78549       25.79449       33.98185    
