C    -2.4142296314     0.0004572234    -0.1337371469
C     0.0002177789     0.0005895615    -1.6563973427
H    -0.0012645053    -1.6648614407    -2.8504366875
H     0.0007067282     1.6651861668    -2.8520829678
C     2.4147500992     0.0001113433    -0.1340099722
F    -4.3860721588     0.0173957217    -1.7116191387
F    -2.6168258190     2.0215053558     1.3483844995
F    -2.6298737526    -2.0398313999     1.3208615780
F     2.6338369846     2.0434334278     1.3154536486
F     4.3873553276    -0.0252003912    -1.7102917433
F     2.6111488342    -2.0181109905     1.3535875082
 momenta
   40.74538       38.21933       11.85733    
   8.780563      -7.752859      -12.16822    
  -4.327777       5.993598      -3.438382    
  -4.225534      -16.37754      -4.986216    
   9.095669      -11.67834       10.91973    
  -58.44498     -0.3502171      -32.74282    
  -12.39840       47.39580       13.01208    
  -12.39447      -79.27233       6.314858    
   21.23465       41.46751       15.92131    
   21.22559       18.27235      -39.89647    
  -9.561671      -35.65417       34.66750    
