C    -2.4142296314     0.0004572234    -0.1337371469
C     0.0002177789     0.0005895615    -1.6563973427
H    -0.0012645053    -1.6648614407    -2.8504366875
H     0.0007067282     1.6651861668    -2.8520829678
C     2.4147500992     0.0001113433    -0.1340099722
F    -4.3860721588     0.0173957217    -1.7116191387
F    -2.6168258190     2.0215053558     1.3483844995
F    -2.6298737526    -2.0398313999     1.3208615780
F     2.6338369846     2.0434334278     1.3154536486
F     4.3873553276    -0.0252003912    -1.7102917433
F     2.6111488342    -2.0181109905     1.3535875082
 momenta
  -33.51478      -30.21225      -41.30062    
   4.632261       8.062390       6.180261    
  -1.677530      -1.436123      -10.83892    
   6.369409      0.1215277       15.63068    
  -15.48860       9.769937       14.98879    
  -73.45302      -8.215427      -26.89607    
   33.59085       23.52208       27.57581    
  -4.250204       24.14528      -11.36491    
  -1.106675      -2.100801       7.286294    
   8.766313      -5.027811      -23.51289    
   75.96980      -18.18209       42.53511    
