C    -2.4142296314     0.0004572234    -0.1337371469
C     0.0002177789     0.0005895615    -1.6563973427
H    -0.0012645053    -1.6648614407    -2.8504366875
H     0.0007067282     1.6651861668    -2.8520829678
C     2.4147500992     0.0001113433    -0.1340099722
F    -4.3860721588     0.0173957217    -1.7116191387
F    -2.6168258190     2.0215053558     1.3483844995
F    -2.6298737526    -2.0398313999     1.3208615780
F     2.6338369846     2.0434334278     1.3154536486
F     4.3873553276    -0.0252003912    -1.7102917433
F     2.6111488342    -2.0181109905     1.3535875082
 momenta
  -28.53472       43.21820      -4.668196    
   7.647786       39.67411      -36.15596    
   4.134881      -7.003592       21.70950    
   1.685938      -6.155194      -5.265568    
   32.34037      -4.642043      -27.43523    
  -31.75069      -2.949969       21.24100    
   7.666619      -43.58435       13.16930    
  -2.768492      -14.17452      -38.46402    
   19.96700       19.56209      -27.19304    
  -28.81568      -9.573751       39.30604    
   18.65495      -14.36971       43.52962    
