C    -2.4142296314     0.0004572234    -0.1337371469
C     0.0002177789     0.0005895615    -1.6563973427
H    -0.0012645053    -1.6648614407    -2.8504366875
H     0.0007067282     1.6651861668    -2.8520829678
C     2.4147500992     0.0001113433    -0.1340099722
F    -4.3860721588     0.0173957217    -1.7116191387
F    -2.6168258190     2.0215053558     1.3483844995
F    -2.6298737526    -2.0398313999     1.3208615780
F     2.6338369846     2.0434334278     1.3154536486
F     4.3873553276    -0.0252003912    -1.7102917433
F     2.6111488342    -2.0181109905     1.3535875082
 momenta
   20.80577      -17.74400       2.681498    
   3.138474      0.5795115       11.61370    
 -0.6337205     -0.4983680       3.161729    
  -2.393403       10.85550      -14.10198    
  -7.187447      -52.75613       4.365885    
   16.46124       17.52190       17.17967    
   12.13515      -42.46772     -0.7879326    
  -1.224810       31.91360      -29.38754    
  -19.07718       30.90989       9.380228    
  -18.80032      -5.269610      -18.53300    
  -3.384779       26.56063       14.60274    
