C    -2.4142296314     0.0004572234    -0.1337371469
C     0.0002177789     0.0005895615    -1.6563973427
H    -0.0012645053    -1.6648614407    -2.8504366875
H     0.0007067282     1.6651861668    -2.8520829678
C     2.4147500992     0.0001113433    -0.1340099722
F    -4.3860721588     0.0173957217    -1.7116191387
F    -2.6168258190     2.0215053558     1.3483844995
F    -2.6298737526    -2.0398313999     1.3208615780
F     2.6338369846     2.0434334278     1.3154536486
F     4.3873553276    -0.0252003912    -1.7102917433
F     2.6111488342    -2.0181109905     1.3535875082
 momenta
  -22.38544      -25.85468      -2.478312    
   26.59567      -29.67271       32.87827    
  -4.633327       1.593053      0.8140507    
  -2.361022       5.302489       4.953543    
  -25.92867      -39.82254      -10.81865    
   51.31712       12.59511       2.314147    
  -23.21023       30.65596       22.11841    
   17.38289       10.29733      -34.76077    
  -8.824656       37.53977       9.706835    
  -25.92173      -15.75076      -12.52182    
   18.08801       13.38958      -11.98769    
