C    -2.4142296314     0.0004572234    -0.1337371469
C     0.0002177789     0.0005895615    -1.6563973427
H    -0.0012645053    -1.6648614407    -2.8504366875
H     0.0007067282     1.6651861668    -2.8520829678
C     2.4147500992     0.0001113433    -0.1340099722
F    -4.3860721588     0.0173957217    -1.7116191387
F    -2.6168258190     2.0215053558     1.3483844995
F    -2.6298737526    -2.0398313999     1.3208615780
F     2.6338369846     2.0434334278     1.3154536486
F     4.3873553276    -0.0252003912    -1.7102917433
F     2.6111488342    -2.0181109905     1.3535875082
 momenta
  -16.94517      -10.76098      -9.153063    
  -14.86285       51.53739      -27.40968    
   8.340826      -1.997294      -3.656308    
  -5.767290      -16.10235      -1.646868    
   7.991292      -19.67861      -22.74172    
   22.99435      -18.02897       4.417552    
  -13.34743       48.97509      -18.53439    
  -10.55371      -4.527778       23.19600    
   11.35961       43.61459       34.81005    
  -21.73968       36.03355      -19.64163    
   32.68641      -108.6786       39.93394    
