C    -2.4142296314     0.0004572234    -0.1337371469
C     0.0002177789     0.0005895615    -1.6563973427
H    -0.0012645053    -1.6648614407    -2.8504366875
H     0.0007067282     1.6651861668    -2.8520829678
C     2.4147500992     0.0001113433    -0.1340099722
F    -4.3860721588     0.0173957217    -1.7116191387
F    -2.6168258190     2.0215053558     1.3483844995
F    -2.6298737526    -2.0398313999     1.3208615780
F     2.6338369846     2.0434334278     1.3154536486
F     4.3873553276    -0.0252003912    -1.7102917433
F     2.6111488342    -2.0181109905     1.3535875082
 momenta
  -1.232583      -23.36851      -25.51652    
  -30.01149       32.05363      -4.093478    
   11.37824      -13.89953       6.426375    
  -16.16555      -12.56810      -9.307770    
  -47.71303       6.519025      -31.42965    
   19.54132      0.2484945      -5.486545    
   39.05964      -6.342367       21.43966    
  -27.35711       12.90308      -6.724445    
   28.78461      -11.48006       11.77057    
   4.921989       25.08948      -2.790401    
   18.61679      -8.335348       45.70791    
