C    -2.4142296314     0.0004572234    -0.1337371469
C     0.0002177789     0.0005895615    -1.6563973427
H    -0.0012645053    -1.6648614407    -2.8504366875
H     0.0007067282     1.6651861668    -2.8520829678
C     2.4147500992     0.0001113433    -0.1340099722
F    -4.3860721588     0.0173957217    -1.7116191387
F    -2.6168258190     2.0215053558     1.3483844995
F    -2.6298737526    -2.0398313999     1.3208615780
F     2.6338369846     2.0434334278     1.3154536486
F     4.3873553276    -0.0252003912    -1.7102917433
F     2.6111488342    -2.0181109905     1.3535875082
 momenta
   23.48708      -17.90830      -6.648986    
   6.284713      -29.72753      -3.247221    
   5.496743       2.029404     -0.8754315    
   11.11807       4.300022       9.400961    
  -28.68796      -40.59967       35.23133    
  -22.83405       3.553861      -14.05591    
  -10.73268       6.556989       22.14794    
  -9.894981       24.28227       7.459538    
  -11.64297       33.30191       16.60856    
   23.80462      -9.860045      -23.04748    
   13.42054       23.91014      -43.04160    
