C    -2.4142296314     0.0004572234    -0.1337371469
C     0.0002177789     0.0005895615    -1.6563973427
H    -0.0012645053    -1.6648614407    -2.8504366875
H     0.0007067282     1.6651861668    -2.8520829678
C     2.4147500992     0.0001113433    -0.1340099722
F    -4.3860721588     0.0173957217    -1.7116191387
F    -2.6168258190     2.0215053558     1.3483844995
F    -2.6298737526    -2.0398313999     1.3208615780
F     2.6338369846     2.0434334278     1.3154536486
F     4.3873553276    -0.0252003912    -1.7102917433
F     2.6111488342    -2.0181109905     1.3535875082
 momenta
   16.90184     -0.6250501       64.17029    
   15.81812      -40.70188       6.633317    
   9.831204      -2.868915       6.964398    
   11.58093       2.351652       2.878732    
   63.92954       1.360497      -23.35813    
  -10.72113      -4.375208       6.998314    
   3.755526       15.52277      -24.39854    
  -12.60314       17.36014      -38.86144    
  -39.63232      -68.17376       23.12052    
  -33.17202       23.28149      -25.52122    
  -25.50957       56.42346       1.794449    
