C    -2.4142296314     0.0004572234    -0.1337371469
C     0.0002177789     0.0005895615    -1.6563973427
H    -0.0012645053    -1.6648614407    -2.8504366875
H     0.0007067282     1.6651861668    -2.8520829678
C     2.4147500992     0.0001113433    -0.1340099722
F    -4.3860721588     0.0173957217    -1.7116191387
F    -2.6168258190     2.0215053558     1.3483844995
F    -2.6298737526    -2.0398313999     1.3208615780
F     2.6338369846     2.0434334278     1.3154536486
F     4.3873553276    -0.0252003912    -1.7102917433
F     2.6111488342    -2.0181109905     1.3535875082
 momenta
  -37.04329      -42.85624      -18.76336    
  -1.950378       38.43511      -26.62355    
  -12.90460      -16.80936      -12.58379    
   2.264941       21.65886      -1.070915    
   14.33241      -18.77428       11.78259    
  -31.74471       9.872218       26.83931    
  -40.48689      -27.60210      -39.80935    
  -53.12744       29.42609       40.51673    
   43.71959      -18.97218       31.04210    
   63.75653       2.495924      -11.69912    
   53.07596       22.97763       1.082670    
