C    -2.4142296314     0.0004572234    -0.1337371469
C     0.0002177789     0.0005895615    -1.6563973427
H    -0.0012645053    -1.6648614407    -2.8504366875
H     0.0007067282     1.6651861668    -2.8520829678
C     2.4147500992     0.0001113433    -0.1340099722
F    -4.3860721588     0.0173957217    -1.7116191387
F    -2.6168258190     2.0215053558     1.3483844995
F    -2.6298737526    -2.0398313999     1.3208615780
F     2.6338369846     2.0434334278     1.3154536486
F     4.3873553276    -0.0252003912    -1.7102917433
F     2.6111488342    -2.0181109905     1.3535875082
 momenta
  -23.22963       39.00123       29.48890    
   20.06478      -11.45334      -19.12494    
  0.7363028      -10.87776      -4.588906    
   13.69248       1.730502     -0.4148221    
  -19.18456       19.39459       1.525252    
  -10.56542      -43.49035      -43.69270    
   65.80959       23.34287       40.79051    
   26.47100      -18.21247      -13.07916    
  -6.286667       17.18701      -4.858973    
  -44.25851       1.070238       19.14628    
  -22.92425      -17.40563      -5.218648    
