C    -2.4142296314     0.0004572234    -0.1337371469
C     0.0002177789     0.0005895615    -1.6563973427
H    -0.0012645053    -1.6648614407    -2.8504366875
H     0.0007067282     1.6651861668    -2.8520829678
C     2.4147500992     0.0001113433    -0.1340099722
F    -4.3860721588     0.0173957217    -1.7116191387
F    -2.6168258190     2.0215053558     1.3483844995
F    -2.6298737526    -2.0398313999     1.3208615780
F     2.6338369846     2.0434334278     1.3154536486
F     4.3873553276    -0.0252003912    -1.7102917433
F     2.6111488342    -2.0181109905     1.3535875082
 momenta
  -3.234559      -7.533679       10.17934    
   44.14911       22.01952      -16.70814    
  -6.866458      -1.904987       16.56056    
  -2.067565     -0.8729658      0.1721536    
  -45.09899      -2.263848       10.07740    
   10.29652       6.446463       14.53157    
  -47.07800       23.81145      -38.79018    
   23.57872      -26.03555       19.02810    
   12.75510      -16.82203       53.93670    
   13.62261      -36.94727      -26.07651    
  0.1720145       40.21011      -43.28839    
