C    -2.4142296314     0.0004572234    -0.1337371469
C     0.0002177789     0.0005895615    -1.6563973427
H    -0.0012645053    -1.6648614407    -2.8504366875
H     0.0007067282     1.6651861668    -2.8520829678
C     2.4147500992     0.0001113433    -0.1340099722
F    -4.3860721588     0.0173957217    -1.7116191387
F    -2.6168258190     2.0215053558     1.3483844995
F    -2.6298737526    -2.0398313999     1.3208615780
F     2.6338369846     2.0434334278     1.3154536486
F     4.3873553276    -0.0252003912    -1.7102917433
F     2.6111488342    -2.0181109905     1.3535875082
 momenta
  -6.626891       3.626723      -2.873445    
  -1.769230       3.216796      -3.810870    
  -3.700566      0.2473439      -4.279167    
  -5.713578      -8.989279      -6.110932    
   15.59635       38.46001      -25.13225    
  -1.737450      -13.19456      -10.22098    
  -25.19531       7.445974      -4.342686    
   29.43474       7.077590       2.962408    
   46.72199      -11.38401       30.73068    
  -33.88170       1.040374       1.838405    
  -12.99377      -27.17430       21.12026    
