C    -2.4142296314     0.0004572234    -0.1337371469
C     0.0002177789     0.0005895615    -1.6563973427
H    -0.0012645053    -1.6648614407    -2.8504366875
H     0.0007067282     1.6651861668    -2.8520829678
C     2.4147500992     0.0001113433    -0.1340099722
F    -4.3860721588     0.0173957217    -1.7116191387
F    -2.6168258190     2.0215053558     1.3483844995
F    -2.6298737526    -2.0398313999     1.3208615780
F     2.6338369846     2.0434334278     1.3154536486
F     4.3873553276    -0.0252003912    -1.7102917433
F     2.6111488342    -2.0181109905     1.3535875082
 momenta
  -13.95138       36.70771      -32.83110    
  -13.88423       15.33300       19.20044    
   9.885988     -8.6166345E-02 -0.2953776    
   3.909573      -6.939272      -14.78140    
   17.63178      -38.12075       3.042383    
  -16.82117      0.6434155      -2.848831    
  -3.809537      -11.88675       17.60368    
  -20.75094      -8.450658       2.237350    
  -2.861207      -2.515766      -6.209966    
  -21.85313      -4.515757       16.29106    
   62.14878       19.68394      -1.938500    
