C    -2.4142296314     0.0004572234    -0.1337371469
C     0.0002177789     0.0005895615    -1.6563973427
H    -0.0012645053    -1.6648614407    -2.8504366875
H     0.0007067282     1.6651861668    -2.8520829678
C     2.4147500992     0.0001113433    -0.1340099722
F    -4.3860721588     0.0173957217    -1.7116191387
F    -2.6168258190     2.0215053558     1.3483844995
F    -2.6298737526    -2.0398313999     1.3208615780
F     2.6338369846     2.0434334278     1.3154536486
F     4.3873553276    -0.0252003912    -1.7102917433
F     2.6111488342    -2.0181109905     1.3535875082
 momenta
  -21.16864       4.083973       22.35646    
   26.74700       15.54264      -19.68767    
   4.488584       10.11458      0.9747261    
   1.071620       4.340738     -0.7023314    
  0.2217303       42.19579      -18.15737    
   89.41618      -31.12948       25.52927    
   35.26777      -20.39366      -15.20648    
  -60.48592      -20.67771      -1.925889    
   3.568829      -1.645539       30.56086    
  -31.37944      -16.28594      -57.08588    
  -47.29712       13.25281       33.16314    
