C    -2.4142296314     0.0004572234    -0.1337371469
C     0.0002177789     0.0005895615    -1.6563973427
H    -0.0012645053    -1.6648614407    -2.8504366875
H     0.0007067282     1.6651861668    -2.8520829678
C     2.4147500992     0.0001113433    -0.1340099722
F    -4.3860721588     0.0173957217    -1.7116191387
F    -2.6168258190     2.0215053558     1.3483844995
F    -2.6298737526    -2.0398313999     1.3208615780
F     2.6338369846     2.0434334278     1.3154536486
F     4.3873553276    -0.0252003912    -1.7102917433
F     2.6111488342    -2.0181109905     1.3535875082
 momenta
  -36.91558       7.238887      -26.91976    
  -17.67096       37.71841      -21.88532    
   4.222959       6.430716       9.266770    
   12.52822       7.785871       5.354252    
  -14.40768      -18.15180       43.04853    
   8.450057      -17.63381       47.16468    
   36.99254      -37.27308      -13.46152    
  -43.80508      -30.63078      -9.279485    
   44.99362       25.90023      -45.37567    
   15.31661      -11.12229       30.25183    
  -9.714710       28.96468      -18.55854    
