C    -2.4142296314     0.0004572234    -0.1337371469
C     0.0002177789     0.0005895615    -1.6563973427
H    -0.0012645053    -1.6648614407    -2.8504366875
H     0.0007067282     1.6651861668    -2.8520829678
C     2.4147500992     0.0001113433    -0.1340099722
F    -4.3860721588     0.0173957217    -1.7116191387
F    -2.6168258190     2.0215053558     1.3483844995
F    -2.6298737526    -2.0398313999     1.3208615780
F     2.6338369846     2.0434334278     1.3154536486
F     4.3873553276    -0.0252003912    -1.7102917433
F     2.6111488342    -2.0181109905     1.3535875082
 momenta
   15.66109       12.73355       26.13916    
   20.81176      -25.91599      -39.27431    
  -9.332642       5.927982      -1.991188    
  -1.882784      -1.111944       10.72450    
  -48.10652       10.12227      -17.86777    
   6.251523      -3.588856       10.71927    
   13.80746       31.63695      -21.56538    
   14.76859      -9.258101       6.712269    
  -35.11514      -23.26281       17.01485    
   10.13133       7.971610       15.82729    
   13.24277      -5.064770      -6.387176    
