C    -2.4142296314     0.0004572234    -0.1337371469
C     0.0002177789     0.0005895615    -1.6563973427
H    -0.0012645053    -1.6648614407    -2.8504366875
H     0.0007067282     1.6651861668    -2.8520829678
C     2.4147500992     0.0001113433    -0.1340099722
F    -4.3860721588     0.0173957217    -1.7116191387
F    -2.6168258190     2.0215053558     1.3483844995
F    -2.6298737526    -2.0398313999     1.3208615780
F     2.6338369846     2.0434334278     1.3154536486
F     4.3873553276    -0.0252003912    -1.7102917433
F     2.6111488342    -2.0181109905     1.3535875082
 momenta
   8.756897       11.46949     -0.6355449    
  -22.31998      -27.85245      -10.71883    
 -0.1624519      -4.032039       1.363296    
  -9.099715      -3.071492      -16.11726    
   10.27823      -28.97326       11.17814    
  -9.984986       22.43306       16.58186    
   6.739365       18.96032      -20.59673    
   51.63708      -23.19605      -14.07169    
  -19.26898      -11.10373       59.35962    
   2.581912      -6.310948      -20.52055    
  -19.47894       51.87675      -5.905909    
