C    -2.4142296314     0.0004572234    -0.1337371469
C     0.0002177789     0.0005895615    -1.6563973427
H    -0.0012645053    -1.6648614407    -2.8504366875
H     0.0007067282     1.6651861668    -2.8520829678
C     2.4147500992     0.0001113433    -0.1340099722
F    -4.3860721588     0.0173957217    -1.7116191387
F    -2.6168258190     2.0215053558     1.3483844995
F    -2.6298737526    -2.0398313999     1.3208615780
F     2.6338369846     2.0434334278     1.3154536486
F     4.3873553276    -0.0252003912    -1.7102917433
F     2.6111488342    -2.0181109905     1.3535875082
 momenta
  -54.13099      -16.83402      -25.23715    
  -3.982227       27.45696       6.291664    
   1.912834       11.33809      0.9535994    
   11.85128      -1.602790       2.082289    
   15.79576       58.73382       3.150846    
 -0.8255519      -29.83010       33.93970    
   37.18845       7.152397      -14.12998    
   10.44682       22.06095      -6.157208    
  -28.91246       1.674438      -16.94314    
  -10.93504      -35.44387       45.54317    
   21.58764      -45.38208      -29.97026    
