C    -2.4142296314     0.0004572234    -0.1337371469
C     0.0002177789     0.0005895615    -1.6563973427
H    -0.0012645053    -1.6648614407    -2.8504366875
H     0.0007067282     1.6651861668    -2.8520829678
C     2.4147500992     0.0001113433    -0.1340099722
F    -4.3860721588     0.0173957217    -1.7116191387
F    -2.6168258190     2.0215053558     1.3483844995
F    -2.6298737526    -2.0398313999     1.3208615780
F     2.6338369846     2.0434334278     1.3154536486
F     4.3873553276    -0.0252003912    -1.7102917433
F     2.6111488342    -2.0181109905     1.3535875082
 momenta
   2.642483      -15.88049       10.04851    
   49.35262      -25.22833      -7.942247    
  -8.008072      4.4265416E-02  -6.677271    
 -0.5881428      -2.128327       9.389317    
  -4.918849       11.29433       24.37839    
  -64.34803       11.50832      -14.81133    
   5.980724       60.99673      -15.98229    
   9.598589      -30.99937       16.61744    
  -10.41093       5.183304      -2.621969    
   18.98455       36.03635      -16.17308    
   1.722391      -50.28223       4.013665    
