C    -2.4142296314     0.0004572234    -0.1337371469
C     0.0002177789     0.0005895615    -1.6563973427
H    -0.0012645053    -1.6648614407    -2.8504366875
H     0.0007067282     1.6651861668    -2.8520829678
C     2.4147500992     0.0001113433    -0.1340099722
F    -4.3860721588     0.0173957217    -1.7116191387
F    -2.6168258190     2.0215053558     1.3483844995
F    -2.6298737526    -2.0398313999     1.3208615780
F     2.6338369846     2.0434334278     1.3154536486
F     4.3873553276    -0.0252003912    -1.7102917433
F     2.6111488342    -2.0181109905     1.3535875082
 momenta
   19.31831      -49.73927      -37.35444    
  -35.66301       33.05448       32.83960    
   24.36762       11.17469      -4.040924    
  -7.590133      -9.463906       1.674477    
   19.97749      -19.69747      -29.55878    
  -4.848941       39.41935       14.28003    
   6.553362      -19.56885       31.96139    
   9.476741       15.04944       1.397951    
  -49.26036      -8.452693      -53.74900    
   34.91773      -18.95896       28.69449    
  -17.56604       27.26755       13.47945    
