C    -2.4142296314     0.0004572234    -0.1337371469
C     0.0002177789     0.0005895615    -1.6563973427
H    -0.0012645053    -1.6648614407    -2.8504366875
H     0.0007067282     1.6651861668    -2.8520829678
C     2.4147500992     0.0001113433    -0.1340099722
F    -4.3860721588     0.0173957217    -1.7116191387
F    -2.6168258190     2.0215053558     1.3483844995
F    -2.6298737526    -2.0398313999     1.3208615780
F     2.6338369846     2.0434334278     1.3154536486
F     4.3873553276    -0.0252003912    -1.7102917433
F     2.6111488342    -2.0181109905     1.3535875082
 momenta
   22.07865      -49.22081       4.999390    
  0.1090159      -5.126913       41.35601    
  -1.664572      -8.969398      -16.54209    
   5.088014      -2.767864       1.065773    
  -8.532459       29.59459      -14.97302    
  -58.12870       25.12540      -71.92309    
  0.3372243      -2.299434       30.93120    
   41.07718       13.87294       18.14469    
   3.582327       50.70400       45.52867    
   6.666879      -54.52233      -20.96895    
  -10.77077       4.075075      -17.52517    
