C    -2.4142296314     0.0004572234    -0.1337371469
C     0.0002177789     0.0005895615    -1.6563973427
H    -0.0012645053    -1.6648614407    -2.8504366875
H     0.0007067282     1.6651861668    -2.8520829678
C     2.4147500992     0.0001113433    -0.1340099722
F    -4.3860721588     0.0173957217    -1.7116191387
F    -2.6168258190     2.0215053558     1.3483844995
F    -2.6298737526    -2.0398313999     1.3208615780
F     2.6338369846     2.0434334278     1.3154536486
F     4.3873553276    -0.0252003912    -1.7102917433
F     2.6111488342    -2.0181109905     1.3535875082
 momenta
   27.31469      -6.795078      -13.72607    
  -10.12024     -0.5573359      -19.85497    
  0.7390926       5.487703      -3.942670    
  0.7177998      -4.260822       4.334552    
  -40.96421       32.74538       13.37323    
   11.97160      -27.51392       38.98796    
   14.53579       17.50315      -5.548912    
   39.21365       27.55803      -9.930077    
  -26.66948       11.49437       2.321257    
   1.747175      -28.76962       43.84508    
  -18.53824      -26.90285      -50.16468    
