C    -2.4142296314     0.0004572234    -0.1337371469
C     0.0002177789     0.0005895615    -1.6563973427
H    -0.0012645053    -1.6648614407    -2.8504366875
H     0.0007067282     1.6651861668    -2.8520829678
C     2.4147500992     0.0001113433    -0.1340099722
F    -4.3860721588     0.0173957217    -1.7116191387
F    -2.6168258190     2.0215053558     1.3483844995
F    -2.6298737526    -2.0398313999     1.3208615780
F     2.6338369846     2.0434334278     1.3154536486
F     4.3873553276    -0.0252003912    -1.7102917433
F     2.6111488342    -2.0181109905     1.3535875082
 momenta
  -21.02574       58.06666       10.67894    
  -12.03385       8.109272      -10.55801    
  -6.593333       2.056779       4.414300    
   4.953857      -3.917447       11.92645    
  -19.66849      -6.168759       18.29206    
  -2.572589      -6.981320       23.13478    
   29.94953      -9.866756       8.581379    
  -1.526825      -39.67147      -45.53882    
  -29.40098       18.53109      -60.43716    
   54.63837       7.263837      -7.109062    
   3.342180      -27.33661       46.54519    
