C    -2.4142296314     0.0004572234    -0.1337371469
C     0.0002177789     0.0005895615    -1.6563973427
H    -0.0012645053    -1.6648614407    -2.8504366875
H     0.0007067282     1.6651861668    -2.8520829678
C     2.4147500992     0.0001113433    -0.1340099722
F    -4.3860721588     0.0173957217    -1.7116191387
F    -2.6168258190     2.0215053558     1.3483844995
F    -2.6298737526    -2.0398313999     1.3208615780
F     2.6338369846     2.0434334278     1.3154536486
F     4.3873553276    -0.0252003912    -1.7102917433
F     2.6111488342    -2.0181109905     1.3535875082
 momenta
   12.92164       48.82367       74.41995    
   35.38556      -16.09475     -0.2486555    
  -3.209030       2.793798      -4.816823    
   10.55725       3.329923     -0.8972264    
  0.4909629       3.630897      -3.774578    
  -14.16048       10.86578      -4.928337    
  -22.77783      -22.64968      -11.26832    
   58.43571      -8.715878      -35.32062    
  -39.21345      -6.373899      -26.33582    
  -6.048655      -14.69027      -9.391254    
  -31.92739      -1.024585       22.56043    
