C    -2.4142296314     0.0004572234    -0.1337371469
C     0.0002177789     0.0005895615    -1.6563973427
H    -0.0012645053    -1.6648614407    -2.8504366875
H     0.0007067282     1.6651861668    -2.8520829678
C     2.4147500992     0.0001113433    -0.1340099722
F    -4.3860721588     0.0173957217    -1.7116191387
F    -2.6168258190     2.0215053558     1.3483844995
F    -2.6298737526    -2.0398313999     1.3208615780
F     2.6338369846     2.0434334278     1.3154536486
F     4.3873553276    -0.0252003912    -1.7102917433
F     2.6111488342    -2.0181109905     1.3535875082
 momenta
   53.26831       18.02157      -7.064165    
  -8.084424      -23.78498       60.18449    
 -0.8282529      -4.416865       5.976857    
  -1.990937      -5.857491       3.953669    
  -7.466809       33.62731      -30.89887    
   18.80901       16.72956       14.74550    
   48.04825      -36.11897      -16.69608    
  -37.81801      -11.67999      -18.86887    
  -20.90416      -11.90360      -39.75356    
  -35.23649       12.50484       43.95102    
  -7.943135       12.88979      -15.13171    
