C    -2.4142296314     0.0004572234    -0.1337371469
C     0.0002177789     0.0005895615    -1.6563973427
H    -0.0012645053    -1.6648614407    -2.8504366875
H     0.0007067282     1.6651861668    -2.8520829678
C     2.4147500992     0.0001113433    -0.1340099722
F    -4.3860721588     0.0173957217    -1.7116191387
F    -2.6168258190     2.0215053558     1.3483844995
F    -2.6298737526    -2.0398313999     1.3208615780
F     2.6338369846     2.0434334278     1.3154536486
F     4.3873553276    -0.0252003912    -1.7102917433
F     2.6111488342    -2.0181109905     1.3535875082
 momenta
  -25.32487      -54.90709      -25.03949    
   48.71886       21.73456       30.74505    
  -5.447672      -1.157846      -11.40277    
  -5.959240     -0.4139734       5.343613    
   16.57012       12.33237      -11.26581    
   1.661895       26.43442       10.34344    
   9.495972      -6.868791       20.76303    
  -55.78217      -13.74466      -12.42874    
   4.859907      -20.53058      -24.31136    
  -12.05550      -27.54400     -1.7437160E-03
   23.04316       65.26479       17.55600    
