C    -2.4142296314     0.0004572234    -0.1337371469
C     0.0002177789     0.0005895615    -1.6563973427
H    -0.0012645053    -1.6648614407    -2.8504366875
H     0.0007067282     1.6651861668    -2.8520829678
C     2.4147500992     0.0001113433    -0.1340099722
F    -4.3860721588     0.0173957217    -1.7116191387
F    -2.6168258190     2.0215053558     1.3483844995
F    -2.6298737526    -2.0398313999     1.3208615780
F     2.6338369846     2.0434334278     1.3154536486
F     4.3873553276    -0.0252003912    -1.7102917433
F     2.6111488342    -2.0181109905     1.3535875082
 momenta
  -30.39401       51.58821      -4.450427    
  -13.43276       16.97553      -40.07959    
  -8.144521       6.393291      -1.607180    
  -18.60694       7.413335       3.325345    
   26.20757       19.61341      -9.932813    
   35.74747      -79.54305       18.66815    
  -44.45587       41.04063      -2.402790    
   7.919148       18.20110      -4.791905    
   17.97239       30.69755       37.14573    
  -5.750012      -31.00781       19.83459    
   33.38011      -81.73199      -15.71341    
