C    -2.4142296314     0.0004572234    -0.1337371469
C     0.0002177789     0.0005895615    -1.6563973427
H    -0.0012645053    -1.6648614407    -2.8504366875
H     0.0007067282     1.6651861668    -2.8520829678
C     2.4147500992     0.0001113433    -0.1340099722
F    -4.3860721588     0.0173957217    -1.7116191387
F    -2.6168258190     2.0215053558     1.3483844995
F    -2.6298737526    -2.0398313999     1.3208615780
F     2.6338369846     2.0434334278     1.3154536486
F     4.3873553276    -0.0252003912    -1.7102917433
F     2.6111488342    -2.0181109905     1.3535875082
 momenta
   30.75942      -5.398706       23.00369    
   7.795873      -5.036648      -31.17903    
 -0.6642433      -9.091716     -0.2086512    
 -0.8624982      -11.95187       5.744020    
  -19.21956      -2.038901       58.78511    
  -6.762122      -3.461633      -30.91911    
   1.822770      -6.032053      -1.876907    
   38.90260       4.735364       9.166362    
   42.17909      -12.73971       26.21007    
  -36.61243      -1.624164      -13.37755    
  -57.35452       53.55139      -45.46616    
