C    -2.4142296314     0.0004572234    -0.1337371469
C     0.0002177789     0.0005895615    -1.6563973427
H    -0.0012645053    -1.6648614407    -2.8504366875
H     0.0007067282     1.6651861668    -2.8520829678
C     2.4147500992     0.0001113433    -0.1340099722
F    -4.3860721588     0.0173957217    -1.7116191387
F    -2.6168258190     2.0215053558     1.3483844995
F    -2.6298737526    -2.0398313999     1.3208615780
F     2.6338369846     2.0434334278     1.3154536486
F     4.3873553276    -0.0252003912    -1.7102917433
F     2.6111488342    -2.0181109905     1.3535875082
 momenta
   34.24155      -64.46692       8.288702    
   2.196834      -38.95031      -11.29877    
  -13.51412       4.613168      -6.258714    
  -2.405976      -5.544392      0.5113294    
  -7.300961      -6.710783       12.67936    
   4.651101       42.82315       1.312245    
   15.47000      -14.47917       8.561425    
  -41.86613       12.33748       4.313089    
  -1.654896       24.55390      0.5864069    
   37.31498       24.50067      -18.59759    
  -27.71485       21.55015      8.2121260E-02
