C    -2.4142296314     0.0004572234    -0.1337371469
C     0.0002177789     0.0005895615    -1.6563973427
H    -0.0012645053    -1.6648614407    -2.8504366875
H     0.0007067282     1.6651861668    -2.8520829678
C     2.4147500992     0.0001113433    -0.1340099722
F    -4.3860721588     0.0173957217    -1.7116191387
F    -2.6168258190     2.0215053558     1.3483844995
F    -2.6298737526    -2.0398313999     1.3208615780
F     2.6338369846     2.0434334278     1.3154536486
F     4.3873553276    -0.0252003912    -1.7102917433
F     2.6111488342    -2.0181109905     1.3535875082
 momenta
   31.79985      -12.83788      -48.79930    
   5.222552       9.883203      -2.589282    
  -6.287927       5.826024      -6.785281    
 -0.2962354       11.58662      -12.00763    
   33.96108      -58.30151       47.72480    
   27.34094       11.72698       51.31612    
  -24.83740      -19.03806      -29.36622    
  -12.00609       29.59511       25.34860    
  -25.69651      -49.55593      -10.74233    
  -26.63390       41.77625      -23.43252    
  -2.970735       28.95229       9.549118    
