C    -2.4142296314     0.0004572234    -0.1337371469
C     0.0002177789     0.0005895615    -1.6563973427
H    -0.0012645053    -1.6648614407    -2.8504366875
H     0.0007067282     1.6651861668    -2.8520829678
C     2.4147500992     0.0001113433    -0.1340099722
F    -4.3860721588     0.0173957217    -1.7116191387
F    -2.6168258190     2.0215053558     1.3483844995
F    -2.6298737526    -2.0398313999     1.3208615780
F     2.6338369846     2.0434334278     1.3154536486
F     4.3873553276    -0.0252003912    -1.7102917433
F     2.6111488342    -2.0181109905     1.3535875082
 momenta
   7.514319       4.683224       17.06311    
   3.573146      -32.34290      -22.44516    
   2.446588       5.756668      -8.315627    
  -1.450807      -1.977786      -5.990256    
  -50.46531       31.77487       1.505223    
  -12.67929       32.77504       46.12243    
  -15.63317      -19.07982      -48.87504    
   62.89871       20.04897      -29.03619    
  -11.00721      -29.85058       30.64544    
  -12.55515      -30.81911       16.47717    
   27.43353       19.15192       2.777489    
