C    -2.4142296314     0.0004572234    -0.1337371469
C     0.0002177789     0.0005895615    -1.6563973427
H    -0.0012645053    -1.6648614407    -2.8504366875
H     0.0007067282     1.6651861668    -2.8520829678
C     2.4147500992     0.0001113433    -0.1340099722
F    -4.3860721588     0.0173957217    -1.7116191387
F    -2.6168258190     2.0215053558     1.3483844995
F    -2.6298737526    -2.0398313999     1.3208615780
F     2.6338369846     2.0434334278     1.3154536486
F     4.3873553276    -0.0252003912    -1.7102917433
F     2.6111488342    -2.0181109905     1.3535875082
 momenta
  -30.78711      -2.179384      -19.30284    
  -21.07484      -17.05776      -8.073915    
   6.662533     -0.1708596      -8.307080    
   13.99783      -2.332344       10.11178    
  -9.982263       18.03991      -33.14834    
  -20.06501      -12.97189       26.23848    
   29.15927       39.97588       5.238575    
   11.35203      -2.331495      -11.44477    
  -27.13535      -19.68304       10.42792    
   31.85378       3.773252       18.78748    
   16.03647      -4.999893       9.440068    
