C    -2.4142296314     0.0004572234    -0.1337371469
C     0.0002177789     0.0005895615    -1.6563973427
H    -0.0012645053    -1.6648614407    -2.8504366875
H     0.0007067282     1.6651861668    -2.8520829678
C     2.4147500992     0.0001113433    -0.1340099722
F    -4.3860721588     0.0173957217    -1.7116191387
F    -2.6168258190     2.0215053558     1.3483844995
F    -2.6298737526    -2.0398313999     1.3208615780
F     2.6338369846     2.0434334278     1.3154536486
F     4.3873553276    -0.0252003912    -1.7102917433
F     2.6111488342    -2.0181109905     1.3535875082
 momenta
   1.936765       11.01753      -9.506613    
   6.354196       27.72981       35.46708    
  -6.179455      -12.20203      -5.054232    
   11.05681      -2.909041       8.569353    
  -43.46095      -27.23190      -21.43621    
   39.20817      -13.32882       7.445408    
  -39.73760      -16.83701      -9.799873    
  -2.793683       39.37836       8.919973    
   16.75913      -24.05532      -17.67754    
  -7.642208       25.59513       12.74922    
   24.71885      -6.583935      -9.537785    
