C    -2.4142296314     0.0004572234    -0.1337371469
C     0.0002177789     0.0005895615    -1.6563973427
H    -0.0012645053    -1.6648614407    -2.8504366875
H     0.0007067282     1.6651861668    -2.8520829678
C     2.4147500992     0.0001113433    -0.1340099722
F    -4.3860721588     0.0173957217    -1.7116191387
F    -2.6168258190     2.0215053558     1.3483844995
F    -2.6298737526    -2.0398313999     1.3208615780
F     2.6338369846     2.0434334278     1.3154536486
F     4.3873553276    -0.0252003912    -1.7102917433
F     2.6111488342    -2.0181109905     1.3535875082
 momenta
  -24.88503       24.19027       23.30308    
   42.81589       22.06431       4.242299    
  -5.320928      -4.271514       7.305009    
   7.663064       2.983826      -1.044537    
  -19.77181      -22.27292      0.6702753    
   12.68825      -54.77704      -6.098519    
   28.32282      -30.26071       12.88364    
  -26.26092       60.69181      -1.894143    
  -27.70951      -25.33070      -11.90782    
   34.80211       38.64646      -31.63212    
  -22.11692      -11.61080       4.098661    
