C    -2.4142296314     0.0004572234    -0.1337371469
C     0.0002177789     0.0005895615    -1.6563973427
H    -0.0012645053    -1.6648614407    -2.8504366875
H     0.0007067282     1.6651861668    -2.8520829678
C     2.4147500992     0.0001113433    -0.1340099722
F    -4.3860721588     0.0173957217    -1.7116191387
F    -2.6168258190     2.0215053558     1.3483844995
F    -2.6298737526    -2.0398313999     1.3208615780
F     2.6338369846     2.0434334278     1.3154536486
F     4.3873553276    -0.0252003912    -1.7102917433
F     2.6111488342    -2.0181109905     1.3535875082
 momenta
  -17.23546      -4.034060       52.25517    
  -15.85197       8.214784       22.00717    
  -9.647362       9.760685       11.26680    
  0.7829994       12.17038      0.5664889    
  -14.45822      -31.64797      -34.70828    
   22.17472       9.172100      -47.32503    
   11.97117      -54.83607      -16.65327    
   47.97076       53.56717       13.50187    
  -41.62769       6.667461       5.092148    
   19.29099      -12.64232      0.5699010    
  -2.968350       2.830580      -6.558095    
