C    -2.4142296314     0.0004572234    -0.1337371469
C     0.0002177789     0.0005895615    -1.6563973427
H    -0.0012645053    -1.6648614407    -2.8504366875
H     0.0007067282     1.6651861668    -2.8520829678
C     2.4147500992     0.0001113433    -0.1340099722
F    -4.3860721588     0.0173957217    -1.7116191387
F    -2.6168258190     2.0215053558     1.3483844995
F    -2.6298737526    -2.0398313999     1.3208615780
F     2.6338369846     2.0434334278     1.3154536486
F     4.3873553276    -0.0252003912    -1.7102917433
F     2.6111488342    -2.0181109905     1.3535875082
 momenta
  -50.88837      -12.36781       24.41715    
   17.65291       33.58802       9.366424    
  -6.153852       1.715017      -2.116575    
   6.461665      0.8939895      -12.21174    
   19.64156      -12.40616       32.61953    
   38.70394      -2.260264       8.238592    
 -0.4783637      -49.08884       38.74012    
  -23.92881       17.82945      -57.60438    
   12.53351       41.75453      -56.82618    
  -11.15447      -27.88598      -8.729380    
  -2.560368       8.046119       23.82984    
