C    -2.4142296314     0.0004572234    -0.1337371469
C     0.0002177789     0.0005895615    -1.6563973427
H    -0.0012645053    -1.6648614407    -2.8504366875
H     0.0007067282     1.6651861668    -2.8520829678
C     2.4147500992     0.0001113433    -0.1340099722
F    -4.3860721588     0.0173957217    -1.7116191387
F    -2.6168258190     2.0215053558     1.3483844995
F    -2.6298737526    -2.0398313999     1.3208615780
F     2.6338369846     2.0434334278     1.3154536486
F     4.3873553276    -0.0252003912    -1.7102917433
F     2.6111488342    -2.0181109905     1.3535875082
 momenta
  -38.77230       60.28039       16.89437    
  -21.56605      -42.53295      -9.875066    
  -6.515344       1.303412      -12.07650    
  -6.912049      -6.010244      -1.426070    
   30.36047      -48.28410      0.5077467    
   39.92902      -28.31215       4.779273    
  -14.13325       43.95426       1.820273    
  -10.52310      -2.005149       2.432796    
  -17.60286      -45.96083      -1.032454    
   20.64233       55.72513       15.43621    
   24.96402       12.25744      -17.46199    
