C    -2.4142296314     0.0004572234    -0.1337371469
C     0.0002177789     0.0005895615    -1.6563973427
H    -0.0012645053    -1.6648614407    -2.8504366875
H     0.0007067282     1.6651861668    -2.8520829678
C     2.4147500992     0.0001113433    -0.1340099722
F    -4.3860721588     0.0173957217    -1.7116191387
F    -2.6168258190     2.0215053558     1.3483844995
F    -2.6298737526    -2.0398313999     1.3208615780
F     2.6338369846     2.0434334278     1.3154536486
F     4.3873553276    -0.0252003912    -1.7102917433
F     2.6111488342    -2.0181109905     1.3535875082
 momenta
   21.49320      -10.97771      -10.63054    
  -35.02563      -8.205429      -22.65358    
  -3.321010     -0.1786600      0.6685848    
   1.829787      -6.812779       2.611346    
   8.257557      -27.16992      -3.511577    
   33.48194      -47.73066       22.07266    
   58.67293       44.69301      -9.979121    
  -45.96283      -4.679091      -5.564041    
   10.82877       11.10108       45.26780    
  -18.35340       47.68190      -6.580596    
  -32.17632       2.148560      -11.76636    
