C    -2.4142296314     0.0004572234    -0.1337371469
C     0.0002177789     0.0005895615    -1.6563973427
H    -0.0012645053    -1.6648614407    -2.8504366875
H     0.0007067282     1.6651861668    -2.8520829678
C     2.4147500992     0.0001113433    -0.1340099722
F    -4.3860721588     0.0173957217    -1.7116191387
F    -2.6168258190     2.0215053558     1.3483844995
F    -2.6298737526    -2.0398313999     1.3208615780
F     2.6338369846     2.0434334278     1.3154536486
F     4.3873553276    -0.0252003912    -1.7102917433
F     2.6111488342    -2.0181109905     1.3535875082
 momenta
  -5.801785      -4.068120       32.48219    
  -9.964780       2.516514      -21.49160    
  -21.72235      -7.138131      8.3607092E-02
  -11.41164      -8.812057      -7.388079    
  -16.19756       16.38399     -0.9748458    
   23.86580      -8.679633       18.12265    
  -4.887496       22.71983       3.698748    
   15.42450      -3.122745      -11.79839    
  -18.39606      -15.82193      -4.033129    
   95.76650       10.29399       4.203422    
  -46.99581      -3.669067      -12.98330    
