C    -2.4142296314     0.0004572234    -0.1337371469
C     0.0002177789     0.0005895615    -1.6563973427
H    -0.0012645053    -1.6648614407    -2.8504366875
H     0.0007067282     1.6651861668    -2.8520829678
C     2.4147500992     0.0001113433    -0.1340099722
F    -4.3860721588     0.0173957217    -1.7116191387
F    -2.6168258190     2.0215053558     1.3483844995
F    -2.6298737526    -2.0398313999     1.3208615780
F     2.6338369846     2.0434334278     1.3154536486
F     4.3873553276    -0.0252003912    -1.7102917433
F     2.6111488342    -2.0181109905     1.3535875082
 momenta
   1.139642      -4.234415      -20.15370    
  -30.73991       6.939904       41.55034    
   5.255994       1.531831       4.583364    
  -12.64624      -2.511273      0.7336191    
   22.43020       20.84364       6.564655    
   35.82766       17.50495      -21.97101    
  -2.959882      -25.00431       11.63747    
   17.67949       9.512435      -4.709688    
  -26.81510      -19.37593       21.48714    
  -6.188406      -43.99219      -55.22500    
  -3.099123       38.82642       15.62181    
