C    -2.4142296314     0.0004572234    -0.1337371469
C     0.0002177789     0.0005895615    -1.6563973427
H    -0.0012645053    -1.6648614407    -2.8504366875
H     0.0007067282     1.6651861668    -2.8520829678
C     2.4147500992     0.0001113433    -0.1340099722
F    -4.3860721588     0.0173957217    -1.7116191387
F    -2.6168258190     2.0215053558     1.3483844995
F    -2.6298737526    -2.0398313999     1.3208615780
F     2.6338369846     2.0434334278     1.3154536486
F     4.3873553276    -0.0252003912    -1.7102917433
F     2.6111488342    -2.0181109905     1.3535875082
 momenta
   8.818560      -6.473962      -42.30912    
  -34.96349       28.15729       23.93572    
   5.634021      -3.877045       12.28063    
 -0.1082618      0.4679911       17.80720    
   37.70493      -4.345074       16.04248    
   10.34055      -8.646552      -6.711008    
  -38.32334       12.80337       12.42321    
  -31.35750      -18.96251       12.27467    
   23.67625       34.91546      0.5342311    
  -5.596939      -47.72449       7.101709    
   24.10726       13.34674      -53.34306    
