C    -2.4142296314     0.0004572234    -0.1337371469
C     0.0002177789     0.0005895615    -1.6563973427
H    -0.0012645053    -1.6648614407    -2.8504366875
H     0.0007067282     1.6651861668    -2.8520829678
C     2.4147500992     0.0001113433    -0.1340099722
F    -4.3860721588     0.0173957217    -1.7116191387
F    -2.6168258190     2.0215053558     1.3483844995
F    -2.6298737526    -2.0398313999     1.3208615780
F     2.6338369846     2.0434334278     1.3154536486
F     4.3873553276    -0.0252003912    -1.7102917433
F     2.6111488342    -2.0181109905     1.3535875082
 momenta
  -5.224773      -15.09849      -22.10151    
   3.029833       20.19452       21.77055    
   4.971499      -4.820106       5.264603    
   8.798648      -3.205427      0.7671586    
  -4.098255       65.71517      -29.79136    
   37.48301      -1.919142       51.18997    
  -26.94988       18.45847      -16.28592    
  -10.16709      -13.10920      -14.49272    
   11.09914      -2.333322      -22.94741    
  -19.84342      -13.42035       27.31423    
   1.059503      -50.63592     -0.7125618    
