C    -2.4142296314     0.0004572234    -0.1337371469
C     0.0002177789     0.0005895615    -1.6563973427
H    -0.0012645053    -1.6648614407    -2.8504366875
H     0.0007067282     1.6651861668    -2.8520829678
C     2.4147500992     0.0001113433    -0.1340099722
F    -4.3860721588     0.0173957217    -1.7116191387
F    -2.6168258190     2.0215053558     1.3483844995
F    -2.6298737526    -2.0398313999     1.3208615780
F     2.6338369846     2.0434334278     1.3154536486
F     4.3873553276    -0.0252003912    -1.7102917433
F     2.6111488342    -2.0181109905     1.3535875082
 momenta
  -29.69926      -5.205873      -47.18533    
  -10.07658      -8.939933     -0.6332465    
   8.455708      -5.070927       16.10755    
   1.195055      -8.309271      -1.236732    
   17.78950       9.467418       2.749073    
  -67.87959       37.46522       4.998161    
   9.889852      -14.60827      -2.442252    
   21.71886      -2.396165       3.751246    
  -2.181459      -4.441058       19.89666    
   9.418356      -20.04793       16.22053    
   41.09565       22.28681      -12.38890    
