C    -2.4142296314     0.0004572234    -0.1337371469
C     0.0002177789     0.0005895615    -1.6563973427
H    -0.0012645053    -1.6648614407    -2.8504366875
H     0.0007067282     1.6651861668    -2.8520829678
C     2.4147500992     0.0001113433    -0.1340099722
F    -4.3860721588     0.0173957217    -1.7116191387
F    -2.6168258190     2.0215053558     1.3483844995
F    -2.6298737526    -2.0398313999     1.3208615780
F     2.6338369846     2.0434334278     1.3154536486
F     4.3873553276    -0.0252003912    -1.7102917433
F     2.6111488342    -2.0181109905     1.3535875082
 momenta
   17.84137      -4.018456       9.002499    
  -12.04810      -6.634140       35.39907    
 -0.2272418      -9.133009      -8.767058    
  -9.787313      -4.405094       8.371068    
   38.62682       21.74303       8.342043    
  0.4863648      -33.90001      -18.42167    
  -12.05840       40.61365       2.971156    
   2.643646       11.01434      -22.54873    
   6.448236      -6.440324       41.94989    
  -16.15286      -20.58213      -30.29204    
  -15.83381       12.19325      -25.60369    
