C    -2.4142296314     0.0004572234    -0.1337371469
C     0.0002177789     0.0005895615    -1.6563973427
H    -0.0012645053    -1.6648614407    -2.8504366875
H     0.0007067282     1.6651861668    -2.8520829678
C     2.4147500992     0.0001113433    -0.1340099722
F    -4.3860721588     0.0173957217    -1.7116191387
F    -2.6168258190     2.0215053558     1.3483844995
F    -2.6298737526    -2.0398313999     1.3208615780
F     2.6338369846     2.0434334278     1.3154536486
F     4.3873553276    -0.0252003912    -1.7102917433
F     2.6111488342    -2.0181109905     1.3535875082
 momenta
  -7.666157      -8.065756      -21.65298    
   42.68862      -21.99935       6.244359    
  -15.60007      -3.593121       9.278460    
   1.287114      -5.193271       8.671784    
   2.743350      -5.441125      -20.04145    
   5.531323       7.468464      -11.78819    
  -1.058747       8.839772       11.35886    
  -57.61669       3.391850       33.24398    
  -9.735675       12.36918       6.521600    
   16.18517       38.47490      -14.00665    
   23.14257      -25.86364      -7.619584    
