C    -2.4142296314     0.0004572234    -0.1337371469
C     0.0002177789     0.0005895615    -1.6563973427
H    -0.0012645053    -1.6648614407    -2.8504366875
H     0.0007067282     1.6651861668    -2.8520829678
C     2.4147500992     0.0001113433    -0.1340099722
F    -4.3860721588     0.0173957217    -1.7116191387
F    -2.6168258190     2.0215053558     1.3483844995
F    -2.6298737526    -2.0398313999     1.3208615780
F     2.6338369846     2.0434334278     1.3154536486
F     4.3873553276    -0.0252003912    -1.7102917433
F     2.6111488342    -2.0181109905     1.3535875082
 momenta
   28.32274      -10.30091       27.20433    
   13.73469       33.95158       5.596322    
  -1.095300      -12.54145       4.233093    
 -0.8001387      -8.844492      -4.932920    
   13.47242       10.18575       18.49925    
   2.232275      -8.018364      -14.67791    
   2.900687       28.51850      -10.34426    
  0.8261675      -2.466289      -7.522264    
  -12.05532      -58.58124      -19.25256    
  -43.33754       29.69146      -6.496501    
  -4.296668      -1.153521       7.810981    
