C    -2.4142296314     0.0004572234    -0.1337371469
C     0.0002177789     0.0005895615    -1.6563973427
H    -0.0012645053    -1.6648614407    -2.8504366875
H     0.0007067282     1.6651861668    -2.8520829678
C     2.4147500992     0.0001113433    -0.1340099722
F    -4.3860721588     0.0173957217    -1.7116191387
F    -2.6168258190     2.0215053558     1.3483844995
F    -2.6298737526    -2.0398313999     1.3208615780
F     2.6338369846     2.0434334278     1.3154536486
F     4.3873553276    -0.0252003912    -1.7102917433
F     2.6111488342    -2.0181109905     1.3535875082
 momenta
  -5.668224       34.07885       6.587276    
   36.33298      -18.23606      -35.16417    
   3.676832      -12.46605      -4.494528    
  -1.157176      0.2637233      -4.455139    
   28.95621      -22.90624      -17.77723    
  -24.87979       16.09883      -24.19268    
   8.616606       20.92560       30.55647    
   57.34967      -13.35677       5.089466    
  -68.15743       3.476684       34.16561    
  -64.96783      -38.11306       28.56672    
   30.08005       30.87682      -18.76624    
