 C         -0.006 -0.035 -0.043    0.013  0.258  0.011    0.039 -0.021  0.087
 C          0.022  0.047 -0.012   -0.018  0.040  0.001    0.000 -0.088  0.034
 C         -0.007 -0.044  0.015   -0.038 -0.140 -0.005    0.064  0.053 -0.032
 F          0.045  0.282  0.049   -0.032 -0.099 -0.001    0.047  0.368 -0.086
 F         -0.161 -0.243  0.307    0.013 -0.255  0.134   -0.101 -0.027  0.107
 F          0.067 -0.246 -0.287   -0.115 -0.231 -0.151    0.304 -0.060 -0.184
 F          0.063  0.133 -0.135   -0.178  0.038  0.027   -0.010 -0.185  0.169
 F          0.039  0.132  0.113    0.129  0.000 -0.025   -0.087 -0.172 -0.105
 O          0.000 -0.173 -0.064   -0.007  0.142  0.021   -0.005 -0.208  0.114
 C          0.007 -0.043 -0.109   -0.032 -0.006  0.025    0.012 -0.081  0.088
 C         -0.009  0.024  0.133    0.076 -0.118 -0.028   -0.143  0.022 -0.105
 F         -0.000  0.144  0.089    0.046 -0.288 -0.025   -0.147  0.165 -0.205
 F         -0.039 -0.021  0.446    0.233 -0.080 -0.091   -0.322  0.003 -0.240
 F          0.026 -0.000 -0.430   -0.172 -0.048  0.091    0.175 -0.057  0.228
 F         -0.117  0.009 -0.098    0.097  0.404 -0.200    0.034  0.111 -0.099
 F          0.073 -0.011  0.010   -0.016  0.420  0.220    0.128  0.103  0.273

 C         -0.029  0.001 -0.200   -0.024  0.005  0.133   -0.113 -0.006  0.051
 C          0.011 -0.092 -0.105   -0.067 -0.092  0.081   -0.043 -0.003  0.188
 C         -0.087  0.039  0.076    0.026  0.010 -0.046    0.064 -0.016  0.024
 F          0.059  0.242  0.243   -0.048  0.215 -0.163   -0.119  0.003 -0.222
 F         -0.358  0.001  0.182   -0.018 -0.041  0.029    0.243 -0.031  0.003
 F         -0.059 -0.022 -0.013    0.233 -0.063 -0.137    0.240 -0.027  0.019
 F          0.088 -0.205  0.040   -0.155 -0.202  0.240   -0.049  0.005  0.176
 F          0.073 -0.204 -0.248   -0.132 -0.196 -0.080   -0.068  0.033  0.229
 O         -0.023  0.136 -0.195    0.039  0.286  0.099    0.037 -0.076 -0.148
 C          0.024  0.082 -0.024   -0.019  0.186 -0.017    0.028 -0.013 -0.222
 C          0.093  0.042  0.077    0.095  0.076 -0.042    0.057 -0.001 -0.055
 F          0.184 -0.035  0.419    0.009 -0.109 -0.217    0.208 -0.009  0.436
 F          0.086  0.068 -0.145    0.348  0.106  0.114   -0.048  0.014 -0.358
 F          0.050  0.060  0.202   -0.194  0.164 -0.206    0.097  0.003 -0.232
 F          0.020 -0.038 -0.149    0.092 -0.131  0.310   -0.289  0.047 -0.011
 F         -0.131 -0.026 -0.255   -0.174 -0.100 -0.041   -0.241  0.051  0.095

 C         -0.002 -0.117  0.094   -0.145 -0.049 -0.165    0.027 -0.106  0.035
 C         -0.115 -0.039 -0.025   -0.005 -0.089  0.061   -0.013 -0.222 -0.033
 C         -0.149 -0.007 -0.055    0.031 -0.051  0.056   -0.008 -0.119 -0.005
 F         -0.096 -0.015  0.026   -0.097  0.016 -0.128    0.040  0.024  0.042
 F         -0.274  0.041 -0.087    0.067 -0.008 -0.012   -0.347  0.077 -0.184
 F         -0.199  0.021 -0.014    0.291 -0.021  0.118    0.323 -0.009  0.189
 F         -0.156  0.031 -0.113    0.152 -0.013 -0.061   -0.004  0.045 -0.376
 F         -0.288  0.041  0.051    0.106  0.007  0.211    0.048  0.019  0.304
 O          0.057 -0.279  0.052   -0.113 -0.042 -0.198   -0.024  0.045  0.101
 C          0.134  0.076  0.016   -0.039  0.055  0.002   -0.057  0.040  0.038
 C          0.138  0.087 -0.004   -0.020  0.044  0.023   -0.049  0.021  0.010
 F          0.093 -0.121 -0.066   -0.119 -0.062 -0.247   -0.032 -0.041  0.112
 F          0.384  0.134 -0.065    0.193  0.050  0.311   -0.045  0.039 -0.130
 F          0.488  0.151 -0.010    0.164  0.054  0.388   -0.171  0.039 -0.160
 F         -0.103 -0.023 -0.029   -0.196  0.041 -0.288    0.435 -0.030 -0.101
 F          0.101 -0.023  0.246   -0.353  0.029 -0.110   -0.161  0.043  0.192

 C         -0.013 -0.119  0.004   -0.050 -0.058 -0.062   -0.058 -0.007  0.070
 C         -0.001 -0.014 -0.001    0.034  0.005 -0.027    0.069 -0.018 -0.046
 C          0.014  0.109  0.004    0.047 -0.006  0.051    0.263 -0.035 -0.129
 F          0.008  0.023  0.005    0.017 -0.039  0.006    0.659 -0.095  0.364
 F          0.261 -0.052  0.135    0.158 -0.043  0.074    0.072  0.041 -0.180
 F         -0.269  0.016 -0.135    0.071 -0.016  0.036    0.096 -0.059 -0.171
 F          0.516 -0.064 -0.006    0.234 -0.041  0.001   -0.126  0.034 -0.093
 F         -0.505  0.057 -0.006    0.098 -0.037 -0.066   -0.173 -0.002 -0.078
 O         -0.007  0.006  0.010   -0.253 -0.158  0.132   -0.029 -0.010 -0.006
 C         -0.013  0.005 -0.002   -0.227  0.192  0.178   -0.041  0.032 -0.006
 C         -0.012  0.003 -0.000   -0.227  0.160  0.105   -0.042  0.031  0.009
 F         -0.012 -0.015  0.012   -0.310 -0.309  0.127   -0.058 -0.043  0.014
 F         -0.001  0.005 -0.004    0.124  0.262 -0.175    0.010  0.041  0.012
 F         -0.016  0.007 -0.021   -0.104  0.261 -0.148   -0.041  0.031  0.037
 F          0.354 -0.026 -0.125   -0.121 -0.009 -0.122   -0.289  0.008  0.063
 F         -0.316  0.053  0.133    0.312 -0.082  0.001   -0.245  0.051  0.101

 C         -0.013  0.016 -0.007   -0.026  0.004  0.130    0.043 -0.026 -0.071
 C          0.001  0.063 -0.005    0.104 -0.013  0.010    0.014 -0.012  0.136
 C          0.025  0.103  0.007   -0.059  0.013 -0.134    0.009  0.007 -0.088
 F          0.048  0.163  0.027   -0.054  0.018 -0.134    0.138 -0.003  0.058
 F          0.194  0.043  0.063   -0.219  0.117 -0.256   -0.110  0.141 -0.255
 F         -0.135  0.086 -0.048   -0.241 -0.048 -0.267   -0.163 -0.086 -0.268
 F         -0.315  0.074  0.037    0.444 -0.063  0.029   -0.078 -0.232  0.463
 F          0.294 -0.005 -0.054    0.469 -0.057  0.023    0.001  0.222  0.485
 O         -0.042 -0.073  0.008    0.030 -0.002  0.084   -0.017 -0.016 -0.047
 C         -0.057 -0.067 -0.002    0.002 -0.002  0.036   -0.008  0.016  0.010
 C         -0.164 -0.029  0.039   -0.008 -0.000  0.018   -0.023  0.024  0.014
 F         -0.233 -0.324  0.058   -0.016 -0.021  0.010   -0.039 -0.024  0.004
 F         -0.155 -0.042  0.041   -0.015  0.002 -0.012   -0.001  0.034  0.002
 F          0.451  0.063 -0.139    0.013  0.005 -0.015   -0.050  0.012  0.010
 F          0.332 -0.060  0.073   -0.202 -0.061  0.260    0.157  0.071 -0.248
 F         -0.315  0.008 -0.086   -0.212  0.110  0.252    0.138 -0.128 -0.211

 C          0.038  0.239  0.002    0.017  0.038 -0.019    0.036  0.012  0.003
 C          0.014  0.106  0.009    0.019  0.050  0.003   -0.013 -0.263  0.000
 C         -0.014 -0.099 -0.007    0.006 -0.001 -0.002   -0.001 -0.080 -0.005
 F         -0.030 -0.288 -0.009   -0.014 -0.064 -0.020    0.030  0.312 -0.006
 F         -0.307 -0.039 -0.046   -0.059 -0.008  0.020    0.189 -0.054 -0.106
 F          0.271 -0.110  0.025    0.051 -0.001  0.002   -0.217 -0.003  0.120
 F          0.258  0.014  0.130    0.016  0.038  0.040    0.007 -0.169 -0.253
 F         -0.259  0.110 -0.073   -0.014  0.028 -0.056   -0.073 -0.175  0.240
 O          0.059  0.253 -0.035   -0.027 -0.032  0.163    0.106  0.363  0.003
 C         -0.019 -0.006 -0.084    0.186 -0.071  0.647    0.100  0.131  0.130
 C         -0.078 -0.032 -0.040    0.188 -0.087  0.475    0.154 -0.018  0.058
 F         -0.120 -0.276  0.035    0.041  0.086 -0.151    0.100 -0.233 -0.077
 F         -0.234 -0.093  0.089   -0.014 -0.055 -0.186   -0.311 -0.120  0.055
 F          0.321  0.077 -0.066    0.038 -0.021 -0.202    0.071  0.193 -0.045
 F         -0.001  0.132  0.210   -0.079  0.116 -0.095   -0.222  0.080 -0.050
 F          0.090  0.129 -0.190   -0.208 -0.047 -0.186    0.162  0.001  0.003

 C          0.062 -0.198  0.006   -0.085 -0.099  0.050    0.047  0.007  0.281
 C          0.101  0.092 -0.062   -0.096  0.066  0.136    0.059 -0.012  0.110
 C          0.115  0.124 -0.139   -0.130  0.093  0.223    0.085 -0.023 -0.077
 F          0.115 -0.222 -0.210   -0.243 -0.120  0.274    0.093  0.016 -0.142
 F         -0.200 -0.122  0.264    0.126  0.374 -0.061   -0.099 -0.089  0.016
 F          0.012  0.297 -0.022    0.155 -0.286 -0.281   -0.092  0.086  0.059
 F         -0.085 -0.007  0.131    0.002  0.239 -0.005    0.059  0.133 -0.029
 F          0.081  0.162 -0.068    0.036 -0.158 -0.121    0.013 -0.148 -0.026
 O          0.087 -0.044 -0.038   -0.046 -0.003  0.085    0.091  0.005  0.354
 C          0.102  0.210  0.001   -0.018  0.152  0.003   -0.007 -0.026  0.013
 C          0.191  0.078 -0.036    0.132 -0.034 -0.130   -0.164  0.017 -0.469
 F          0.193 -0.242 -0.078    0.217 -0.079 -0.047    0.005  0.025  0.127
 F         -0.290 -0.005  0.083   -0.153 -0.131  0.056    0.065 -0.014  0.076
 F         -0.156  0.240  0.059   -0.025  0.215  0.024    0.027 -0.024 -0.002
 F         -0.028 -0.155 -0.186    0.046  0.021 -0.160   -0.040  0.410 -0.135
 F         -0.076 -0.101  0.206    0.001 -0.185  0.072   -0.121 -0.378 -0.152

 C          0.183 -0.037  0.092   -0.017 -0.056 -0.026   -0.103  0.076  0.126
 C          0.107 -0.020  0.145   -0.030 -0.165 -0.022   -0.051 -0.060  0.084
 C          0.037  0.010  0.071    0.023  0.279  0.005    0.045  0.052 -0.057
 F         -0.076 -0.011 -0.030   -0.031 -0.303 -0.003    0.091 -0.063 -0.065
 F         -0.030  0.116  0.005   -0.003  0.205  0.342   -0.043 -0.016  0.076
 F         -0.043 -0.080 -0.042    0.066  0.233 -0.326   -0.027  0.123 -0.060
 F         -0.027  0.183 -0.023   -0.066 -0.159 -0.186    0.042  0.039 -0.062
 F         -0.061 -0.177 -0.018    0.029 -0.126  0.185    0.013 -0.167  0.084
 O          0.375  0.001 -0.176    0.037  0.407  0.003   -0.126 -0.100  0.032
 C          0.265 -0.089 -0.179   -0.013 -0.123  0.105   -0.270  0.081 -0.516
 C          0.038  0.246  0.334   -0.148 -0.055 -0.040    0.172 -0.121  0.551
 F         -0.195 -0.210 -0.024   -0.169  0.105  0.066    0.011  0.072 -0.102
 F         -0.104  0.396 -0.003    0.130 -0.036 -0.027    0.006 -0.137 -0.106
 F         -0.131 -0.272  0.039    0.143 -0.142 -0.069    0.024  0.132  0.071
 F         -0.020  0.077 -0.044   -0.095 -0.036 -0.079    0.078  0.197  0.087
 F         -0.025 -0.091 -0.004    0.081 -0.007  0.080    0.044 -0.111 -0.068

 C         -0.071 -0.202  0.030   -0.021  0.009 -0.156    0.214 -0.021 -0.001
 C          0.002  0.158  0.033    0.085 -0.017  0.349    0.297 -0.037 -0.105
 C         -0.001 -0.111 -0.021    0.201 -0.024  0.027    0.302 -0.041  0.240
 F          0.041  0.105 -0.014    0.181 -0.011 -0.236    0.048  0.003 -0.290
 F         -0.029 -0.118 -0.152   -0.141  0.046  0.021   -0.056  0.403  0.182
 F         -0.018 -0.090  0.146   -0.146 -0.018  0.022   -0.142 -0.387  0.148
 F          0.018  0.188  0.195    0.007  0.426  0.114   -0.101 -0.169 -0.089
 F          0.042  0.113 -0.180   -0.099 -0.422  0.111   -0.058  0.189 -0.080
 O          0.027  0.513 -0.013   -0.128 -0.018 -0.220    0.093 -0.041  0.120
 C         -0.122 -0.053 -0.136   -0.012  0.015  0.242   -0.059  0.043 -0.116
 C         -0.043 -0.109  0.237   -0.061 -0.058 -0.124   -0.033 -0.064  0.046
 F         -0.167  0.111  0.010   -0.014  0.054  0.021   -0.115  0.061  0.039
 F          0.097 -0.119 -0.069    0.044 -0.109  0.001    0.055 -0.158 -0.033
 F          0.139 -0.045 -0.031   -0.004  0.097 -0.022   -0.029  0.148  0.029
 F         -0.033 -0.143 -0.289    0.058 -0.208 -0.015   -0.068 -0.018 -0.017
 F          0.035 -0.234  0.303    0.100  0.209 -0.047   -0.067  0.039 -0.029

 C          0.330 -0.034  0.052    0.212 -0.026 -0.059    0.272 -0.025 -0.114
 C          0.159 -0.021  0.005    0.089 -0.013  0.017    0.681 -0.087  0.024
 C         -0.111  0.015 -0.067   -0.038  0.005 -0.024    0.250 -0.033  0.112
 F         -0.185  0.013  0.191   -0.074  0.005  0.076   -0.250  0.022  0.126
 F          0.032 -0.163 -0.098    0.007 -0.079 -0.050   -0.034 -0.108 -0.102
 F          0.066  0.162 -0.090    0.024  0.079 -0.045   -0.010  0.124 -0.097
 F         -0.019  0.033  0.013   -0.011  0.093  0.056   -0.081  0.012 -0.002
 F         -0.028 -0.034  0.019   -0.033 -0.086  0.052   -0.083  0.009 -0.001
 O          0.391 -0.149 -0.164    0.080  0.025  0.652   -0.287  0.060 -0.084
 C          0.140  0.075  0.030   -0.088  0.004 -0.301   -0.236 -0.023  0.026
 C         -0.089 -0.086  0.011    0.037  0.021  0.049   -0.051 -0.053  0.010
 F         -0.353  0.111  0.112    0.045 -0.019 -0.004    0.144 -0.010 -0.044
 F          0.119 -0.356 -0.057   -0.021  0.050 -0.001   -0.017  0.096  0.012
 F         -0.134  0.358  0.055    0.030 -0.066  0.014    0.051 -0.058 -0.018
 F         -0.044  0.009  0.005   -0.124 -0.333 -0.227   -0.020  0.090  0.075
 F         -0.056  0.025 -0.031   -0.044  0.339 -0.221   -0.037 -0.088  0.084

 C         -0.346 -0.028  0.233   -0.038 -0.286 -0.222    0.192 -0.523  0.581
 C          0.007 -0.012  0.599    0.086 -0.038 -0.233   -0.029  0.039 -0.043
 C          0.356 -0.037  0.210   -0.033  0.066  0.035    0.050  0.165 -0.348
 F         -0.091  0.008  0.038    0.008 -0.004 -0.010   -0.067 -0.003  0.063
 F         -0.059 -0.092 -0.098    0.003 -0.014 -0.008    0.009  0.025  0.047
 F         -0.035  0.103 -0.087    0.006 -0.020  0.011    0.006 -0.119  0.096
 F         -0.019 -0.166 -0.173   -0.009  0.081  0.081    0.005  0.005  0.010
 F          0.029  0.176 -0.175   -0.010 -0.048  0.051    0.032 -0.005 -0.003
 O         -0.031 -0.005  0.009   -0.221  0.009  0.092   -0.204  0.068 -0.164
 C          0.173  0.106 -0.017    0.260  0.449 -0.074   -0.008 -0.061  0.017
 C          0.115  0.120 -0.027    0.327  0.350 -0.078   -0.056  0.025  0.018
 F         -0.094  0.001  0.027   -0.220  0.003  0.065    0.055 -0.005 -0.019
 F          0.004 -0.087 -0.007    0.004 -0.243 -0.016    0.003  0.006  0.000
 F         -0.004 -0.057 -0.003    0.023 -0.258 -0.018    0.010  0.010 -0.006
 F          0.041 -0.069 -0.067    0.001  0.138  0.112   -0.011  0.047 -0.018
 F          0.063  0.093 -0.093    0.000  0.015  0.017    0.035  0.207 -0.172

 C          0.224  0.620  0.362   -0.007 -0.029 -0.006    0.269 -0.149  0.251
 C         -0.001 -0.056 -0.077    0.118  0.901 -0.001   -0.019 -0.020 -0.002
 C          0.022 -0.254 -0.246   -0.011 -0.124  0.003   -0.458 -0.301  0.606
 F         -0.054  0.018  0.049   -0.001  0.008  0.001    0.210  0.001 -0.160
 F          0.030  0.111  0.096   -0.015  0.008 -0.011    0.023  0.002 -0.045
 F         -0.001  0.026  0.004    0.016  0.006  0.009    0.025  0.171 -0.141
 F          0.031  0.013  0.010   -0.023 -0.227 -0.146    0.001 -0.003 -0.008
 F         -0.010 -0.013  0.020   -0.036 -0.234  0.146   -0.000  0.044 -0.047
 O         -0.283 -0.013 -0.080   -0.020  0.003  0.006   -0.160  0.035 -0.073
 C          0.174  0.088 -0.031    0.025  0.014 -0.008    0.040 -0.054 -0.017
 C          0.135  0.138 -0.041    0.028  0.011 -0.007   -0.034  0.043  0.012
 F         -0.080 -0.000  0.024   -0.017  0.001  0.005    0.025 -0.005 -0.008
 F          0.003 -0.079 -0.005   -0.000 -0.008 -0.000    0.005 -0.011 -0.002
 F          0.008 -0.074 -0.009   -0.000 -0.008 -0.000    0.001  0.012 -0.002
 F         -0.009 -0.213 -0.151    0.017 -0.019 -0.023   -0.019  0.009 -0.014
 F         -0.029 -0.116  0.050   -0.020 -0.017  0.027   -0.009  0.054 -0.049

 C          0.145  0.260  0.111   -0.204 -0.067 -0.069    0.202  0.021 -0.112
 C          0.006  0.042 -0.019    0.027 -0.020 -0.232   -0.307  0.050 -0.040
 C         -0.069  0.791  0.278    0.193 -0.086  0.071    0.284 -0.017  0.090
 F          0.073 -0.050 -0.064   -0.058  0.009  0.023   -0.049  0.003  0.024
 F         -0.040 -0.231 -0.169   -0.012 -0.001 -0.009   -0.026 -0.027 -0.029
 F          0.006 -0.175  0.076   -0.011  0.039 -0.028   -0.019  0.024 -0.021
 F         -0.015 -0.048 -0.053    0.003  0.052  0.057    0.019 -0.001  0.004
 F          0.002 -0.039  0.036   -0.006 -0.033  0.040    0.017 -0.013  0.011
 O         -0.126  0.001 -0.020   -0.233  0.068  0.112    0.012  0.010  0.003
 C          0.102 -0.060 -0.033    0.563 -0.559 -0.197    0.027 -0.028 -0.020
 C          0.035  0.015 -0.013    0.011 -0.022 -0.004   -0.532  0.540  0.191
 F         -0.023 -0.000  0.007   -0.055 -0.006  0.015    0.243 -0.056 -0.074
 F          0.001 -0.002 -0.000    0.008  0.050  0.001    0.059 -0.248 -0.034
 F         -0.006  0.021  0.002   -0.074  0.269  0.034   -0.008 -0.029  0.001
 F         -0.012 -0.079 -0.055    0.013  0.040  0.035   -0.015  0.013  0.016
 F         -0.018 -0.060  0.032    0.016  0.002  0.011   -0.023 -0.031  0.030

 C         -0.464  0.081  0.129    0.345 -0.060 -0.368    0.008 -0.002  0.001
 C          0.555 -0.063  0.009   -0.017 -0.004  0.586   -0.004  0.000  0.003
 C         -0.421  0.062 -0.149   -0.320  0.037 -0.333   -0.001 -0.000 -0.001
 F          0.064 -0.006 -0.032    0.079 -0.007 -0.006    0.001 -0.000 -0.000
 F          0.038  0.033  0.039    0.031  0.054  0.066    0.000  0.000  0.000
 F          0.029 -0.048  0.039    0.018 -0.060  0.060    0.000 -0.000  0.000
 F         -0.035  0.002 -0.002   -0.007 -0.080 -0.093   -0.000 -0.000 -0.001
 F         -0.036  0.001  0.002    0.014  0.082 -0.093    0.000  0.000 -0.000
 O          0.080 -0.005  0.015   -0.203  0.039  0.071    0.079  0.004 -0.022
 C          0.076 -0.048 -0.001    0.172 -0.144 -0.099   -0.453 -0.499  0.108
 C         -0.278  0.291  0.102   -0.006  0.054  0.004    0.480  0.514 -0.110
 F          0.116 -0.030 -0.037   -0.010 -0.006  0.004   -0.080 -0.004  0.023
 F          0.033 -0.135 -0.018    0.005 -0.014 -0.002   -0.003 -0.084 -0.005
 F         -0.014  0.004  0.004   -0.017  0.056  0.008   -0.003  0.076  0.004
 F          0.033 -0.043 -0.035   -0.020  0.065  0.066   -0.000 -0.000 -0.001
 F          0.039  0.022 -0.029   -0.031 -0.050  0.064    0.000  0.001 -0.002
