C   6.3092958158  0.1278909773  0.0052366548
O   3.8276337154  1.1937151324  -0.0206583357
C   1.9010774949  -0.4130380901  -0.0045198773
C   -0.5770147077  1.1201851466  -0.0023186525
C   -3.0488393917  -0.4248754997  0.0015821978
F   -4.9815917780  1.1652346725  0.0117263959
F   -3.2140404970  -1.8652547424  -2.0347664789
F   -3.1991286541  -1.8733816247  2.0334970928
F   -0.6081393486  2.5872155230  2.0553676363
F   -0.6136615960  2.5880018735  -2.0587731980
F   1.9168153829  -1.9646900525  -2.0293104999
F   1.9330455118  -1.9413794466  2.0372916251
H   7.5762728350  1.7274619766  -0.0689346695
H   6.6084978867  -0.9310884237  1.7329707421
H   6.5873531008  -1.0687856420  -1.6339444857
momentum
-29.978557218828836  19.774550009692316  17.442072299757506
19.251381424117934  -16.345606970587962  -37.766862528648396
24.783544760740487  25.884740943598274  59.55947784685747
13.651351071396723  4.493130297891756  -20.981038591579807
-2.8759350317979306  15.460768828716999  -13.195531381493671
17.359601970383217  -20.25637684535737  -39.98173626642402
-67.13202322187072  20.756971102796058  49.66112697176493
-14.004793447620273  9.730016809280112  -27.041534531881705
3.2186805681421324  -62.51161476020663  -59.78507140130467
15.332983493782223  7.370688765156678  80.71130249659498
-10.438434379928278  -25.200372932000448  0.40641502535069407
25.9611685857935  3.0606035696179177  -1.1900586266554858
-7.8373093793562605  17.26734852347262  -3.038492313748503
14.413621457417745  -3.033752044031261  -12.56081688090878
-1.83482440206236  3.2164008426292363  7.693630396583848
