C   6.3092958158  0.1278909773  0.0052366548
O   3.8276337154  1.1937151324  -0.0206583357
C   1.9010774949  -0.4130380901  -0.0045198773
C   -0.5770147077  1.1201851466  -0.0023186525
C   -3.0488393917  -0.4248754997  0.0015821978
F   -4.9815917780  1.1652346725  0.0117263959
F   -3.2140404970  -1.8652547424  -2.0347664789
F   -3.1991286541  -1.8733816247  2.0334970928
F   -0.6081393486  2.5872155230  2.0553676363
F   -0.6136615960  2.5880018735  -2.0587731980
F   1.9168153829  -1.9646900525  -2.0293104999
F   1.9330455118  -1.9413794466  2.0372916251
H   7.5762728350  1.7274619766  -0.0689346695
H   6.6084978867  -0.9310884237  1.7329707421
H   6.5873531008  -1.0687856420  -1.6339444857
momentum
18.64114166327148  -19.472051673980545  12.720311682789092
11.343169971460059  -7.262807876765991  -3.0558395287060165
14.402472335560542  -13.684210720529475  -2.837352399282288
-13.409909646176024  -11.472256570415285  54.850166300227286
-11.2326660193607  -20.60143125453699  49.24123074575656
-2.1690649504519817  -7.2898314879095345  -60.23295511816299
-15.98815531979458  33.895856877762995  20.56375009283654
-6.052161714126146  -22.92830281603359  -6.204409161504891
36.15519167933591  -7.207541342206505  -50.11046260008967
-52.63547639993462  30.15205502053763  -0.6847033878756832
30.2345055401426  15.894326413142544  4.265235367024241
-5.3956399071811045  34.533068118949714  -21.287053148435746
-3.6497934737280855  -5.145576240923768  9.741173243433572
7.986554897391655  5.919562209322427  -19.57366903939268
-8.370722910836774  -5.401471239123286  12.264783763888362
