C   6.3092958158  0.1278909773  0.0052366548
O   3.8276337154  1.1937151324  -0.0206583357
C   1.9010774949  -0.4130380901  -0.0045198773
C   -0.5770147077  1.1201851466  -0.0023186525
C   -3.0488393917  -0.4248754997  0.0015821978
F   -4.9815917780  1.1652346725  0.0117263959
F   -3.2140404970  -1.8652547424  -2.0347664789
F   -3.1991286541  -1.8733816247  2.0334970928
F   -0.6081393486  2.5872155230  2.0553676363
F   -0.6136615960  2.5880018735  -2.0587731980
F   1.9168153829  -1.9646900525  -2.0293104999
F   1.9330455118  -1.9413794466  2.0372916251
H   7.5762728350  1.7274619766  -0.0689346695
H   6.6084978867  -0.9310884237  1.7329707421
H   6.5873531008  -1.0687856420  -1.6339444857
momentum
10.687996744303067  0.8992896923311279  20.741459612027775
25.697049676420477  11.589152200829217  34.984427315732844
24.20381777879356  -21.29175722287377  -4.2847572408216426
-6.697160944669903  26.242070462173874  -13.564172215055533
-31.949955625410322  16.926825037912064  -5.38885555521312
-16.357211601198866  -37.61962887199232  19.988250661983706
11.780807127120466  5.4912905819766715  -9.882731092581375
-34.346175125729516  43.131961344768854  15.996717911908688
3.8519016944367275  23.170155764393563  -7.682892806893223
-25.376932969887644  -6.127863697298011  -26.492126754917976
5.2283398212291345  6.387810233886085  -27.412936623803894
49.56025516826445  -76.41303106145132  13.899401237885243
-10.020640962687914  1.394682098045972  -1.4353580623806816
3.641561532082829  10.351690142928307  5.952335780039863
-9.865106295464566  -4.35634851352255  -15.87576159702772
