C   6.3092958158  0.1278909773  0.0052366548
O   3.8276337154  1.1937151324  -0.0206583357
C   1.9010774949  -0.4130380901  -0.0045198773
C   -0.5770147077  1.1201851466  -0.0023186525
C   -3.0488393917  -0.4248754997  0.0015821978
F   -4.9815917780  1.1652346725  0.0117263959
F   -3.2140404970  -1.8652547424  -2.0347664789
F   -3.1991286541  -1.8733816247  2.0334970928
F   -0.6081393486  2.5872155230  2.0553676363
F   -0.6136615960  2.5880018735  -2.0587731980
F   1.9168153829  -1.9646900525  -2.0293104999
F   1.9330455118  -1.9413794466  2.0372916251
H   7.5762728350  1.7274619766  -0.0689346695
H   6.6084978867  -0.9310884237  1.7329707421
H   6.5873531008  -1.0687856420  -1.6339444857
momentum
26.365035101483517  17.355901274418112  5.508557803097403
56.55858627457686  14.736116250651719  -23.384043251162364
26.368886560025683  -42.760130021699624  5.553264518827794
6.0132412487197495  1.2061249189516616  13.30498106973619
20.931483558054147  -22.37913589816719  8.336597613973275
34.38235430254044  -8.011045091929896  -14.67110830193742
-45.364920242582876  -11.6544182594505  -11.581922116095814
4.372899484614515  13.746922661838205  -0.35861260120751665
-7.595291212586538  -10.499265847193376  6.200699191833887
-21.16923896470898  14.866927218138446  23.690134033544066
-20.563938549526416  -10.433808412163154  22.28601422657123
-81.28263127621099  34.309249429395955  -39.20828478960519
-1.7414375134136224  1.0931548763468686  -2.111463901637804
2.23490052729313  2.765108111673259  1.6513825792006571
0.4336402764220333  5.612621612343906  4.498006117761627
