C   6.3092958158  0.1278909773  0.0052366548
O   3.8276337154  1.1937151324  -0.0206583357
C   1.9010774949  -0.4130380901  -0.0045198773
C   -0.5770147077  1.1201851466  -0.0023186525
C   -3.0488393917  -0.4248754997  0.0015821978
F   -4.9815917780  1.1652346725  0.0117263959
F   -3.2140404970  -1.8652547424  -2.0347664789
F   -3.1991286541  -1.8733816247  2.0334970928
F   -0.6081393486  2.5872155230  2.0553676363
F   -0.6136615960  2.5880018735  -2.0587731980
F   1.9168153829  -1.9646900525  -2.0293104999
F   1.9330455118  -1.9413794466  2.0372916251
H   7.5762728350  1.7274619766  -0.0689346695
H   6.6084978867  -0.9310884237  1.7329707421
H   6.5873531008  -1.0687856420  -1.6339444857
momentum
12.23381076272612  12.562183897713627  -3.058742660250474
37.49725868539368  30.80988750077836  -20.99662023221669
13.965833603155762  39.101638385648535  -9.077964017685357
8.95521005879136  -14.039369505075449  8.29064804792056
-22.31630769443592  33.61237334237557  47.901996265156356
-19.803064750141818  -18.006953360932947  22.53951570007651
0.32899094845396776  3.534428071419848  -61.044057144160966
-18.76549295227682  -18.96545348310162  -11.079713467398337
-12.986224095371513  -14.032619283438345  -1.3852917429052394
-13.558924199113502  28.29606749814698  -35.381831730588054
-6.963666411161567  -42.420779190347346  0.1826716696337902
18.601655948707194  -8.15170538854509  64.35175803121186
1.0616301180818042  -17.32872178653475  2.004847175666701
-3.9893455308603536  -13.874078376052992  -3.6388450298311836
5.869598769436378  -0.5575227855797094  1.1099631339448588
