C   6.3092958158  0.1278909773  0.0052366548
O   3.8276337154  1.1937151324  -0.0206583357
C   1.9010774949  -0.4130380901  -0.0045198773
C   -0.5770147077  1.1201851466  -0.0023186525
C   -3.0488393917  -0.4248754997  0.0015821978
F   -4.9815917780  1.1652346725  0.0117263959
F   -3.2140404970  -1.8652547424  -2.0347664789
F   -3.1991286541  -1.8733816247  2.0334970928
F   -0.6081393486  2.5872155230  2.0553676363
F   -0.6136615960  2.5880018735  -2.0587731980
F   1.9168153829  -1.9646900525  -2.0293104999
F   1.9330455118  -1.9413794466  2.0372916251
H   7.5762728350  1.7274619766  -0.0689346695
H   6.6084978867  -0.9310884237  1.7329707421
H   6.5873531008  -1.0687856420  -1.6339444857
momentum
-2.383544414897293  6.247702152681834  36.7936833882361
-14.290443924306027  24.084397396363002  -15.155000899001172
21.77186093304353  32.20313375584325  -12.770566740285581
8.80487783777271  -5.607069288024672  -5.891992304895109
-4.201727869007229  -0.13822217882500418  -23.717935619408756
-7.191742459312467  9.114141760123548  15.446647298632417
-17.614351058680086  -2.340053508764064  12.618056723802923
58.8213831746548  13.113109771024781  -30.537702520959318
38.61745527913906  -38.03699018620684  52.77394846023117
-5.62389411501859  -48.359724443153404  -7.379658120557003
0.40237183416633915  -20.020395713892594  -34.01767663093237
-78.96926295437733  43.59617792187333  23.922163214790732
-7.877446536256681  -7.772499425616247  -4.239135394349306
2.4282737059747195  -2.4506553747673974  -10.249060962339513
7.411660011275919  -3.943887552122723  2.841922327932652
