C   6.3092958158  0.1278909773  0.0052366548
O   3.8276337154  1.1937151324  -0.0206583357
C   1.9010774949  -0.4130380901  -0.0045198773
C   -0.5770147077  1.1201851466  -0.0023186525
C   -3.0488393917  -0.4248754997  0.0015821978
F   -4.9815917780  1.1652346725  0.0117263959
F   -3.2140404970  -1.8652547424  -2.0347664789
F   -3.1991286541  -1.8733816247  2.0334970928
F   -0.6081393486  2.5872155230  2.0553676363
F   -0.6136615960  2.5880018735  -2.0587731980
F   1.9168153829  -1.9646900525  -2.0293104999
F   1.9330455118  -1.9413794466  2.0372916251
H   7.5762728350  1.7274619766  -0.0689346695
H   6.6084978867  -0.9310884237  1.7329707421
H   6.5873531008  -1.0687856420  -1.6339444857
momentum
-78.46478153119655  19.424127779294885  -17.98134538408605
16.877477915871182  29.37461495225157  1.2396150456834596
-38.56012528918559  30.16286549612301  21.733769180264655
-6.147602274028377  27.46056341410527  27.28498522183896
8.874051345717003  -5.8401947174688384  8.594825476455952
63.514913756706704  8.315092332163097  -23.21565950790417
-0.031812977122299683  21.698739066812827  -4.840561102807801
-2.2527260060671925  -31.83779850077596  27.854198295476525
-45.94305462237385  -5.349866169476361  2.788763184019735
57.24475719623558  11.026474411639965  -29.029626410254114
-2.6846396443305314  -52.3397576892603  8.36608317253417
30.62239310087013  -52.82456517241172  -11.653252243551565
5.534039347931916  4.020093678677779  -13.46575024268028
-2.785230984247983  -0.08167693128970199  7.342928137912945
-5.2491997577805884  -3.5387517086827582  -5.087407906654256
