C   6.3092958158  0.1278909773  0.0052366548
O   3.8276337154  1.1937151324  -0.0206583357
C   1.9010774949  -0.4130380901  -0.0045198773
C   -0.5770147077  1.1201851466  -0.0023186525
C   -3.0488393917  -0.4248754997  0.0015821978
F   -4.9815917780  1.1652346725  0.0117263959
F   -3.2140404970  -1.8652547424  -2.0347664789
F   -3.1991286541  -1.8733816247  2.0334970928
F   -0.6081393486  2.5872155230  2.0553676363
F   -0.6136615960  2.5880018735  -2.0587731980
F   1.9168153829  -1.9646900525  -2.0293104999
F   1.9330455118  -1.9413794466  2.0372916251
H   7.5762728350  1.7274619766  -0.0689346695
H   6.6084978867  -0.9310884237  1.7329707421
H   6.5873531008  -1.0687856420  -1.6339444857
momentum
-5.238934781914057  14.45647186514916  -17.34506025364016
-16.825023834781128  25.25827168155151  42.38816837829606
-0.90439579859085  -3.0020979593757375  -8.73473688322611
16.796216697843768  20.19659003533523  2.7447064637645995
-14.825737948176725  -8.20720805302686  3.5331462194060204
54.87575903777442  7.836486978473192  36.52173129425017
-1.347099825509952  -39.63786618124825  -48.69729917561756
20.2018593083851  -6.034804521735091  -13.518212249594196
-2.163812938275837  5.90578890790172  10.612115046140229
-5.974612490111002  12.001758791569603  -26.17431610437113
-37.16369263177089  -27.332014197985796  -3.1644239587612337
-17.556986897659453  17.943559335028155  19.01738827405771
10.02368677114638  -8.548449463351712  -0.063066967986936
3.0953673379158846  -7.9711928771666685  6.7847001460961485
-2.8186610793195097  -2.741553579277486  -3.84922281277025
