C   6.3092958158  0.1278909773  0.0052366548
O   3.8276337154  1.1937151324  -0.0206583357
C   1.9010774949  -0.4130380901  -0.0045198773
C   -0.5770147077  1.1201851466  -0.0023186525
C   -3.0488393917  -0.4248754997  0.0015821978
F   -4.9815917780  1.1652346725  0.0117263959
F   -3.2140404970  -1.8652547424  -2.0347664789
F   -3.1991286541  -1.8733816247  2.0334970928
F   -0.6081393486  2.5872155230  2.0553676363
F   -0.6136615960  2.5880018735  -2.0587731980
F   1.9168153829  -1.9646900525  -2.0293104999
F   1.9330455118  -1.9413794466  2.0372916251
H   7.5762728350  1.7274619766  -0.0689346695
H   6.6084978867  -0.9310884237  1.7329707421
H   6.5873531008  -1.0687856420  -1.6339444857
momentum
-24.834335398509985  43.15330303122389  -20.431932267413643
25.21918571417445  0.3704168331248759  -36.38982542315953
-40.1987807062998  18.537329423484262  -40.843142607095935
-8.493975745125883  19.216104596440843  22.75495421219879
16.570096646434386  19.12903756875874  16.127862634172473
26.58992227393699  -32.46978739234621  -10.490081142717695
-28.628798592914254  14.569292557344607  -13.03618187046569
-24.024997332838616  1.4122946019462006  -45.40394472525672
24.437708115000373  -12.398663363205294  31.716005347991292
-1.8662578811161505  -26.349868648256866  17.201389560973087
37.80299267413036  -22.05832955962979  39.86812286939421
-11.284871027416994  -4.136914333159826  32.55731671383643
14.224678505338893  -5.0374018754888406  -3.286610714175502
2.039054805387982  -2.2207427827824118  -1.5213575871498872
-7.027954405463447  -11.761498358893721  10.97097104566786
