C   6.3092958158  0.1278909773  0.0052366548
O   3.8276337154  1.1937151324  -0.0206583357
C   1.9010774949  -0.4130380901  -0.0045198773
C   -0.5770147077  1.1201851466  -0.0023186525
C   -3.0488393917  -0.4248754997  0.0015821978
F   -4.9815917780  1.1652346725  0.0117263959
F   -3.2140404970  -1.8652547424  -2.0347664789
F   -3.1991286541  -1.8733816247  2.0334970928
F   -0.6081393486  2.5872155230  2.0553676363
F   -0.6136615960  2.5880018735  -2.0587731980
F   1.9168153829  -1.9646900525  -2.0293104999
F   1.9330455118  -1.9413794466  2.0372916251
H   7.5762728350  1.7274619766  -0.0689346695
H   6.6084978867  -0.9310884237  1.7329707421
H   6.5873531008  -1.0687856420  -1.6339444857
momentum
-39.24219375733  8.741690844161115  8.413590153818749
28.4249166249563  45.543132582652255  29.3113251814207
5.469044814915664  -9.963295195682958  -19.851644235823898
-7.5196838771065915  -28.75219328879404  -20.523812849238368
-0.2072172530196363  -13.546327771380577  12.937385463621311
27.66597520446378  -1.3560417833459957  -27.791066332164846
-18.41641058439041  -24.89994504471014  -1.2830710746383502
43.202081937149465  26.072516413252274  -38.83006445647877
53.527149100860605  18.683621708023253  18.85863860105547
-58.50002605562278  40.466966974095186  30.014860731431362
15.708769852320666  -36.92165497721619  38.24663193616671
-41.07167671817346  -9.779674350196055  -6.9956769236704055
-0.7961446916409121  -5.672541374312247  -16.262626337257952
-6.142529737725051  -7.465671900928351  -3.3822969617296397
-1.9209783375961522  -1.0698025291400348  -2.6345463550288817
