C   6.3092958158  0.1278909773  0.0052366548
O   3.8276337154  1.1937151324  -0.0206583357
C   1.9010774949  -0.4130380901  -0.0045198773
C   -0.5770147077  1.1201851466  -0.0023186525
C   -3.0488393917  -0.4248754997  0.0015821978
F   -4.9815917780  1.1652346725  0.0117263959
F   -3.2140404970  -1.8652547424  -2.0347664789
F   -3.1991286541  -1.8733816247  2.0334970928
F   -0.6081393486  2.5872155230  2.0553676363
F   -0.6136615960  2.5880018735  -2.0587731980
F   1.9168153829  -1.9646900525  -2.0293104999
F   1.9330455118  -1.9413794466  2.0372916251
H   7.5762728350  1.7274619766  -0.0689346695
H   6.6084978867  -0.9310884237  1.7329707421
H   6.5873531008  -1.0687856420  -1.6339444857
momentum
-36.89179496431677  27.76328987512378  -22.68131851030199
10.229170192308382  -45.30661083272815  -8.22821780911631
-20.83683484564461  -35.98745796443798  -11.93971576530843
-9.388780882405113  -0.32055975691391253  33.59609824988642
23.27127258953498  -17.75068842774099  -22.535687128710393
1.6067645697800088  14.859173162136377  -14.026564310444098
2.2610197832436487  -0.6886620951710587  22.811778322528447
-31.858193429258442  -21.193900453987094  -21.54603150562869
16.483425726092527  -12.692115031940968  23.019232498043166
29.644730316411927  8.004644922863442  -15.702233516084805
-34.50635192555836  29.57251445245687  44.71895410673833
32.211735331630486  39.132614037354486  -19.533260086357565
21.086656028458922  4.068150509522574  -3.7260185499575122
-2.1688208347497904  13.504409531777656  4.035300374660842
-0.8530616956895313  -3.608765145236821  11.170147494739748
