C   6.3092958158  0.1278909773  0.0052366548
O   3.8276337154  1.1937151324  -0.0206583357
C   1.9010774949  -0.4130380901  -0.0045198773
C   -0.5770147077  1.1201851466  -0.0023186525
C   -3.0488393917  -0.4248754997  0.0015821978
F   -4.9815917780  1.1652346725  0.0117263959
F   -3.2140404970  -1.8652547424  -2.0347664789
F   -3.1991286541  -1.8733816247  2.0334970928
F   -0.6081393486  2.5872155230  2.0553676363
F   -0.6136615960  2.5880018735  -2.0587731980
F   1.9168153829  -1.9646900525  -2.0293104999
F   1.9330455118  -1.9413794466  2.0372916251
H   7.5762728350  1.7274619766  -0.0689346695
H   6.6084978867  -0.9310884237  1.7329707421
H   6.5873531008  -1.0687856420  -1.6339444857
momentum
-16.088888264119166  5.855116403493062  -12.914316509948042
22.774838859711576  -7.887655500687477  0.9922177644699455
-8.223731841529906  -12.775012093510131  -30.591289254085467
-14.565592833148273  -29.291912834272637  -14.995640172474124
-27.44926988697726  -46.96123273737694  23.51913482459864
-57.92507178337333  10.292510326962502  2.9542552825002693
24.75673916180769  96.94365012242841  -15.181715555959471
-23.761467228754583  14.72740819183076  -8.555228694474643
61.61965039096129  -75.9527496074998  -5.93222407382042
-32.17040722668061  7.930697505444683  -50.90174894692613
30.599537387355166  21.922539207836838  59.11613192698249
48.87528766511581  12.92444459630786  47.32137432733853
-1.9797282026113927  18.419042634257853  -6.301802052893496
-3.9424978657163776  -2.7998832738719384  10.919636994637708
-2.7063331682488703  -12.696752424935692  0.18858271115170508
