C   6.3092958158  0.1278909773  0.0052366548
O   3.8276337154  1.1937151324  -0.0206583357
C   1.9010774949  -0.4130380901  -0.0045198773
C   -0.5770147077  1.1201851466  -0.0023186525
C   -3.0488393917  -0.4248754997  0.0015821978
F   -4.9815917780  1.1652346725  0.0117263959
F   -3.2140404970  -1.8652547424  -2.0347664789
F   -3.1991286541  -1.8733816247  2.0334970928
F   -0.6081393486  2.5872155230  2.0553676363
F   -0.6136615960  2.5880018735  -2.0587731980
F   1.9168153829  -1.9646900525  -2.0293104999
F   1.9330455118  -1.9413794466  2.0372916251
H   7.5762728350  1.7274619766  -0.0689346695
H   6.6084978867  -0.9310884237  1.7329707421
H   6.5873531008  -1.0687856420  -1.6339444857
momentum
-56.56699727226409  -12.083827200041721  -16.023889298389587
-40.66224356405875  -19.462565856880754  17.961091318241994
-5.875108245868922  -25.12188839939995  -9.191728133340252
11.903061966199544  -24.507886944274322  -14.404794157264895
-19.819169675241547  15.860396652111973  -10.831649859798372
37.68589479541264  21.87089519628728  -3.426472074858262
13.303708289670476  -37.2046480954697  -0.8086221424457407
20.17166688116509  34.48855182955477  19.810744168860484
-25.230378372864468  -5.124845420722644  14.93087376047595
17.260847468863627  -13.90315343556795  16.018153116054265
21.276650029271124  45.1408343426619  -10.94934178874621
16.9810370047951  13.352902237953787  -3.4880299985566015
1.1896952538524932  11.94540532109719  4.4976241142358235
1.3478081230698207  -4.313135865218766  0.8890483606387909
6.730253961021795  -0.9692144280050062  -4.925223273034443
