C   6.3092958158  0.1278909773  0.0052366548
O   3.8276337154  1.1937151324  -0.0206583357
C   1.9010774949  -0.4130380901  -0.0045198773
C   -0.5770147077  1.1201851466  -0.0023186525
C   -3.0488393917  -0.4248754997  0.0015821978
F   -4.9815917780  1.1652346725  0.0117263959
F   -3.2140404970  -1.8652547424  -2.0347664789
F   -3.1991286541  -1.8733816247  2.0334970928
F   -0.6081393486  2.5872155230  2.0553676363
F   -0.6136615960  2.5880018735  -2.0587731980
F   1.9168153829  -1.9646900525  -2.0293104999
F   1.9330455118  -1.9413794466  2.0372916251
H   7.5762728350  1.7274619766  -0.0689346695
H   6.6084978867  -0.9310884237  1.7329707421
H   6.5873531008  -1.0687856420  -1.6339444857
momentum
20.768157322487884  4.7218768943419205  14.901106080729397
33.435973117674024  -41.63688215049012  -26.40533412837762
30.07133612204358  11.101679933748416  -44.33698109165903
3.663231827250707  -6.967241560118354  14.611650083889655
-41.505399269772965  -36.69521847597803  30.00766464841301
-66.83854206185256  -11.781626808337787  -29.14555735594781
16.740075033387246  27.906619809025088  -12.961817900899247
7.603465210367507  16.112686721842326  29.17531681489621
7.330342585198791  -8.759958138080021  57.66635905752992
9.576932120695211  -18.257792102588816  -19.085627195688733
8.324486707080316  15.30808312480542  5.314942194328502
-30.89619705464879  55.94190819150777  -26.668298607777793
3.749503847971384  -8.125016046857457  8.510928907077822
-2.1127636667629397  2.474731693691812  12.48328269572724
-0.23055621105170673  -1.3284152469477164  -14.0494138158883
