C   6.3092958158  0.1278909773  0.0052366548
O   3.8276337154  1.1937151324  -0.0206583357
C   1.9010774949  -0.4130380901  -0.0045198773
C   -0.5770147077  1.1201851466  -0.0023186525
C   -3.0488393917  -0.4248754997  0.0015821978
F   -4.9815917780  1.1652346725  0.0117263959
F   -3.2140404970  -1.8652547424  -2.0347664789
F   -3.1991286541  -1.8733816247  2.0334970928
F   -0.6081393486  2.5872155230  2.0553676363
F   -0.6136615960  2.5880018735  -2.0587731980
F   1.9168153829  -1.9646900525  -2.0293104999
F   1.9330455118  -1.9413794466  2.0372916251
H   7.5762728350  1.7274619766  -0.0689346695
H   6.6084978867  -0.9310884237  1.7329707421
H   6.5873531008  -1.0687856420  -1.6339444857
momentum
-25.482959517540582  9.452314248917498  66.99240346214832
41.09335354385382  -16.03034933574931  -73.12963479043094
-16.48172801386637  31.46881339228593  4.521042503177297
-24.877803993224447  -11.668354408496716  0.03108215547000286
24.84783198812423  33.22230988451257  -3.1730308949358013
25.073392784550762  62.87067593321742  21.248579450212127
54.02040997888776  -50.40389382479733  -26.6615457143878
-37.08371904312559  -51.438596001704155  53.780478012152884
3.095115676580136  -43.33251222344478  -5.467254879689871
-1.2369448709510609  1.3185580511522468  -4.3676904442657
-26.49357596645041  14.05557024911691  -47.49413679622358
1.386152286259582  20.378004160602277  18.991420039165206
-4.202410977667553  6.686155911484812  -0.3221850437331017
-6.217958234297642  -1.0747172377892649  -6.069679886269254
-7.5818967447819485  -6.043704168770044  0.7954315217378043
