C   6.3092958158  0.1278909773  0.0052366548
O   3.8276337154  1.1937151324  -0.0206583357
C   1.9010774949  -0.4130380901  -0.0045198773
C   -0.5770147077  1.1201851466  -0.0023186525
C   -3.0488393917  -0.4248754997  0.0015821978
F   -4.9815917780  1.1652346725  0.0117263959
F   -3.2140404970  -1.8652547424  -2.0347664789
F   -3.1991286541  -1.8733816247  2.0334970928
F   -0.6081393486  2.5872155230  2.0553676363
F   -0.6136615960  2.5880018735  -2.0587731980
F   1.9168153829  -1.9646900525  -2.0293104999
F   1.9330455118  -1.9413794466  2.0372916251
H   7.5762728350  1.7274619766  -0.0689346695
H   6.6084978867  -0.9310884237  1.7329707421
H   6.5873531008  -1.0687856420  -1.6339444857
momentum
9.91847142764464  -33.012586311797904  -5.581742048546319
-29.22399204782932  -26.003695768060584  7.012952640598832
26.585294184185884  18.03626768946193  12.77949884788624
-17.99773608353456  40.065789542288414  16.641444517423007
-35.89598329089739  19.096476102769838  -28.239708852037705
-3.3372672918652553  -36.291046488820754  -17.754842642790827
-35.86779018372965  34.20894963395177  27.98724391743901
69.74999724195459  11.958217586662371  -1.9535547771234638
-55.24086113024629  24.504355760741394  21.9778527271263
2.598466373190948  -3.211921180568725  -33.119727954152296
30.795882946138033  -17.942766087353483  39.12980878818592
25.342559009536853  -41.97846666829409  -37.35528047238139
-0.13639042203888851  8.705326637895377  0.10904803537844829
10.482730123002463  -7.886663069435726  -3.206364825513389
2.0982003055374765  9.295726867553821  2.062988521025819
