C   6.3092958158  0.1278909773  0.0052366548
O   3.8276337154  1.1937151324  -0.0206583357
C   1.9010774949  -0.4130380901  -0.0045198773
C   -0.5770147077  1.1201851466  -0.0023186525
C   -3.0488393917  -0.4248754997  0.0015821978
F   -4.9815917780  1.1652346725  0.0117263959
F   -3.2140404970  -1.8652547424  -2.0347664789
F   -3.1991286541  -1.8733816247  2.0334970928
F   -0.6081393486  2.5872155230  2.0553676363
F   -0.6136615960  2.5880018735  -2.0587731980
F   1.9168153829  -1.9646900525  -2.0293104999
F   1.9330455118  -1.9413794466  2.0372916251
H   7.5762728350  1.7274619766  -0.0689346695
H   6.6084978867  -0.9310884237  1.7329707421
H   6.5873531008  -1.0687856420  -1.6339444857
momentum
-4.681614370443448  -3.4397493056433808  26.53270219367378
-23.0558198847972  -14.84745175041385  13.968069193719236
26.157293147984344  -6.669816775825008  -8.278437411447207
-27.526682633271935  17.238540770681276  -22.533349932670617
0.028489652887377433  41.57127730255764  16.289647784519182
-26.12412070281184  -16.941377138153335  12.574475207111684
10.367540204354565  -27.62282254273744  24.24014420054624
-4.801017599950788  2.2827639662065966  -2.2729029993289815
14.133402296496  -6.9106044499093064  -16.10173650003834
8.85391674098983  20.35416185616699  2.910777873561162
-11.146194338878404  -20.303452614296496  -40.19400544128957
10.894692987042607  8.787552775163817  -15.02776218581094
7.932574587387962  -5.014570236620104  8.547264286310726
2.014270502762868  2.5028239302810373  -1.612274288851489
16.93029817152812  8.5274572673086  1.1266004308832118
