C   6.3092958158  0.1278909773  0.0052366548
O   3.8276337154  1.1937151324  -0.0206583357
C   1.9010774949  -0.4130380901  -0.0045198773
C   -0.5770147077  1.1201851466  -0.0023186525
C   -3.0488393917  -0.4248754997  0.0015821978
F   -4.9815917780  1.1652346725  0.0117263959
F   -3.2140404970  -1.8652547424  -2.0347664789
F   -3.1991286541  -1.8733816247  2.0334970928
F   -0.6081393486  2.5872155230  2.0553676363
F   -0.6136615960  2.5880018735  -2.0587731980
F   1.9168153829  -1.9646900525  -2.0293104999
F   1.9330455118  -1.9413794466  2.0372916251
H   7.5762728350  1.7274619766  -0.0689346695
H   6.6084978867  -0.9310884237  1.7329707421
H   6.5873531008  -1.0687856420  -1.6339444857
momentum
14.406385098038756  -11.272909115676212  -0.7081431481091004
-18.87246278982448  -14.22853784879242  3.728748598038345
-24.166929422267955  -0.04768920123119074  -1.910553949052368
-34.92544716817724  -0.24493765540811469  31.76417620625176
4.921138812330089  21.00350236779908  -13.615748790612106
-31.932720092937746  17.06736157604297  85.86579145055751
-9.335149198226128  16.51115331217566  -62.34035766267888
50.839363050062886  -19.923418403363318  -6.17219549145089
-10.890974673101866  -13.999293426545833  -28.971243739342373
34.643886884283  -20.625199192163482  -58.78979117085353
12.421286338104437  4.351398300691379  38.646266887733546
8.041606666564283  14.411315519743189  0.32465906117311827
-1.6140872272710414  4.579537875535718  1.9013402110333435
7.099721123049225  2.3230807164308236  2.6853294706782354
-0.30507309184412124  0.30634742445947943  7.451743197810798
