C   6.3092958158  0.1278909773  0.0052366548
O   3.8276337154  1.1937151324  -0.0206583357
C   1.9010774949  -0.4130380901  -0.0045198773
C   -0.5770147077  1.1201851466  -0.0023186525
C   -3.0488393917  -0.4248754997  0.0015821978
F   -4.9815917780  1.1652346725  0.0117263959
F   -3.2140404970  -1.8652547424  -2.0347664789
F   -3.1991286541  -1.8733816247  2.0334970928
F   -0.6081393486  2.5872155230  2.0553676363
F   -0.6136615960  2.5880018735  -2.0587731980
F   1.9168153829  -1.9646900525  -2.0293104999
F   1.9330455118  -1.9413794466  2.0372916251
H   7.5762728350  1.7274619766  -0.0689346695
H   6.6084978867  -0.9310884237  1.7329707421
H   6.5873531008  -1.0687856420  -1.6339444857
momentum
53.02931864693214  10.225819445703346  -10.284970294489211
7.721795142605001  -33.3424651731562  16.136155702172854
-46.476615696000124  14.487641237218034  -17.44453294027348
-27.551472149628673  5.685179822247113  -12.384500055221535
-1.7395241843967375  -26.80534810309857  -40.78612007013985
-4.0968358816418275  90.29387597214821  -3.0942851617995406
32.04951570398336  -17.446396393372282  37.447488447836584
51.5607596760193  0.27560549883016144  -23.884614656475875
-24.81415043369323  20.88395820936274  89.07444280223484
-32.30258198535331  -44.89427627004569  -35.686082381506175
19.695880145017338  -1.5390243324694293  19.810846974143402
-31.788906999452802  -36.382275878814085  -2.9217875815044256
2.7200992403052293  10.635424580034554  -3.598308088547343
3.0296749125496594  6.704694435922326  0.7739670277520122
-1.0487444893915903  0.8490232790287987  -13.002673685253491
