C   6.3092958158  0.1278909773  0.0052366548
O   3.8276337154  1.1937151324  -0.0206583357
C   1.9010774949  -0.4130380901  -0.0045198773
C   -0.5770147077  1.1201851466  -0.0023186525
C   -3.0488393917  -0.4248754997  0.0015821978
F   -4.9815917780  1.1652346725  0.0117263959
F   -3.2140404970  -1.8652547424  -2.0347664789
F   -3.1991286541  -1.8733816247  2.0334970928
F   -0.6081393486  2.5872155230  2.0553676363
F   -0.6136615960  2.5880018735  -2.0587731980
F   1.9168153829  -1.9646900525  -2.0293104999
F   1.9330455118  -1.9413794466  2.0372916251
H   7.5762728350  1.7274619766  -0.0689346695
H   6.6084978867  -0.9310884237  1.7329707421
H   6.5873531008  -1.0687856420  -1.6339444857
momentum
37.65075113245208  32.01899529449369  18.394058332181213
43.335532721479154  45.266736485262996  -51.169869432920464
-24.303201982765003  17.543947369455307  19.54742333325945
17.455986837261737  -25.683247919624975  -28.209954847930902
-14.640288977268035  -11.651733718510604  17.40130717348637
19.769096909147738  -20.644100470379914  18.556472200116737
11.56240645259213  63.38448687462027  -9.665071253552004
-43.16191180751569  12.387897201010993  19.609873625987657
-56.95440542693527  -12.510843112516765  -18.819653102093913
10.251406688316656  -17.16019489643535  17.132157641192187
-21.160742249826253  -32.202475734671964  17.640372671589297
4.156336152222017  -36.45853478121223  -19.317463893093354
15.82824002259806  2.7741703823444626  2.4767006017369035
-3.009837199652131  -5.747703216868701  3.7969119606460358
3.148345094815168  -10.734216261765482  -7.264103050417667
