C   6.3092958158  0.1278909773  0.0052366548
O   3.8276337154  1.1937151324  -0.0206583357
C   1.9010774949  -0.4130380901  -0.0045198773
C   -0.5770147077  1.1201851466  -0.0023186525
C   -3.0488393917  -0.4248754997  0.0015821978
F   -4.9815917780  1.1652346725  0.0117263959
F   -3.2140404970  -1.8652547424  -2.0347664789
F   -3.1991286541  -1.8733816247  2.0334970928
F   -0.6081393486  2.5872155230  2.0553676363
F   -0.6136615960  2.5880018735  -2.0587731980
F   1.9168153829  -1.9646900525  -2.0293104999
F   1.9330455118  -1.9413794466  2.0372916251
H   7.5762728350  1.7274619766  -0.0689346695
H   6.6084978867  -0.9310884237  1.7329707421
H   6.5873531008  -1.0687856420  -1.6339444857
momentum
38.52948519114184  -60.15371028604289  -12.584999332608442
-54.30228643783451  -6.504143790924011  -6.474608607869925
41.64117703495762  20.31839692514885  19.01934310509372
-53.75862266142963  -42.845348950931765  18.337175853111862
12.8395391922093  -8.760814719454867  5.222364136345601
-27.893498682863026  32.26613948793981  0.2240906730304274
21.52409297374521  48.08349860834464  26.965534844380013
16.758579919426328  -64.67429395433508  -4.955483497964418
10.0537979255725  1.5581054635419904  -48.07482943137111
7.549634685858296  8.684508074731069  -18.85734988855635
-4.7671374475172525  29.463218124171853  10.297820359345293
-11.423761219409576  24.023060898051035  1.2072906568070116
-4.677909619374247  13.246379942822458  -0.6707860957408311
-2.701578368698583  6.014401351673406  4.699465458361993
10.386072714155047  -0.20160934776955242  5.483673585947779
