C   6.3092958158  0.1278909773  0.0052366548
O   3.8276337154  1.1937151324  -0.0206583357
C   1.9010774949  -0.4130380901  -0.0045198773
C   -0.5770147077  1.1201851466  -0.0023186525
C   -3.0488393917  -0.4248754997  0.0015821978
F   -4.9815917780  1.1652346725  0.0117263959
F   -3.2140404970  -1.8652547424  -2.0347664789
F   -3.1991286541  -1.8733816247  2.0334970928
F   -0.6081393486  2.5872155230  2.0553676363
F   -0.6136615960  2.5880018735  -2.0587731980
F   1.9168153829  -1.9646900525  -2.0293104999
F   1.9330455118  -1.9413794466  2.0372916251
H   7.5762728350  1.7274619766  -0.0689346695
H   6.6084978867  -0.9310884237  1.7329707421
H   6.5873531008  -1.0687856420  -1.6339444857
momentum
23.908557864115238  -36.71813167474199  3.1190108592257766
-1.1694408984203175  -11.059163481740612  30.36280904094365
33.62382516255189  -11.142043234179111  -31.341033330352957
13.986015872601497  -11.38014707748708  -69.10715569251033
8.779092909822648  -8.331469579100563  -11.506005285625196
-38.69672343801073  -39.842220308514904  5.230364812478296
-9.410620472664222  34.612398658135824  20.641607312415484
-25.433134594671024  66.61416853798784  17.74771951010711
-54.460235346485796  -31.803205108289266  57.308724335257565
-13.75034989619591  -1.6429015026526779  -17.552061757933455
27.045011452898596  28.9514394174322  -2.8483820106972857
32.45814181807943  26.18628797658709  14.037971198303135
-7.5068314663055755  -1.8082805497997316  -4.649341228495001
4.143639394938803  -1.989132625597253  -14.453555432176143
6.104991083062664  -0.9785699839589139  3.629833379088126
