C   6.3092958158  0.1278909773  0.0052366548
O   3.8276337154  1.1937151324  -0.0206583357
C   1.9010774949  -0.4130380901  -0.0045198773
C   -0.5770147077  1.1201851466  -0.0023186525
C   -3.0488393917  -0.4248754997  0.0015821978
F   -4.9815917780  1.1652346725  0.0117263959
F   -3.2140404970  -1.8652547424  -2.0347664789
F   -3.1991286541  -1.8733816247  2.0334970928
F   -0.6081393486  2.5872155230  2.0553676363
F   -0.6136615960  2.5880018735  -2.0587731980
F   1.9168153829  -1.9646900525  -2.0293104999
F   1.9330455118  -1.9413794466  2.0372916251
H   7.5762728350  1.7274619766  -0.0689346695
H   6.6084978867  -0.9310884237  1.7329707421
H   6.5873531008  -1.0687856420  -1.6339444857
momentum
11.498416642358984  25.031575826179832  -27.601503012359828
37.52624938794842  18.780612664323378  5.4556699677273155
23.386320980646182  -3.7825480616103113  56.79561668730269
30.48755440021278  -23.619150926442007  19.113333527615485
-50.98266600159326  -1.527483012841543  15.502211475106128
-7.156711952510358  72.52737730355409  12.616765271558739
-20.0920239008938  17.335765535521084  -6.528218647753474
37.223117344468  -44.76394247895918  -17.53816145600554
-40.40665898964954  -44.16008468142484  -50.07246179172719
1.5436560341722114  -14.755309576340018  -22.35778092845804
6.49859201809578  -0.12635294914727813  0.962422339962431
-26.752352640610507  3.530803545960982  18.092991264096117
-4.558833064939024  0.4431827933177603  -0.9966813913538727
0.8928234304496989  0.7323396671692906  -7.08434294894338
1.2012853627119648  -5.229113954822866  3.622336313011888
