C   6.3092958158  0.1278909773  0.0052366548
O   3.8276337154  1.1937151324  -0.0206583357
C   1.9010774949  -0.4130380901  -0.0045198773
C   -0.5770147077  1.1201851466  -0.0023186525
C   -3.0488393917  -0.4248754997  0.0015821978
F   -4.9815917780  1.1652346725  0.0117263959
F   -3.2140404970  -1.8652547424  -2.0347664789
F   -3.1991286541  -1.8733816247  2.0334970928
F   -0.6081393486  2.5872155230  2.0553676363
F   -0.6136615960  2.5880018735  -2.0587731980
F   1.9168153829  -1.9646900525  -2.0293104999
F   1.9330455118  -1.9413794466  2.0372916251
H   7.5762728350  1.7274619766  -0.0689346695
H   6.6084978867  -0.9310884237  1.7329707421
H   6.5873531008  -1.0687856420  -1.6339444857
momentum
40.269181926309344  10.781153940351246  5.5183040353905115
12.092764229844626  -14.689289942086932  26.26017889472534
-10.433508818316525  15.350138233378665  -36.15146457185231
24.711510955480456  11.173534269866073  -8.391087591744096
-11.762219203417589  20.99739505254306  12.872619982494273
17.999832530177635  -8.491420037303174  33.99316882719026
-41.858126337655335  -30.78295078439381  -20.462626559093188
-15.94993685136621  37.42714680026498  -48.170684070343015
-8.775064854593042  -5.803160276087145  33.99611972110159
-51.664516513963754  -30.413652581581427  -37.27578795961567
-1.3798144631690654  12.494673401610285  7.4110199407183295
42.692088871082014  -8.050856815288036  14.065736074070529
0.9271006647414144  -6.670678125407261  7.18570123349953
3.7622116130588266  -0.23057041201527337  5.20949412430338
-0.6365239682255798  -3.1779654925471004  3.4580622389965314
