C   6.3092958158  0.1278909773  0.0052366548
O   3.8276337154  1.1937151324  -0.0206583357
C   1.9010774949  -0.4130380901  -0.0045198773
C   -0.5770147077  1.1201851466  -0.0023186525
C   -3.0488393917  -0.4248754997  0.0015821978
F   -4.9815917780  1.1652346725  0.0117263959
F   -3.2140404970  -1.8652547424  -2.0347664789
F   -3.1991286541  -1.8733816247  2.0334970928
F   -0.6081393486  2.5872155230  2.0553676363
F   -0.6136615960  2.5880018735  -2.0587731980
F   1.9168153829  -1.9646900525  -2.0293104999
F   1.9330455118  -1.9413794466  2.0372916251
H   7.5762728350  1.7274619766  -0.0689346695
H   6.6084978867  -0.9310884237  1.7329707421
H   6.5873531008  -1.0687856420  -1.6339444857
momentum
12.160567622401866  2.747589761255106  -28.349414851310097
22.83277387076384  22.48523756802029  -44.97941390367538
49.774537077693914  73.94339302960513  8.67709201038028
16.0956569163029  -19.559607379384758  -1.624571815443715
-17.70721758781397  24.226110595710395  -28.176332179039846
-67.37115348445964  28.889778802196435  -1.250533792535239
-2.162273447909507  -28.518386921641845  45.279159048134574
20.488235039346684  -38.13436573296851  -27.745523968322807
-15.461168574514184  26.69674166006086  -23.075260705663926
15.175415069253233  -17.181088021120594  48.811823609900785
8.417548002153637  9.949111839266871  30.888392829156622
-48.07496061072339  -63.99726447117296  8.94240447174399
5.701435998792992  7.001172456598434  16.422201011224182
-0.9594083728655226  -8.203771509335434  -4.089599378156211
1.2154577854279962  -19.55441167760265  0.2671457353664661
