C   6.3092958158  0.1278909773  0.0052366548
O   3.8276337154  1.1937151324  -0.0206583357
C   1.9010774949  -0.4130380901  -0.0045198773
C   -0.5770147077  1.1201851466  -0.0023186525
C   -3.0488393917  -0.4248754997  0.0015821978
F   -4.9815917780  1.1652346725  0.0117263959
F   -3.2140404970  -1.8652547424  -2.0347664789
F   -3.1991286541  -1.8733816247  2.0334970928
F   -0.6081393486  2.5872155230  2.0553676363
F   -0.6136615960  2.5880018735  -2.0587731980
F   1.9168153829  -1.9646900525  -2.0293104999
F   1.9330455118  -1.9413794466  2.0372916251
H   7.5762728350  1.7274619766  -0.0689346695
H   6.6084978867  -0.9310884237  1.7329707421
H   6.5873531008  -1.0687856420  -1.6339444857
momentum
10.83517993042599  -45.05820472557702  50.22340005202618
42.55161398391647  62.888454436442075  -36.51837976325549
40.67843165628756  -5.278236370925937  -22.654757003404118
28.952436186649372  -38.171596216979005  15.096349375713045
-39.929167949566754  -17.3361375130569  46.43059631057699
-24.0987650420972  0.8311951967331389  8.332592666303167
-37.40490327619571  16.594174213876283  -23.887121881203427
25.994036641800378  -0.5459697581078297  -36.38328249530793
-29.872996876139187  49.39137228013227  -30.664987030336917
-15.0817648905571  25.35276774013106  9.865817864701521
-0.37049067302727984  -21.84375729891934  40.10896397380606
11.919999603014423  -44.58900725090217  -0.7337671338056938
-10.283480432358601  12.896392938315836  -3.566869408874491
-10.491604550648319  4.235496489443575  -5.6912257116005325
6.398114091958679  0.9345737883620102  -9.624716659644415
