C   6.3092958158  0.1278909773  0.0052366548
O   3.8276337154  1.1937151324  -0.0206583357
C   1.9010774949  -0.4130380901  -0.0045198773
C   -0.5770147077  1.1201851466  -0.0023186525
C   -3.0488393917  -0.4248754997  0.0015821978
F   -4.9815917780  1.1652346725  0.0117263959
F   -3.2140404970  -1.8652547424  -2.0347664789
F   -3.1991286541  -1.8733816247  2.0334970928
F   -0.6081393486  2.5872155230  2.0553676363
F   -0.6136615960  2.5880018735  -2.0587731980
F   1.9168153829  -1.9646900525  -2.0293104999
F   1.9330455118  -1.9413794466  2.0372916251
H   7.5762728350  1.7274619766  -0.0689346695
H   6.6084978867  -0.9310884237  1.7329707421
H   6.5873531008  -1.0687856420  -1.6339444857
momentum
-24.26722244477595  -27.99589603693159  12.974367342373693
-10.622637475761763  -19.482021145380354  -53.2765700852965
19.846321651742453  42.45440124374048  35.102392193462634
-5.433794865974028  18.275958329862345  -8.786155324052269
13.606734023313525  -19.870517226745633  -13.325266528054952
-35.230655745728676  -0.0029863921512753434  23.27750959261698
20.20057998316831  7.178393106473414  -9.156867293318154
29.66143844236972  -17.703110277247198  -5.036005269955584
15.86034891319771  5.975557158181042  26.327406785622824
9.093423983643582  -19.826629372472976  -10.738522754510196
8.491022154226213  9.817500735652212  -46.957313453601984
-54.51259626853573  17.023266393308212  48.799982572615455
10.753026129135007  0.9159944974383741  -0.721771519041798
6.612567638175823  -1.6856206629310722  -3.154361587006071
-4.203608468902265  4.3556032612889775  4.99673117848057
