C   6.3092958158  0.1278909773  0.0052366548
O   3.8276337154  1.1937151324  -0.0206583357
C   1.9010774949  -0.4130380901  -0.0045198773
C   -0.5770147077  1.1201851466  -0.0023186525
C   -3.0488393917  -0.4248754997  0.0015821978
F   -4.9815917780  1.1652346725  0.0117263959
F   -3.2140404970  -1.8652547424  -2.0347664789
F   -3.1991286541  -1.8733816247  2.0334970928
F   -0.6081393486  2.5872155230  2.0553676363
F   -0.6136615960  2.5880018735  -2.0587731980
F   1.9168153829  -1.9646900525  -2.0293104999
F   1.9330455118  -1.9413794466  2.0372916251
H   7.5762728350  1.7274619766  -0.0689346695
H   6.6084978867  -0.9310884237  1.7329707421
H   6.5873531008  -1.0687856420  -1.6339444857
momentum
-19.27205111615795  13.747839977831182  38.232180227413046
-3.521176418676246  -42.27936550337894  15.002518259074575
12.259895703624831  22.41236037493512  -28.422835461360222
-6.581319769427486  9.924599350163412  -7.377867332086493
-32.35752464908421  -11.609663923822632  32.54058645141532
29.327350262306457  37.16703229589175  17.9069429527678
-28.349872074811007  5.618289756473992  30.36598816889695
18.20599605685798  -63.80750643892848  12.976521863848095
-8.107418059166163  13.402924469899935  -76.56404421842642
23.196181224279435  -3.71288802574035  7.9737175049974125
30.706518606161875  7.4484105680210755  -54.10013158477124
-18.65007762544853  6.93220522261243  5.602377667282099
-0.7538249327015621  5.8420991918757705  4.884359134307617
-3.146883454657395  -5.087643229451522  6.246189093085388
6.777398253594613  3.7900283794006686  -5.373551841591395
