C   6.3092958158  0.1278909773  0.0052366548
O   3.8276337154  1.1937151324  -0.0206583357
C   1.9010774949  -0.4130380901  -0.0045198773
C   -0.5770147077  1.1201851466  -0.0023186525
C   -3.0488393917  -0.4248754997  0.0015821978
F   -4.9815917780  1.1652346725  0.0117263959
F   -3.2140404970  -1.8652547424  -2.0347664789
F   -3.1991286541  -1.8733816247  2.0334970928
F   -0.6081393486  2.5872155230  2.0553676363
F   -0.6136615960  2.5880018735  -2.0587731980
F   1.9168153829  -1.9646900525  -2.0293104999
F   1.9330455118  -1.9413794466  2.0372916251
H   7.5762728350  1.7274619766  -0.0689346695
H   6.6084978867  -0.9310884237  1.7329707421
H   6.5873531008  -1.0687856420  -1.6339444857
momentum
-22.855465579954547  -41.006982079652985  -8.424663930843202
1.3524987454340027  12.686333630416003  28.74944132381282
-44.03124017113235  40.81985706784132  18.469783541347628
19.709736177578673  -14.711241899256251  -27.265807371683
37.30297306642115  -7.948204205372591  8.827636852844904
13.771081460754502  1.2896356076009832  -48.72969252396811
-21.308465294436  -28.05446615305067  41.730605929281765
89.08532847268829  13.131029099455542  -19.19932127959969
-27.03246353221817  13.282397746681426  48.08625448996898
5.338115506345272  -0.515673243478194  42.94838436156821
9.909532333587263  -27.909495847162276  7.805116468189631
-56.571334508526455  44.71380175081451  -90.99073997517243
-11.158308276276774  -8.360195752278367  -10.66311346392228
-0.7479186997943478  2.559119558254507  3.506004763126016
7.316080391787077  -0.05786339500590686  4.964798168580638
