C   6.3092958158  0.1278909773  0.0052366548
O   3.8276337154  1.1937151324  -0.0206583357
C   1.9010774949  -0.4130380901  -0.0045198773
C   -0.5770147077  1.1201851466  -0.0023186525
C   -3.0488393917  -0.4248754997  0.0015821978
F   -4.9815917780  1.1652346725  0.0117263959
F   -3.2140404970  -1.8652547424  -2.0347664789
F   -3.1991286541  -1.8733816247  2.0334970928
F   -0.6081393486  2.5872155230  2.0553676363
F   -0.6136615960  2.5880018735  -2.0587731980
F   1.9168153829  -1.9646900525  -2.0293104999
F   1.9330455118  -1.9413794466  2.0372916251
H   7.5762728350  1.7274619766  -0.0689346695
H   6.6084978867  -0.9310884237  1.7329707421
H   6.5873531008  -1.0687856420  -1.6339444857
momentum
-9.369424893714948  -12.842533854980873  10.14019562588541
15.824449832646119  -32.418177088273225  -34.27134934109336
20.044056382140994  0.5373269905060222  39.70716297734344
11.11022388668338  -17.06956497937303  1.8650026698633875
36.75101368618927  -8.06360343013369  -36.31433211218083
21.888694874916414  -7.620595326331799  44.00782720115814
-28.84612203466224  10.159822588145714  -5.799700136273529
8.255548587124045  29.360351363139745  -22.859056518346314
-24.772710432715964  12.698735835142717  4.781578571785843
-44.035383341012306  10.668908958290624  -42.71522156067148
14.16506539100905  28.268192181485208  39.06635823644165
-11.756234981956926  -41.87771476063486  13.781877278632457
2.2567355490427463  10.348914117312358  7.626379261216978
-9.499448810617977  8.55189558587919  0.9068323529928686
-2.3031802527449354  9.612447354503558  -19.644244072148073
