C   6.3092958158  0.1278909773  0.0052366548
O   3.8276337154  1.1937151324  -0.0206583357
C   1.9010774949  -0.4130380901  -0.0045198773
C   -0.5770147077  1.1201851466  -0.0023186525
C   -3.0488393917  -0.4248754997  0.0015821978
F   -4.9815917780  1.1652346725  0.0117263959
F   -3.2140404970  -1.8652547424  -2.0347664789
F   -3.1991286541  -1.8733816247  2.0334970928
F   -0.6081393486  2.5872155230  2.0553676363
F   -0.6136615960  2.5880018735  -2.0587731980
F   1.9168153829  -1.9646900525  -2.0293104999
F   1.9330455118  -1.9413794466  2.0372916251
H   7.5762728350  1.7274619766  -0.0689346695
H   6.6084978867  -0.9310884237  1.7329707421
H   6.5873531008  -1.0687856420  -1.6339444857
momentum
-20.546852747776857  2.4882568853371883  34.14915948105406
-3.596956718889029  31.59551253430898  -9.349110130661538
17.477622978211645  -1.1543509418536537  -24.960275813685758
-24.182288235661257  -24.503338233496226  -4.5840885549550165
-17.487111998655763  24.504159028559652  5.620625534874609
42.63969039666757  -9.038614532554679  -2.0221623952939787
-15.972914956247605  18.409764874858094  12.10283937103851
17.765654311944242  23.58858821755697  6.025198750334035
36.165449666682505  -21.6505567550949  -1.4887227809727774
-33.355023290617275  -26.708391406151332  4.579141130191131
17.333217105334416  -26.284174203313242  30.62980980090437
-15.929330658695589  4.083409557224331  -72.96146864258503
0.8500638630126178  15.09492678323204  13.447046826384877
-1.0256039792813274  -9.43484064554453  10.561696673703544
-0.34395787921127025  -0.5885420196147472  -2.3555548796590884
