C   6.3092958158  0.1278909773  0.0052366548
O   3.8276337154  1.1937151324  -0.0206583357
C   1.9010774949  -0.4130380901  -0.0045198773
C   -0.5770147077  1.1201851466  -0.0023186525
C   -3.0488393917  -0.4248754997  0.0015821978
F   -4.9815917780  1.1652346725  0.0117263959
F   -3.2140404970  -1.8652547424  -2.0347664789
F   -3.1991286541  -1.8733816247  2.0334970928
F   -0.6081393486  2.5872155230  2.0553676363
F   -0.6136615960  2.5880018735  -2.0587731980
F   1.9168153829  -1.9646900525  -2.0293104999
F   1.9330455118  -1.9413794466  2.0372916251
H   7.5762728350  1.7274619766  -0.0689346695
H   6.6084978867  -0.9310884237  1.7329707421
H   6.5873531008  -1.0687856420  -1.6339444857
momentum
-6.12587893179675  -4.757788315933884  2.853585853571856
-3.685302680717072  1.8172619768043365  -27.326915826098613
-6.478402638657399  3.929449101993756  -17.0113156409354
26.966962521139962  -36.20054772553577  66.80338532253197
-41.738683998132736  -4.6547966183358565  -32.81306184989228
5.442594320727513  -68.23213028335259  2.262643416150375
-22.75377127139726  -31.19391472715391  11.680589674050333
43.45379678913814  30.802141527159463  -19.63523641722745
41.73695301751667  25.748431845700033  9.546099719742374
19.430207376091136  69.53730118839486  13.42908617320483
-19.977351023776148  -42.84591009228966  -20.059413727965907
-50.62536201942422  56.496753309657784  -27.080840888287977
10.783809462361454  -3.3716592809485175  21.255907018682453
1.34568355836727  6.375941712662148  7.767998174950754
1.9894485134631792  -3.0694342424033323  7.4801255577994565
