C   6.3092958158  0.1278909773  0.0052366548
O   3.8276337154  1.1937151324  -0.0206583357
C   1.9010774949  -0.4130380901  -0.0045198773
C   -0.5770147077  1.1201851466  -0.0023186525
C   -3.0488393917  -0.4248754997  0.0015821978
F   -4.9815917780  1.1652346725  0.0117263959
F   -3.2140404970  -1.8652547424  -2.0347664789
F   -3.1991286541  -1.8733816247  2.0334970928
F   -0.6081393486  2.5872155230  2.0553676363
F   -0.6136615960  2.5880018735  -2.0587731980
F   1.9168153829  -1.9646900525  -2.0293104999
F   1.9330455118  -1.9413794466  2.0372916251
H   7.5762728350  1.7274619766  -0.0689346695
H   6.6084978867  -0.9310884237  1.7329707421
H   6.5873531008  -1.0687856420  -1.6339444857
momentum
-2.911137461070371  -9.076520353024842  -23.856022511475086
16.869836229179693  -4.494390388779848  7.813161859943199
-14.939803072881304  31.364982879546414  -25.433343874562162
32.541746805256196  -61.31749715783893  13.382496678111734
-25.84145941644793  1.0511119594954235  -42.930278186696725
9.774685544684859  -33.754883087386055  -2.901031395764163
-61.430563890244215  -28.54253600159292  -2.7278034968021987
23.687884562064006  43.31034653827909  -33.29995670121463
31.207719875618263  70.69019841467409  33.780952601762905
-20.10168140556435  -38.38657476517525  34.86570795238417
-10.136173813945293  24.22063966444431  -10.564098550022344
2.2921052377169295  2.0912476745152273  17.478898813838118
7.650156850695184  12.28559762760303  17.76131418897607
4.756047756721785  -13.712796370752427  3.8297760012709947
5.896809892635565  4.6677701547187604  12.594183391317149
