C   6.3092958158  0.1278909773  0.0052366548
O   3.8276337154  1.1937151324  -0.0206583357
C   1.9010774949  -0.4130380901  -0.0045198773
C   -0.5770147077  1.1201851466  -0.0023186525
C   -3.0488393917  -0.4248754997  0.0015821978
F   -4.9815917780  1.1652346725  0.0117263959
F   -3.2140404970  -1.8652547424  -2.0347664789
F   -3.1991286541  -1.8733816247  2.0334970928
F   -0.6081393486  2.5872155230  2.0553676363
F   -0.6136615960  2.5880018735  -2.0587731980
F   1.9168153829  -1.9646900525  -2.0293104999
F   1.9330455118  -1.9413794466  2.0372916251
H   7.5762728350  1.7274619766  -0.0689346695
H   6.6084978867  -0.9310884237  1.7329707421
H   6.5873531008  -1.0687856420  -1.6339444857
momentum
38.78954386260097  10.311599436213964  -13.119292262269619
-7.930477787407204  28.21826259625195  10.995837950248358
33.96393780792428  -7.864533376650348  25.47002572367296
23.724915993073026  15.26932581022599  -14.993758658911291
-23.554080588766862  50.17342934024076  58.34575296430983
-10.715226927561421  -22.012237404050783  -37.93859523677057
-50.302156397991766  11.674893529144628  -53.495835716038094
-14.31402381623196  20.35739164309737  14.11518714308756
-12.025067510651487  -18.358267336324168  -3.487665461751073
-18.15104685381271  -64.69324523789449  49.21789080952931
33.82038488361404  -16.916798513810697  -32.562427301855095
10.166127681219542  5.027459381424879  -2.1050337544188875
-8.16143952091209  -13.850463430933898  -3.872849936639087
5.9092932882441005  3.3807589896880668  1.4934291224810523
-0.941113645555759  -0.5157219303960808  1.6910062561261456
