C   6.3092958158  0.1278909773  0.0052366548
O   3.8276337154  1.1937151324  -0.0206583357
C   1.9010774949  -0.4130380901  -0.0045198773
C   -0.5770147077  1.1201851466  -0.0023186525
C   -3.0488393917  -0.4248754997  0.0015821978
F   -4.9815917780  1.1652346725  0.0117263959
F   -3.2140404970  -1.8652547424  -2.0347664789
F   -3.1991286541  -1.8733816247  2.0334970928
F   -0.6081393486  2.5872155230  2.0553676363
F   -0.6136615960  2.5880018735  -2.0587731980
F   1.9168153829  -1.9646900525  -2.0293104999
F   1.9330455118  -1.9413794466  2.0372916251
H   7.5762728350  1.7274619766  -0.0689346695
H   6.6084978867  -0.9310884237  1.7329707421
H   6.5873531008  -1.0687856420  -1.6339444857
momentum
40.750162284363896  2.046705215806871  4.236468249136948
2.1791009665597607  8.817201264639335  -22.362070249614447
28.350848407377327  -19.83379251167568  1.1197349489410808
-32.59147029411597  66.52660516891147  -7.200952264592412
21.603122433931784  14.057863824933193  44.922514120657816
-12.09500562347642  23.828375076592344  -6.155047260204595
-27.481685395341394  -26.75325316172223  -18.064408246682017
-25.075447084161596  -10.684934985375882  -20.726668317510068
-40.430019824555366  4.7705316529811945  -0.09941775758752902
-37.64951626136177  -2.7469979130938813  17.72253144044602
30.847781026214623  -29.60825516715602  -1.31914458964867
19.71675079066699  -12.264528001317705  -0.28623976606503826
9.966712332141613  3.586785089028583  4.454464650529275
21.04982332617816  -16.56546010619132  2.4856973858843516
0.9357808340176065  -5.278278433030105  1.4272188845468736
