C   6.3092958158  0.1278909773  0.0052366548
O   3.8276337154  1.1937151324  -0.0206583357
C   1.9010774949  -0.4130380901  -0.0045198773
C   -0.5770147077  1.1201851466  -0.0023186525
C   -3.0488393917  -0.4248754997  0.0015821978
F   -4.9815917780  1.1652346725  0.0117263959
F   -3.2140404970  -1.8652547424  -2.0347664789
F   -3.1991286541  -1.8733816247  2.0334970928
F   -0.6081393486  2.5872155230  2.0553676363
F   -0.6136615960  2.5880018735  -2.0587731980
F   1.9168153829  -1.9646900525  -2.0293104999
F   1.9330455118  -1.9413794466  2.0372916251
H   7.5762728350  1.7274619766  -0.0689346695
H   6.6084978867  -0.9310884237  1.7329707421
H   6.5873531008  -1.0687856420  -1.6339444857
momentum
19.44401638189  6.929782094990629  -3.655154975534847
-6.350967651884632  -29.990040818240036  16.314846337258874
11.843618662276176  50.62599106304921  35.778974939216155
-22.443739471353215  4.182301669239267  -3.252885391236221
-2.649099318533863  -30.066674976830303  23.59871088714975
2.3569534638542793  45.815608060928945  13.084341685934305
44.2221091539513  -23.460398328967695  -3.935421194749692
-13.216587148811424  -2.3751690050433316  -4.6446211352397935
-25.683491632363236  -16.84823304491253  -0.787566689719715
22.657387497242656  -4.8989296563582005  -5.120690291621773
-39.027118051210515  -27.029588334848928  -34.79308948545604
13.176223304848577  31.87821632020874  -27.76258329356759
0.04308911855677635  -3.3245794966300397  -1.1100573048569464
-13.051000297558067  -3.213616561274308  -1.8823141827763261
8.863724118761306  1.924156725187693  -1.3288614296326067
