C   6.3092958158  0.1278909773  0.0052366548
O   3.8276337154  1.1937151324  -0.0206583357
C   1.9010774949  -0.4130380901  -0.0045198773
C   -0.5770147077  1.1201851466  -0.0023186525
C   -3.0488393917  -0.4248754997  0.0015821978
F   -4.9815917780  1.1652346725  0.0117263959
F   -3.2140404970  -1.8652547424  -2.0347664789
F   -3.1991286541  -1.8733816247  2.0334970928
F   -0.6081393486  2.5872155230  2.0553676363
F   -0.6136615960  2.5880018735  -2.0587731980
F   1.9168153829  -1.9646900525  -2.0293104999
F   1.9330455118  -1.9413794466  2.0372916251
H   7.5762728350  1.7274619766  -0.0689346695
H   6.6084978867  -0.9310884237  1.7329707421
H   6.5873531008  -1.0687856420  -1.6339444857
momentum
-7.358509218852074  -27.151083626670577  34.643357146618726
-55.82965446880678  18.597706039111884  -31.005429707505883
4.118096887899941  20.463498335902358  -34.82422681162591
0.4293531625177542  21.355215611248834  37.79514079470097
-24.07728840089123  -36.97295571822292  -28.101058772374945
9.42756304972648  40.19490744737258  4.100881484670799
33.313437312202424  -31.195763106128375  59.79042946778669
27.328068981120012  30.398107559452555  -43.69008663904625
21.982588527169916  -6.2457278256299915  58.117514529116924
-32.91722188573777  43.49553039484556  -48.282141939434766
11.685643668939077  -56.55338843050936  -40.18228413225737
12.148816680107577  -31.375063313961192  10.731283870734087
-3.131009663985734  9.123585545066206  8.636777142367947
1.666898226231257  10.232198065297123  6.647105823102118
1.2458274693529094  -4.85471620995902  4.800059057455322
