C   6.3092958158  0.1278909773  0.0052366548
O   3.8276337154  1.1937151324  -0.0206583357
C   1.9010774949  -0.4130380901  -0.0045198773
C   -0.5770147077  1.1201851466  -0.0023186525
C   -3.0488393917  -0.4248754997  0.0015821978
F   -4.9815917780  1.1652346725  0.0117263959
F   -3.2140404970  -1.8652547424  -2.0347664789
F   -3.1991286541  -1.8733816247  2.0334970928
F   -0.6081393486  2.5872155230  2.0553676363
F   -0.6136615960  2.5880018735  -2.0587731980
F   1.9168153829  -1.9646900525  -2.0293104999
F   1.9330455118  -1.9413794466  2.0372916251
H   7.5762728350  1.7274619766  -0.0689346695
H   6.6084978867  -0.9310884237  1.7329707421
H   6.5873531008  -1.0687856420  -1.6339444857
momentum
-52.07505140943004  23.178504737560065  -18.392991610404444
39.16615228518189  -39.397927167226406  11.534982746282141
-43.73430757115793  -17.486439391254013  -17.38020147089214
-27.776137236206164  12.867676740689856  43.752939126126726
-1.1525163616701937  39.426715436633884  -2.2216577374138975
-36.831153115161634  54.45023231771994  5.718523593385309
25.477125384589456  2.411964823793209  35.600400970402916
-11.925810948849751  1.899290328190932  -32.03135366627014
-32.02403146424707  -30.576307345241556  -1.920420107816113
31.16834120188536  -89.92816540285686  -8.377269075139775
51.91436759898032  29.119426643965728  -14.062401811675137
67.60565215083858  13.329211596934227  -4.196908954704481
-9.0811322516865  -2.3205147538699555  9.58353032059279
0.9003368223117241  4.771901384464658  2.4240242353063532
-1.06901832556261  -1.796031112330812  -10.033912597916613
