C   6.3092958158  0.1278909773  0.0052366548
O   3.8276337154  1.1937151324  -0.0206583357
C   1.9010774949  -0.4130380901  -0.0045198773
C   -0.5770147077  1.1201851466  -0.0023186525
C   -3.0488393917  -0.4248754997  0.0015821978
F   -4.9815917780  1.1652346725  0.0117263959
F   -3.2140404970  -1.8652547424  -2.0347664789
F   -3.1991286541  -1.8733816247  2.0334970928
F   -0.6081393486  2.5872155230  2.0553676363
F   -0.6136615960  2.5880018735  -2.0587731980
F   1.9168153829  -1.9646900525  -2.0293104999
F   1.9330455118  -1.9413794466  2.0372916251
H   7.5762728350  1.7274619766  -0.0689346695
H   6.6084978867  -0.9310884237  1.7329707421
H   6.5873531008  -1.0687856420  -1.6339444857
momentum
7.7160563118548495  18.19279667189526  -9.188606919899536
50.601494495233844  -6.3391671778473615  -33.15995159363586
12.593632218437223  32.76082820828774  65.66738052722454
14.859302435699393  -10.342090955037088  22.413336461340254
19.59984883117955  29.511407485469864  -3.680536749566779
-30.258363669935182  -10.711572002895325  -18.804333506277967
-7.77783797013154  -44.10841663722017  -34.3905344548022
2.2535619777422244  -7.40401058312404  6.587703516242763
2.5666040664029417  -19.50681065281349  -4.542609561567581
21.833069925525933  35.13341820066994  19.21937748242439
-59.734822946218365  -13.512520915806753  6.773261446061606
-40.88167558221298  -15.19665521598213  -5.7948115177549875
0.2856663969780929  -2.4022621235079185  -12.973333091540468
5.306819647316207  19.000510465203195  1.2431296571310229
1.3363935467976655  -5.391671564861043  0.1029039595487658
