C   6.3092958158  0.1278909773  0.0052366548
O   3.8276337154  1.1937151324  -0.0206583357
C   1.9010774949  -0.4130380901  -0.0045198773
C   -0.5770147077  1.1201851466  -0.0023186525
C   -3.0488393917  -0.4248754997  0.0015821978
F   -4.9815917780  1.1652346725  0.0117263959
F   -3.2140404970  -1.8652547424  -2.0347664789
F   -3.1991286541  -1.8733816247  2.0334970928
F   -0.6081393486  2.5872155230  2.0553676363
F   -0.6136615960  2.5880018735  -2.0587731980
F   1.9168153829  -1.9646900525  -2.0293104999
F   1.9330455118  -1.9413794466  2.0372916251
H   7.5762728350  1.7274619766  -0.0689346695
H   6.6084978867  -0.9310884237  1.7329707421
H   6.5873531008  -1.0687856420  -1.6339444857
momentum
-17.6669330486669  0.10891992815914338  2.9538612738782026
1.6547080427319174  20.160741394037824  14.902877338141584
-23.100403755664463  8.95605471729801  -15.46471387388713
10.05365212154004  -14.661498419235448  -6.990761680345795
-27.256693993670964  -36.87592087898744  14.08047165573168
-7.427945429637414  58.385785621601265  -1.8119993197796298
15.626937531125009  -9.3023881937843  0.6838314958549663
-7.655013723291677  -21.90258335975093  -8.746160940861058
51.62596899037151  7.81377365863288  -38.53061185142567
-42.60782501697673  15.596249005310996  18.739053145736708
4.924797438818993  -15.209454635949061  -9.36327769401744
17.768412304451996  -17.38152711043171  14.763195026240577
1.970488000900074  -6.869692988853419  2.8696798616861336
8.31612093866979  5.900395016521399  5.723302007126298
13.665183199897593  5.106489073701354  5.819233533987438
