C   6.3092958158  0.1278909773  0.0052366548
O   3.8276337154  1.1937151324  -0.0206583357
C   1.9010774949  -0.4130380901  -0.0045198773
C   -0.5770147077  1.1201851466  -0.0023186525
C   -3.0488393917  -0.4248754997  0.0015821978
F   -4.9815917780  1.1652346725  0.0117263959
F   -3.2140404970  -1.8652547424  -2.0347664789
F   -3.1991286541  -1.8733816247  2.0334970928
F   -0.6081393486  2.5872155230  2.0553676363
F   -0.6136615960  2.5880018735  -2.0587731980
F   1.9168153829  -1.9646900525  -2.0293104999
F   1.9330455118  -1.9413794466  2.0372916251
H   7.5762728350  1.7274619766  -0.0689346695
H   6.6084978867  -0.9310884237  1.7329707421
H   6.5873531008  -1.0687856420  -1.6339444857
momentum
12.705184719026013  17.112133355978916  4.894213873437926
10.392002741783037  -19.119064059160095  6.6861464932986765
-25.632876521330587  36.754993710413444  -13.567622910332037
-11.307670129873719  24.313712633178664  0.48317844653551517
8.983510028272805  2.0639942139299587  40.169988681297305
-18.321497560533157  -51.57378888388881  -17.76256777966556
10.706210122377872  33.00158291095255  41.94780011038469
26.109246137489738  76.62174971767926  -48.595934839492564
34.192808866270255  -75.90950395834572  -10.96028276501085
-18.17838900579745  -1.198477683703863  -15.336120337128266
-14.082423981406428  -22.820343210104863  45.42079378064374
-22.213322482597835  -29.514973805625125  -40.242175890178494
-3.182572453835331  8.901109435129474  2.986807993163146
-4.280680563483546  -1.835058211627993  -5.307983380223395
14.203400555599343  3.177758791146622  9.325667917404985
