C   6.3092958158  0.1278909773  0.0052366548
O   3.8276337154  1.1937151324  -0.0206583357
C   1.9010774949  -0.4130380901  -0.0045198773
C   -0.5770147077  1.1201851466  -0.0023186525
C   -3.0488393917  -0.4248754997  0.0015821978
F   -4.9815917780  1.1652346725  0.0117263959
F   -3.2140404970  -1.8652547424  -2.0347664789
F   -3.1991286541  -1.8733816247  2.0334970928
F   -0.6081393486  2.5872155230  2.0553676363
F   -0.6136615960  2.5880018735  -2.0587731980
F   1.9168153829  -1.9646900525  -2.0293104999
F   1.9330455118  -1.9413794466  2.0372916251
H   7.5762728350  1.7274619766  -0.0689346695
H   6.6084978867  -0.9310884237  1.7329707421
H   6.5873531008  -1.0687856420  -1.6339444857
momentum
20.03890313669458  28.289181914744194  39.26254609648852
-62.05824272677788  -5.284424904173476  -28.52819065180783
13.76587688576565  17.871318499818226  -5.680776371549668
5.817336047537113  -8.3827084865377  -21.99607370629769
-11.477020314488556  13.70875699611484  0.08661489788053509
-4.219520378606032  19.48644048239636  -19.542490756107327
-26.624624333377927  2.321912904155357  50.8526316630289
-2.5057003022700406  -1.5684705308507187  -25.268507164433775
-32.349557260635095  -21.996776017981723  22.23934823794271
47.90691965530639  -29.20206085845203  55.41090006525106
14.24550079942292  -42.37654890402731  -17.33400204153718
25.414029343032695  45.840237117638715  -32.8832351687613
13.424376601030595  1.1752756517320853  0.6961999332219185
-1.7949130552177062  -8.133225761069708  -17.401597738043517
0.6513718070993542  -11.894869798415192  0.6500045666983355
