C   6.3092958158  0.1278909773  0.0052366548
O   3.8276337154  1.1937151324  -0.0206583357
C   1.9010774949  -0.4130380901  -0.0045198773
C   -0.5770147077  1.1201851466  -0.0023186525
C   -3.0488393917  -0.4248754997  0.0015821978
F   -4.9815917780  1.1652346725  0.0117263959
F   -3.2140404970  -1.8652547424  -2.0347664789
F   -3.1991286541  -1.8733816247  2.0334970928
F   -0.6081393486  2.5872155230  2.0553676363
F   -0.6136615960  2.5880018735  -2.0587731980
F   1.9168153829  -1.9646900525  -2.0293104999
F   1.9330455118  -1.9413794466  2.0372916251
H   7.5762728350  1.7274619766  -0.0689346695
H   6.6084978867  -0.9310884237  1.7329707421
H   6.5873531008  -1.0687856420  -1.6339444857
momentum
-29.56879921372972  4.485251440824134  -19.91822937209712
-17.992902217161095  56.61806559067662  15.592925009527187
4.897788549638648  -5.158696214797958  -22.547649237264025
22.52361473951602  16.67980706204724  -9.37292370206031
-1.925861598081401  19.781759906552622  -36.900587085440776
33.20803239583181  -14.972907650229635  -2.4526314268335176
-3.057249216951851  18.427453377999075  -13.266998042718699
-30.12271030839391  -31.689493064062596  40.92121950870145
19.26122353955085  -17.678340585365262  -20.15876971831659
2.946240342630137  -12.962171910818784  35.19374730736103
11.801069886262836  -10.16567097186622  27.450665336444693
-6.457954996784074  -8.557279662836939  13.059589639705054
3.3136694396259405  -4.392661257145691  -14.4415158806053
-6.005444635818868  -1.0087217043281167  4.835728055939346
-2.5234851171125503  -9.327328237884318  1.7825154709415223
