C   6.3092958158  0.1278909773  0.0052366548
O   3.8276337154  1.1937151324  -0.0206583357
C   1.9010774949  -0.4130380901  -0.0045198773
C   -0.5770147077  1.1201851466  -0.0023186525
C   -3.0488393917  -0.4248754997  0.0015821978
F   -4.9815917780  1.1652346725  0.0117263959
F   -3.2140404970  -1.8652547424  -2.0347664789
F   -3.1991286541  -1.8733816247  2.0334970928
F   -0.6081393486  2.5872155230  2.0553676363
F   -0.6136615960  2.5880018735  -2.0587731980
F   1.9168153829  -1.9646900525  -2.0293104999
F   1.9330455118  -1.9413794466  2.0372916251
H   7.5762728350  1.7274619766  -0.0689346695
H   6.6084978867  -0.9310884237  1.7329707421
H   6.5873531008  -1.0687856420  -1.6339444857
momentum
-0.4710218607102208  -4.741459977745927  -8.162478418952274
38.634819364227795  -27.08493727243354  -19.29655713147285
-26.3192107506752  11.358147417579561  8.01317561584925
-56.70889269197092  -28.08053100710435  49.00579231829371
31.783684591268404  30.40074600378165  31.064685045358054
24.04667007899154  -20.385429728961068  -17.293415685489858
-0.18055781545374705  -16.426140623302775  -44.143694215001574
36.938303771936326  8.569064912676959  -14.393128391922604
-7.79259407089157  10.128643577527374  49.11538146755029
-13.849221853842781  15.6450064270702  -54.601955681147565
-40.056962742087855  2.237904885329374  -8.55461747612315
5.190519797616046  17.01823415738784  12.433311547747117
7.352826380896888  -5.711526240243266  5.9827318501914775
-2.045732734905276  6.219687776565396  -3.257367339549571
3.5710939883484305  0.6566158461265422  13.857876925369125
