C   6.3092958158  0.1278909773  0.0052366548
O   3.8276337154  1.1937151324  -0.0206583357
C   1.9010774949  -0.4130380901  -0.0045198773
C   -0.5770147077  1.1201851466  -0.0023186525
C   -3.0488393917  -0.4248754997  0.0015821978
F   -4.9815917780  1.1652346725  0.0117263959
F   -3.2140404970  -1.8652547424  -2.0347664789
F   -3.1991286541  -1.8733816247  2.0334970928
F   -0.6081393486  2.5872155230  2.0553676363
F   -0.6136615960  2.5880018735  -2.0587731980
F   1.9168153829  -1.9646900525  -2.0293104999
F   1.9330455118  -1.9413794466  2.0372916251
H   7.5762728350  1.7274619766  -0.0689346695
H   6.6084978867  -0.9310884237  1.7329707421
H   6.5873531008  -1.0687856420  -1.6339444857
momentum
-10.10858465173659  -4.569367544612347  -20.708211948280073
-9.885341495071533  -7.758870977111034  -3.4726850483512988
35.5789967954694  25.061068446760004  44.22602394588676
2.965149647480328  -9.783623875844668  -0.9172785719451281
0.5005227530602423  32.29218367172802  -12.501313998218263
65.8814801057778  -17.831908263579372  7.776099312667499
25.56945802085966  -19.021182763166564  -24.125026683094863
19.678619969502755  16.01196866733808  19.36963449478673
-40.88984851040974  18.39658354416792  -22.24091229986026
-49.29692723011289  43.642856750149434  26.162325995276888
-12.842349867257074  -40.55752760327216  2.686049694630181
-33.350704937047745  -39.23427768332685  -18.75716761831923
4.666363282596205  5.3996304083709505  2.6694874729041453
-6.064294347857747  5.89685777291325  -7.433183814302125
7.603151525376372  -7.637143672572162  7.100026270863802
