C   6.3092958158  0.1278909773  0.0052366548
O   3.8276337154  1.1937151324  -0.0206583357
C   1.9010774949  -0.4130380901  -0.0045198773
C   -0.5770147077  1.1201851466  -0.0023186525
C   -3.0488393917  -0.4248754997  0.0015821978
F   -4.9815917780  1.1652346725  0.0117263959
F   -3.2140404970  -1.8652547424  -2.0347664789
F   -3.1991286541  -1.8733816247  2.0334970928
F   -0.6081393486  2.5872155230  2.0553676363
F   -0.6136615960  2.5880018735  -2.0587731980
F   1.9168153829  -1.9646900525  -2.0293104999
F   1.9330455118  -1.9413794466  2.0372916251
H   7.5762728350  1.7274619766  -0.0689346695
H   6.6084978867  -0.9310884237  1.7329707421
H   6.5873531008  -1.0687856420  -1.6339444857
momentum
15.851895568530583  -31.210486794467393  -14.136716060492422
7.609307832347738  -51.41023064702781  28.36481870217448
-37.02873250927484  30.19427779391152  44.92026056326883
55.017619869805664  -4.0673810534758905  -37.45914700403354
-8.283728378894654  17.828746235858397  31.691543156670175
-29.766079910192055  -15.191634515702887  3.597603801010765
-8.755688025603044  10.365630350178266  -31.96013164792423
17.2207646064599  -20.257255325250476  -10.145271285685615
-11.100969601579843  -5.527054591608707  -44.27956556513481
-24.881363014793095  -4.632455084721681  36.5115894339539
-21.37713847736191  -3.7564935042712317  -19.31290719693463
39.10819575353727  65.46935202524364  3.2971395293563814
8.372268503729043  3.255291487673793  8.94971095053121
-5.356684603208124  1.5231835881165892  -3.28819582646582
2.866186075106754  7.731089431043326  3.3201275312071243
