C   6.3092958158  0.1278909773  0.0052366548
O   3.8276337154  1.1937151324  -0.0206583357
C   1.9010774949  -0.4130380901  -0.0045198773
C   -0.5770147077  1.1201851466  -0.0023186525
C   -3.0488393917  -0.4248754997  0.0015821978
F   -4.9815917780  1.1652346725  0.0117263959
F   -3.2140404970  -1.8652547424  -2.0347664789
F   -3.1991286541  -1.8733816247  2.0334970928
F   -0.6081393486  2.5872155230  2.0553676363
F   -0.6136615960  2.5880018735  -2.0587731980
F   1.9168153829  -1.9646900525  -2.0293104999
F   1.9330455118  -1.9413794466  2.0372916251
H   7.5762728350  1.7274619766  -0.0689346695
H   6.6084978867  -0.9310884237  1.7329707421
H   6.5873531008  -1.0687856420  -1.6339444857
momentum
14.348848902676796  7.184813645433922  -27.21155751285642
23.121726872356582  -32.64016261451075  56.304069339298756
-12.864660245740637  36.075682752498146  47.81161668270748
-12.798695074578406  -49.075794015267  9.969231081062908
-4.625135996331681  26.334004188128063  -43.558398560384
-34.0451971422452  37.437002338973116  -1.4827863510316588
-20.387743353050165  5.636284857821935  -57.99043675455195
21.184853873351067  -6.677910882342177  26.79603340251899
46.07139788353432  35.57925782079253  6.510939744796977
-59.65518717425134  -81.11155464562664  20.40513995014155
11.12885888027722  -17.164135745903668  -0.34279448376709104
10.676773155516441  20.88314277900391  -38.02715356359241
8.727074085842633  3.035923118947212  4.718107251573389
1.621582500081493  5.168322976780626  -3.892776708226142
7.363707260647581  9.569984806693697  0.08185045577813653
