C   6.3092958158  0.1278909773  0.0052366548
O   3.8276337154  1.1937151324  -0.0206583357
C   1.9010774949  -0.4130380901  -0.0045198773
C   -0.5770147077  1.1201851466  -0.0023186525
C   -3.0488393917  -0.4248754997  0.0015821978
F   -4.9815917780  1.1652346725  0.0117263959
F   -3.2140404970  -1.8652547424  -2.0347664789
F   -3.1991286541  -1.8733816247  2.0334970928
F   -0.6081393486  2.5872155230  2.0553676363
F   -0.6136615960  2.5880018735  -2.0587731980
F   1.9168153829  -1.9646900525  -2.0293104999
F   1.9330455118  -1.9413794466  2.0372916251
H   7.5762728350  1.7274619766  -0.0689346695
H   6.6084978867  -0.9310884237  1.7329707421
H   6.5873531008  -1.0687856420  -1.6339444857
momentum
24.07861990606251  24.622509709028513  40.41972303669788
35.883741000332485  -33.23202403990023  -30.42037682783549
4.718871341686621  -20.064673876959038  -61.25158244696183
30.450605447294976  -14.8279810703303  -13.94600071288074
-32.58051063183357  58.66236303162713  8.949766728886948
-8.552089415553295  28.267770299815098  -22.321779241519685
3.43399916077929  -58.51052800519581  14.907638937714763
-36.27935566875133  -21.8759266545099  -12.521855043036709
3.7226741671207493  33.10684995282628  38.415734072411176
4.283931469995856  -66.51885614867113  65.8416088292465
-37.315545860976755  24.60139512214873  -3.9770454020071915
6.3152431198354915  20.900890260111648  -31.408619043134475
-5.774572289836542  4.158493450289492  6.795987294013975
8.672420429693016  15.343749196499768  1.5797811813882576
-1.3181065753719454  4.502181067237761  -1.744359689874371
