C   6.3092958158  0.1278909773  0.0052366548
O   3.8276337154  1.1937151324  -0.0206583357
C   1.9010774949  -0.4130380901  -0.0045198773
C   -0.5770147077  1.1201851466  -0.0023186525
C   -3.0488393917  -0.4248754997  0.0015821978
F   -4.9815917780  1.1652346725  0.0117263959
F   -3.2140404970  -1.8652547424  -2.0347664789
F   -3.1991286541  -1.8733816247  2.0334970928
F   -0.6081393486  2.5872155230  2.0553676363
F   -0.6136615960  2.5880018735  -2.0587731980
F   1.9168153829  -1.9646900525  -2.0293104999
F   1.9330455118  -1.9413794466  2.0372916251
H   7.5762728350  1.7274619766  -0.0689346695
H   6.6084978867  -0.9310884237  1.7329707421
H   6.5873531008  -1.0687856420  -1.6339444857
momentum
-13.568270411473328  17.500923400911816  14.86250928225387
53.46461103717835  -40.89187199607123  26.43523612047493
25.297362995968342  22.86803269590585  2.9244798872789546
-20.8163896983468  59.96859461452307  17.75463502638463
-17.339709582544955  -17.597751855949404  8.604712707092466
5.177684713478154  1.967853971958897  -7.024710840913738
0.6957094730523924  -34.937962054356255  -13.658499580861328
-15.957430606945355  -0.964155569743995  19.498363710791455
-0.6962786915143452  61.43920998129632  7.2217832999704195
-14.719958596605485  -29.547874004430454  -2.304226788260923
-7.1100865463985405  -2.1022953513265232  -34.999095548412235
6.7414739524667695  -37.275877449249634  -34.82454637512676
-5.268496491779793  -1.2085362176328067  4.529057138032407
0.7608214506718047  2.9163254219031867  -5.0739558207133575
3.3933249171634863  -2.7589534090905086  -3.8011728775247446
