C   6.3092958158  0.1278909773  0.0052366548
O   3.8276337154  1.1937151324  -0.0206583357
C   1.9010774949  -0.4130380901  -0.0045198773
C   -0.5770147077  1.1201851466  -0.0023186525
C   -3.0488393917  -0.4248754997  0.0015821978
F   -4.9815917780  1.1652346725  0.0117263959
F   -3.2140404970  -1.8652547424  -2.0347664789
F   -3.1991286541  -1.8733816247  2.0334970928
F   -0.6081393486  2.5872155230  2.0553676363
F   -0.6136615960  2.5880018735  -2.0587731980
F   1.9168153829  -1.9646900525  -2.0293104999
F   1.9330455118  -1.9413794466  2.0372916251
H   7.5762728350  1.7274619766  -0.0689346695
H   6.6084978867  -0.9310884237  1.7329707421
H   6.5873531008  -1.0687856420  -1.6339444857
momentum
22.270661867622046  -27.458901727409646  5.766689213301559
-26.056695257346068  -58.534309658767114  44.51802727107359
24.39737461651324  -23.638903769750023  -17.921482933888807
-19.303846306141825  6.787321756235426  -34.12904714435279
41.30489895506508  -8.33183954325585  10.770487087325055
-8.47588080350013  28.10428175462791  -40.2525041208685
46.22893636640885  -63.52276124609034  35.235137117405756
-87.20364251210023  20.2044742918231  6.683299211688267
0.9280490559467472  24.466922519239954  11.64614977227678
-35.03844212537488  41.94118419641987  33.49443589977485
-55.33683126746455  15.603734340066616  -48.93013597988854
89.56293910650194  5.173774231894491  -10.063742132696914
8.565874253724001  17.354749943786295  1.5561387453319298
0.22306552786379816  14.489359611536026  7.9971723328343005
-2.544133841011546  6.623986456352652  -7.073872633985085
