C   6.3092958158  0.1278909773  0.0052366548
O   3.8276337154  1.1937151324  -0.0206583357
C   1.9010774949  -0.4130380901  -0.0045198773
C   -0.5770147077  1.1201851466  -0.0023186525
C   -3.0488393917  -0.4248754997  0.0015821978
F   -4.9815917780  1.1652346725  0.0117263959
F   -3.2140404970  -1.8652547424  -2.0347664789
F   -3.1991286541  -1.8733816247  2.0334970928
F   -0.6081393486  2.5872155230  2.0553676363
F   -0.6136615960  2.5880018735  -2.0587731980
F   1.9168153829  -1.9646900525  -2.0293104999
F   1.9330455118  -1.9413794466  2.0372916251
H   7.5762728350  1.7274619766  -0.0689346695
H   6.6084978867  -0.9310884237  1.7329707421
H   6.5873531008  -1.0687856420  -1.6339444857
momentum
-25.626319663052705  34.53174014452142  -3.2006126878828884
39.95390850775574  78.46991149322788  -32.198395168859896
-1.489924981060688  -50.273689983744966  -7.520259420120888
-18.922670249830777  -8.904523556124591  4.846395223544232
30.26028305261648  29.562896388259528  3.1737786688596343
-54.101573202304834  -16.9628955726466  18.81979934167981
-2.64401897056665  20.859848431004483  -17.620968021450203
1.2751326230331168  47.13636249873212  -52.4887264462823
21.646359039754756  -20.224317283951446  -23.559207564807625
5.500877688394406  -36.90486933655387  51.7047787312217
-24.50751374334738  -41.346062478197894  62.9726150245124
30.36171626572763  -18.741431300967538  -20.391428912344132
-0.4167747223699345  -5.67444044698817  6.860044549865571
-4.938387777934827  -11.01470153159197  3.6532188399659584
4.342135260715806  0.35813748077474605  5.256607797554423
