C   6.3092958158  0.1278909773  0.0052366548
O   3.8276337154  1.1937151324  -0.0206583357
C   1.9010774949  -0.4130380901  -0.0045198773
C   -0.5770147077  1.1201851466  -0.0023186525
C   -3.0488393917  -0.4248754997  0.0015821978
F   -4.9815917780  1.1652346725  0.0117263959
F   -3.2140404970  -1.8652547424  -2.0347664789
F   -3.1991286541  -1.8733816247  2.0334970928
F   -0.6081393486  2.5872155230  2.0553676363
F   -0.6136615960  2.5880018735  -2.0587731980
F   1.9168153829  -1.9646900525  -2.0293104999
F   1.9330455118  -1.9413794466  2.0372916251
H   7.5762728350  1.7274619766  -0.0689346695
H   6.6084978867  -0.9310884237  1.7329707421
H   6.5873531008  -1.0687856420  -1.6339444857
momentum
-36.37845724953348  10.257704504195498  45.27483805786625
21.407633980960373  6.170728515111177  -34.208943525224264
22.750610044034506  -25.077529693604973  -14.763378246949328
-27.84153851910467  3.8510659161283987  -4.272135586002583
2.506176561235671  -6.812249043067816  25.371620506069753
-6.907344840657025  -26.23294881388222  31.140493884742373
-1.6200551476104266  -3.604994660719128  21.121452376476192
-35.46226763247021  14.080153925101492  17.849549838730788
7.465760996771288  -15.579804011825793  3.5176052431344575
71.75587636094998  9.190985094977881  -39.293187569798995
-11.824008608722743  18.106496969904335  -7.086482499000536
-17.794301582482163  4.139542160467695  -60.28804202093723
-0.5338467096772271  11.923264074569536  5.87953448624408
2.1832896929716656  0.6432084635477328  9.640498845684583
10.233812517916162  -1.417895693679855  -0.24530018038671433
