C   6.3092958158  0.1278909773  0.0052366548
O   3.8276337154  1.1937151324  -0.0206583357
C   1.9010774949  -0.4130380901  -0.0045198773
C   -0.5770147077  1.1201851466  -0.0023186525
C   -3.0488393917  -0.4248754997  0.0015821978
F   -4.9815917780  1.1652346725  0.0117263959
F   -3.2140404970  -1.8652547424  -2.0347664789
F   -3.1991286541  -1.8733816247  2.0334970928
F   -0.6081393486  2.5872155230  2.0553676363
F   -0.6136615960  2.5880018735  -2.0587731980
F   1.9168153829  -1.9646900525  -2.0293104999
F   1.9330455118  -1.9413794466  2.0372916251
H   7.5762728350  1.7274619766  -0.0689346695
H   6.6084978867  -0.9310884237  1.7329707421
H   6.5873531008  -1.0687856420  -1.6339444857
momentum
-6.777824133927039  -15.868463864208492  3.079541887086091
-47.13473763913035  13.229623323282743  24.419797091488427
-52.47562593314782  -56.85164480458468  -15.689404389591896
21.698498600441802  -8.810999430488073  -15.451365794642296
51.18808519213051  0.29080087042714803  67.70562655490039
0.7014786697264244  -26.755487181923595  -47.77448832067591
-33.9691806385461  48.255902364943395  -50.592342037421844
46.35574135505135  -37.145204932645306  4.36321869354604
32.443186735193095  39.82952646052014  -28.68076255633985
-2.724707182200762  -17.077120521374777  44.64851060168409
-2.848841824311219  22.74975275776797  0.30400817945021863
-6.739397742845801  41.30144002666214  21.737385396945534
-2.1492367839864195  -2.553266641124473  -13.090960090061241
4.100863058854854  2.353000256352799  -1.9070280877261128
-1.8199581792698796  -2.8099047412207065  6.959456179910722
