C   6.3092958158  0.1278909773  0.0052366548
O   3.8276337154  1.1937151324  -0.0206583357
C   1.9010774949  -0.4130380901  -0.0045198773
C   -0.5770147077  1.1201851466  -0.0023186525
C   -3.0488393917  -0.4248754997  0.0015821978
F   -4.9815917780  1.1652346725  0.0117263959
F   -3.2140404970  -1.8652547424  -2.0347664789
F   -3.1991286541  -1.8733816247  2.0334970928
F   -0.6081393486  2.5872155230  2.0553676363
F   -0.6136615960  2.5880018735  -2.0587731980
F   1.9168153829  -1.9646900525  -2.0293104999
F   1.9330455118  -1.9413794466  2.0372916251
H   7.5762728350  1.7274619766  -0.0689346695
H   6.6084978867  -0.9310884237  1.7329707421
H   6.5873531008  -1.0687856420  -1.6339444857
momentum
26.98002907837529  27.36042403400946  19.870559513505597
-29.59076321126541  -44.65883646070588  -42.45777456809157
25.312606506549763  14.130829209987485  -3.679733490566128
24.039613832310447  13.266065357666314  14.630770799223255
-20.575549777085435  7.783527403923638  6.535432166647043
-19.179853762973053  -31.197568471259984  -40.04187841397276
8.560976476775469  -15.660402640872729  27.780034764628102
2.0633134246459166  6.146453565631503  -10.136277383078255
31.69186817706534  57.928986482331396  18.470100842791105
5.69309791025703  -10.573851401421894  44.400971876942435
-12.62957545208134  -6.73195130135929  33.62357069007474
-30.627253096477784  -26.672760460004614  -72.98868710084795
1.224966688148174  -0.656091566159621  3.9845691329127195
-11.74852376045654  0.32741609516051484  -4.004707709450913
-1.2743055501860012  9.058314692399628  4.250753091384478
