C   6.3092958158  0.1278909773  0.0052366548
O   3.8276337154  1.1937151324  -0.0206583357
C   1.9010774949  -0.4130380901  -0.0045198773
C   -0.5770147077  1.1201851466  -0.0023186525
C   -3.0488393917  -0.4248754997  0.0015821978
F   -4.9815917780  1.1652346725  0.0117263959
F   -3.2140404970  -1.8652547424  -2.0347664789
F   -3.1991286541  -1.8733816247  2.0334970928
F   -0.6081393486  2.5872155230  2.0553676363
F   -0.6136615960  2.5880018735  -2.0587731980
F   1.9168153829  -1.9646900525  -2.0293104999
F   1.9330455118  -1.9413794466  2.0372916251
H   7.5762728350  1.7274619766  -0.0689346695
H   6.6084978867  -0.9310884237  1.7329707421
H   6.5873531008  -1.0687856420  -1.6339444857
momentum
-22.395014634912975  38.32151451710198  -14.1029736979713
25.18147946599405  31.512607107980745  11.433927729546566
-4.067578524515566  -19.82971556036254  -1.380064324162122
24.987830308514855  -18.374418338629134  -3.329400048336364
34.983236981386675  -1.8767664406056874  -9.24728678015711
-19.849045802084543  8.782774766381268  4.776455612780673
26.888923333590036  94.65784168275174  -7.330061545327947
7.327322473218  33.16943808744606  33.10857049144865
-8.188917350646369  -116.00252368464479  -0.6514161016639827
-18.796878166626012  -24.153112957672164  -26.707280659271134
16.76431015249344  -53.60234324376819  18.58248171195458
-58.99865012905505  19.230830194920394  6.9851470024571585
-1.7033947104952931  3.030936259926633  -8.419375537098313
6.336843127081965  4.155149285309715  2.4552113235926463
-8.149156053520981  1.1759266010852683  -6.243352553285422
