C   6.3092958158  0.1278909773  0.0052366548
O   3.8276337154  1.1937151324  -0.0206583357
C   1.9010774949  -0.4130380901  -0.0045198773
C   -0.5770147077  1.1201851466  -0.0023186525
C   -3.0488393917  -0.4248754997  0.0015821978
F   -4.9815917780  1.1652346725  0.0117263959
F   -3.2140404970  -1.8652547424  -2.0347664789
F   -3.1991286541  -1.8733816247  2.0334970928
F   -0.6081393486  2.5872155230  2.0553676363
F   -0.6136615960  2.5880018735  -2.0587731980
F   1.9168153829  -1.9646900525  -2.0293104999
F   1.9330455118  -1.9413794466  2.0372916251
H   7.5762728350  1.7274619766  -0.0689346695
H   6.6084978867  -0.9310884237  1.7329707421
H   6.5873531008  -1.0687856420  -1.6339444857
momentum
7.085820049536179  -12.261241381316786  -35.72926117602539
46.38239063537183  42.080603395692094  -5.601927834690442
30.399813034799188  56.21435115624714  44.005613034147636
-10.663750107512309  -3.9863867666744417  23.733734834279545
38.407962049011346  25.552651680579114  -53.34680490824146
-33.85642205959862  -16.101400216084294  42.74550786872852
14.963572991456282  -67.09994144829432  10.113885213738126
-57.14881342949122  14.874568011962696  -11.854889776690014
42.91572395989815  0.32802894310585606  -23.51082227559271
-36.07009996880988  35.55121685222464  -0.7485957119004031
22.440635366480734  -16.229427344079575  -31.50046790072194
-58.704253870368746  -50.80889173351558  40.5182349199754
6.232412329385466  3.1060713640749507  11.102872420565
-11.71414108127658  -3.903666504585457  3.024549729253148
-0.5273611203376672  -6.333967540817129  -13.012817758745475
