C   6.3092958158  0.1278909773  0.0052366548
O   3.8276337154  1.1937151324  -0.0206583357
C   1.9010774949  -0.4130380901  -0.0045198773
C   -0.5770147077  1.1201851466  -0.0023186525
C   -3.0488393917  -0.4248754997  0.0015821978
F   -4.9815917780  1.1652346725  0.0117263959
F   -3.2140404970  -1.8652547424  -2.0347664789
F   -3.1991286541  -1.8733816247  2.0334970928
F   -0.6081393486  2.5872155230  2.0553676363
F   -0.6136615960  2.5880018735  -2.0587731980
F   1.9168153829  -1.9646900525  -2.0293104999
F   1.9330455118  -1.9413794466  2.0372916251
H   7.5762728350  1.7274619766  -0.0689346695
H   6.6084978867  -0.9310884237  1.7329707421
H   6.5873531008  -1.0687856420  -1.6339444857
momentum
-30.83036501721913  10.614676570711735  23.039398716387257
-6.590182815853944  7.467079355093416  22.86594750468582
5.773926506117918  -24.025347370276485  -13.922278555450466
-30.493884132811004  -14.423565458748836  -12.530458128549853
23.980622621574213  -9.31536646770575  19.465027815307486
-6.376938432576137  15.891642626540383  -14.046346573651093
-6.586702581393204  5.1401117791827415  35.61753792977606
47.651611358761244  32.03496236844597  -35.41284823528402
31.854442778160383  -18.72127435052939  -12.597527701682484
-32.74326558854959  16.818935615765636  -14.950274090448197
7.816374091864344  6.291678128465273  -41.39011034618325
-2.2192412744880246  -26.776344839027608  39.30392488326275
0.8391459189110659  4.591043478011499  -9.969144833815575
8.149161444044138  -7.266400478058965  7.283638892325224
-10.11914345254345  1.207112307268174  6.704590928036247
