C   6.3092958158  0.1278909773  0.0052366548
O   3.8276337154  1.1937151324  -0.0206583357
C   1.9010774949  -0.4130380901  -0.0045198773
C   -0.5770147077  1.1201851466  -0.0023186525
C   -3.0488393917  -0.4248754997  0.0015821978
F   -4.9815917780  1.1652346725  0.0117263959
F   -3.2140404970  -1.8652547424  -2.0347664789
F   -3.1991286541  -1.8733816247  2.0334970928
F   -0.6081393486  2.5872155230  2.0553676363
F   -0.6136615960  2.5880018735  -2.0587731980
F   1.9168153829  -1.9646900525  -2.0293104999
F   1.9330455118  -1.9413794466  2.0372916251
H   7.5762728350  1.7274619766  -0.0689346695
H   6.6084978867  -0.9310884237  1.7329707421
H   6.5873531008  -1.0687856420  -1.6339444857
momentum
-25.088348589860562  -35.48658741393692  2.2085885609083844
-3.688297355270683  -3.0475011724375163  -28.09735563882978
-16.836545564601376  12.030016740468076  5.388508615601685
-25.71437737721837  -55.83553317897316  -8.135659598785137
70.48234923682925  0.40685538065640925  18.941826357551708
-15.344883634640876  -18.3901404106348  24.102113425768714
0.5131524571630597  -1.78910206183382  -5.98499560720537
-29.282885080553513  -3.083049164843618  -27.00897147153608
-6.359322985304252  10.196723405018385  22.91878143179645
19.57598838908296  52.89582202390542  -24.279817518511823
2.7753196335974866  6.290053169000568  -5.0572463988556935
11.499078147624228  33.86572126146348  19.701918030887168
5.76044145120012  2.6608044262378034  -7.086598998540831
6.9174599103657455  4.16088457567024  -1.7571233820469536
4.748823610342125  -4.94646185666965  13.967982395849084
