C   6.3092958158  0.1278909773  0.0052366548
O   3.8276337154  1.1937151324  -0.0206583357
C   1.9010774949  -0.4130380901  -0.0045198773
C   -0.5770147077  1.1201851466  -0.0023186525
C   -3.0488393917  -0.4248754997  0.0015821978
F   -4.9815917780  1.1652346725  0.0117263959
F   -3.2140404970  -1.8652547424  -2.0347664789
F   -3.1991286541  -1.8733816247  2.0334970928
F   -0.6081393486  2.5872155230  2.0553676363
F   -0.6136615960  2.5880018735  -2.0587731980
F   1.9168153829  -1.9646900525  -2.0293104999
F   1.9330455118  -1.9413794466  2.0372916251
H   7.5762728350  1.7274619766  -0.0689346695
H   6.6084978867  -0.9310884237  1.7329707421
H   6.5873531008  -1.0687856420  -1.6339444857
momentum
-28.632737605994805  -4.962585742817831  -10.536851827888741
58.19725244580784  37.04062856335893  14.486673056009055
33.61141394304402  -16.499863571923193  -13.954280147895307
-43.310695293020274  -13.696593352820091  41.603044151211265
-0.19339030646392047  18.944901766932094  -9.934904713143258
-31.11801498025663  -42.22314248867338  27.439325741682552
3.923395589684198  16.686095037283092  -21.754083361062015
-7.867232867203818  40.86674877501425  20.118302897520866
22.55556826957695  -81.09918805420963  -23.843896763475442
12.003980507882678  26.664967327871096  -34.34078914861791
5.446704338340059  -15.09177544444128  -27.463533016602792
-19.494746588936756  38.5911006294856  27.6201612465696
-1.8715108619571588  -8.614337706928831  1.1707876861850777
-2.261650163042136  6.155691900141151  6.402177332953583
-0.567040574435977  -2.6122519354824654  2.4395186504524635
