C   6.3092958158  0.1278909773  0.0052366548
O   3.8276337154  1.1937151324  -0.0206583357
C   1.9010774949  -0.4130380901  -0.0045198773
C   -0.5770147077  1.1201851466  -0.0023186525
C   -3.0488393917  -0.4248754997  0.0015821978
F   -4.9815917780  1.1652346725  0.0117263959
F   -3.2140404970  -1.8652547424  -2.0347664789
F   -3.1991286541  -1.8733816247  2.0334970928
F   -0.6081393486  2.5872155230  2.0553676363
F   -0.6136615960  2.5880018735  -2.0587731980
F   1.9168153829  -1.9646900525  -2.0293104999
F   1.9330455118  -1.9413794466  2.0372916251
H   7.5762728350  1.7274619766  -0.0689346695
H   6.6084978867  -0.9310884237  1.7329707421
H   6.5873531008  -1.0687856420  -1.6339444857
momentum
16.791353682753165  26.716023461710712  -32.69011023660009
-23.414150238511574  -54.893069376854974  -13.639975253818058
2.0459747032531634  2.31176133989283  8.473381912946541
33.61550234927822  -0.38398766752605556  -17.51191676913309
-2.6506914895033655  -0.017643710053046942  -23.72932878280297
-40.30951612075932  13.019733292709915  16.79211236477552
10.027380997153594  -58.665131584548256  -9.97319152644289
-20.001840731771416  25.404988998917652  17.98372142795414
5.875454713263032  -20.10589993563477  50.92662417209449
18.69273768902663  32.998819129015985  -9.22118039137093
51.356460160159244  14.92276916754713  2.893922469623237
-41.080318212834555  20.04959904256859  9.538604454315584
3.2252277095594746  -8.322555169870178  0.797937444540707
-4.699799190987336  -2.4030398811087315  -7.699895612305716
-9.385768651724968  9.334361730813425  7.293829674907203
