C   6.3092958158  0.1278909773  0.0052366548
O   3.8276337154  1.1937151324  -0.0206583357
C   1.9010774949  -0.4130380901  -0.0045198773
C   -0.5770147077  1.1201851466  -0.0023186525
C   -3.0488393917  -0.4248754997  0.0015821978
F   -4.9815917780  1.1652346725  0.0117263959
F   -3.2140404970  -1.8652547424  -2.0347664789
F   -3.1991286541  -1.8733816247  2.0334970928
F   -0.6081393486  2.5872155230  2.0553676363
F   -0.6136615960  2.5880018735  -2.0587731980
F   1.9168153829  -1.9646900525  -2.0293104999
F   1.9330455118  -1.9413794466  2.0372916251
H   7.5762728350  1.7274619766  -0.0689346695
H   6.6084978867  -0.9310884237  1.7329707421
H   6.5873531008  -1.0687856420  -1.6339444857
momentum
-31.763013847425984  0.9450984160158188  6.278795687420448
46.708057376166366  38.579254379835675  15.848671069133198
12.791338725617251  4.286684610982802  41.79874020535907
32.972635559711094  22.650985284248645  -30.621380641749084
-19.89941266039573  -37.23628420247978  13.400378776546615
10.833067844321986  -1.8857968468996396  10.2364848836116
-21.52128167998056  -44.91438533048807  -24.131033965671016
7.718464094441398  31.781423275952324  -33.39111794666972
21.864908271293135  24.406869066626246  47.34786956711895
-24.20962075235683  12.421029198560772  -12.937277052486808
-27.87999669889414  -38.36883324065685  25.14545250621171
-21.035595964464537  -14.790133220602367  -56.79540387512897
-5.214682297139808  -8.624925703919923  5.024619991779518
17.920829521808315  11.443864779823212  0.6518940921540246
0.8321051930359517  -1.0081190084506308  -8.10218986832618
