C   6.3092958158  0.1278909773  0.0052366548
O   3.8276337154  1.1937151324  -0.0206583357
C   1.9010774949  -0.4130380901  -0.0045198773
C   -0.5770147077  1.1201851466  -0.0023186525
C   -3.0488393917  -0.4248754997  0.0015821978
F   -4.9815917780  1.1652346725  0.0117263959
F   -3.2140404970  -1.8652547424  -2.0347664789
F   -3.1991286541  -1.8733816247  2.0334970928
F   -0.6081393486  2.5872155230  2.0553676363
F   -0.6136615960  2.5880018735  -2.0587731980
F   1.9168153829  -1.9646900525  -2.0293104999
F   1.9330455118  -1.9413794466  2.0372916251
H   7.5762728350  1.7274619766  -0.0689346695
H   6.6084978867  -0.9310884237  1.7329707421
H   6.5873531008  -1.0687856420  -1.6339444857
momentum
26.700931304925138  -4.977472282205065  -2.025664060402587
9.037164698852013  0.30235360177857246  26.97050955825797
-4.345877711434983  11.500399006587047  27.083092970446874
-25.909577842411878  20.642872639848413  -4.415342670271246
93.82397800300308  -11.603368330531515  28.220750449667282
-21.493314089685754  50.19999760206742  16.77751276140873
-2.0790975888455714  -81.3739995867973  -52.66966162991267
28.054860655190925  84.27536711088338  9.504180044462252
-61.96925019483366  21.865282343786575  23.97200852172192
-25.212863780000045  -17.378090313860408  -3.0803928956149025
-30.889259739508663  -19.285730241382105  -36.17305912331665
-0.47580184178204477  -72.60490910548796  -50.43162519480469
1.5822594674121089  0.12841965812525807  2.484824535475099
5.0578342999197  11.665102949929816  8.21545486833339
8.553686556384262  6.235116143624786  5.018807925292028
