C   6.3092958158  0.1278909773  0.0052366548
O   3.8276337154  1.1937151324  -0.0206583357
C   1.9010774949  -0.4130380901  -0.0045198773
C   -0.5770147077  1.1201851466  -0.0023186525
C   -3.0488393917  -0.4248754997  0.0015821978
F   -4.9815917780  1.1652346725  0.0117263959
F   -3.2140404970  -1.8652547424  -2.0347664789
F   -3.1991286541  -1.8733816247  2.0334970928
F   -0.6081393486  2.5872155230  2.0553676363
F   -0.6136615960  2.5880018735  -2.0587731980
F   1.9168153829  -1.9646900525  -2.0293104999
F   1.9330455118  -1.9413794466  2.0372916251
H   7.5762728350  1.7274619766  -0.0689346695
H   6.6084978867  -0.9310884237  1.7329707421
H   6.5873531008  -1.0687856420  -1.6339444857
momentum
-19.344673346827033  25.72822465749252  -19.217702148616183
21.05382248496219  -9.841640823641546  33.124658859442626
-24.36723576961285  1.7635861155633066  -0.5466137977732483
-15.966159570402855  -22.75062770665828  -3.0232358715128766
26.73350971075385  -22.56195752329404  13.22774109414198
39.17758000195285  -11.089021905733743  -41.63589827912272
-4.083220378483273  25.86051315664861  -37.05705857649838
11.719817056774398  21.60802178178168  33.11977080612231
43.198551690933826  19.573876566752293  9.92756920511298
-38.19129937026985  -43.05550069372228  45.55623826813528
-14.165724259088277  -16.529493419758474  -22.220933216423667
-37.60327062209263  33.44775372919885  -22.941578498400716
7.285220826859473  7.7627443942059875  4.6803806190062485
0.9472471861613202  -5.210068147653797  2.9608584735487185
3.3224784449645686  -4.319453911357116  3.8718437231601923
