C   6.3092958158  0.1278909773  0.0052366548
O   3.8276337154  1.1937151324  -0.0206583357
C   1.9010774949  -0.4130380901  -0.0045198773
C   -0.5770147077  1.1201851466  -0.0023186525
C   -3.0488393917  -0.4248754997  0.0015821978
F   -4.9815917780  1.1652346725  0.0117263959
F   -3.2140404970  -1.8652547424  -2.0347664789
F   -3.1991286541  -1.8733816247  2.0334970928
F   -0.6081393486  2.5872155230  2.0553676363
F   -0.6136615960  2.5880018735  -2.0587731980
F   1.9168153829  -1.9646900525  -2.0293104999
F   1.9330455118  -1.9413794466  2.0372916251
H   7.5762728350  1.7274619766  -0.0689346695
H   6.6084978867  -0.9310884237  1.7329707421
H   6.5873531008  -1.0687856420  -1.6339444857
momentum
19.382563705306776  -39.02701110639993  31.607414594559916
2.8635029251312054  -7.199115429025196  10.724826376568519
-21.420692476225774  58.8000638709052  27.82527402399607
-7.051130598203967  28.34945798005237  -12.44846482173159
-31.90825483375851  2.0659528911074316  -26.586747968019697
-0.09196585358277272  -20.046991355674344  38.13459224418546
1.7883578050413458  -23.157941883301383  -8.060572274312674
34.48326137847292  38.243724620115806  -52.97513931181083
46.82966908504659  0.4164287122046047  -18.191692148415623
-72.7554681195473  -3.8718268528410604  -10.972967453652567
-20.61744929457898  4.985640201756964  -37.20662451856707
52.24355445702165  -36.24631346772878  55.248529677024884
-12.41754548323785  7.486102085601186  5.21135305764268
4.137692840546088  -0.2242366405530195  4.830440130746442
4.130924727891974  -10.39513468411406  -7.472555177949319
