C   6.3092958158  0.1278909773  0.0052366548
O   3.8276337154  1.1937151324  -0.0206583357
C   1.9010774949  -0.4130380901  -0.0045198773
C   -0.5770147077  1.1201851466  -0.0023186525
C   -3.0488393917  -0.4248754997  0.0015821978
F   -4.9815917780  1.1652346725  0.0117263959
F   -3.2140404970  -1.8652547424  -2.0347664789
F   -3.1991286541  -1.8733816247  2.0334970928
F   -0.6081393486  2.5872155230  2.0553676363
F   -0.6136615960  2.5880018735  -2.0587731980
F   1.9168153829  -1.9646900525  -2.0293104999
F   1.9330455118  -1.9413794466  2.0372916251
H   7.5762728350  1.7274619766  -0.0689346695
H   6.6084978867  -0.9310884237  1.7329707421
H   6.5873531008  -1.0687856420  -1.6339444857
momentum
40.75554638099506  -8.055455645847793  47.860026300478744
9.746586983803914  36.30432040737405  -53.88822264956573
4.878049762216786  22.581728917000476  -21.390837374944894
26.09969662702181  -11.142826742264669  26.30929830582237
-4.492974340549853  4.4741175710136565  -38.76428751276587
-5.013047228147288  -1.6976949769587137  6.834307355883
-6.410375981321972  -8.898053577358667  -21.21948729050141
-28.482464174368243  -14.483599608705626  50.029127616546
-0.8707601156267525  -7.929398988172761  -16.604042533394882
40.73793072163908  -15.432658004830218  32.047344453286414
-68.02682472224004  -16.550465119911863  -19.59688500385641
30.111543287370388  8.272355569287715  -6.763162337627043
-10.964020172778525  5.323206632754564  0.8651460989603653
-14.334704489931978  -3.873873233488388  10.72246734864713
-13.922031935684595  11.15565671836599  3.0575766926176624
