C   6.3092958158  0.1278909773  0.0052366548
O   3.8276337154  1.1937151324  -0.0206583357
C   1.9010774949  -0.4130380901  -0.0045198773
C   -0.5770147077  1.1201851466  -0.0023186525
C   -3.0488393917  -0.4248754997  0.0015821978
F   -4.9815917780  1.1652346725  0.0117263959
F   -3.2140404970  -1.8652547424  -2.0347664789
F   -3.1991286541  -1.8733816247  2.0334970928
F   -0.6081393486  2.5872155230  2.0553676363
F   -0.6136615960  2.5880018735  -2.0587731980
F   1.9168153829  -1.9646900525  -2.0293104999
F   1.9330455118  -1.9413794466  2.0372916251
H   7.5762728350  1.7274619766  -0.0689346695
H   6.6084978867  -0.9310884237  1.7329707421
H   6.5873531008  -1.0687856420  -1.6339444857
momentum
-2.3700468044325724  25.434807709110387  10.835413989651167
30.79140044160632  19.924539895109117  0.04373954071009676
9.04343064184477  -24.157361561518396  -47.16157793531972
-15.169254678232164  -1.548971327347731  -38.57874677079667
-3.2634405969914275  10.610908624460551  15.905380324357669
-1.6111195872237243  13.913155139989776  -14.76540195464134
-21.910168278763933  33.35740603226291  12.9960666170831
-4.982950611554613  -9.962965838669152  33.73298802163422
-2.168310614955758  -35.31563945001048  4.997618959495737
18.88367776274401  -44.21648015970197  -6.127730444149355
-6.6792805307485414  35.760035189096975  14.72579909776205
3.0806733474446286  -28.04089813196972  2.0587683367710365
-6.793818394404756  -5.813786956963003  3.810454956303957
-5.8759193442041076  13.9784511059221  13.31269747664157
9.15164452502358  -4.0021217453959945  -6.413585535865915
