C   6.3092958158  0.1278909773  0.0052366548
O   3.8276337154  1.1937151324  -0.0206583357
C   1.9010774949  -0.4130380901  -0.0045198773
C   -0.5770147077  1.1201851466  -0.0023186525
C   -3.0488393917  -0.4248754997  0.0015821978
F   -4.9815917780  1.1652346725  0.0117263959
F   -3.2140404970  -1.8652547424  -2.0347664789
F   -3.1991286541  -1.8733816247  2.0334970928
F   -0.6081393486  2.5872155230  2.0553676363
F   -0.6136615960  2.5880018735  -2.0587731980
F   1.9168153829  -1.9646900525  -2.0293104999
F   1.9330455118  -1.9413794466  2.0372916251
H   7.5762728350  1.7274619766  -0.0689346695
H   6.6084978867  -0.9310884237  1.7329707421
H   6.5873531008  -1.0687856420  -1.6339444857
momentum
-12.793709022899847  -13.517716531562195  -17.903951266115623
53.96936095302191  20.137457978360896  -23.20160425881127
32.50804354288582  8.41739038751759  -4.135414183907564
5.429615181906348  29.14563946765059  1.1489827112674995
9.868734291085573  8.248911538435106  -46.950897836355175
-10.394233213586057  -22.489266364050415  11.24061604199869
-73.91916311003578  51.60455769002404  13.102628183023569
-21.616107824648136  -39.01629520705314  -1.3684157537085722
-13.090930262170884  -29.03826712568427  44.02361984387648
-18.45096435438829  -17.861283480429197  -43.845102031112475
32.708569419622584  -17.01637302277214  68.04394278899109
-2.371131820101513  21.09073869719737  -16.3012106236784
5.0278397811492015  -0.5439724482018262  8.67578494162117
9.135354056462695  6.424009671422556  -3.779401890813882
4.100341894743202  -5.778652282385322  11.006947893058715
