C   6.3092958158  0.1278909773  0.0052366548
O   3.8276337154  1.1937151324  -0.0206583357
C   1.9010774949  -0.4130380901  -0.0045198773
C   -0.5770147077  1.1201851466  -0.0023186525
C   -3.0488393917  -0.4248754997  0.0015821978
F   -4.9815917780  1.1652346725  0.0117263959
F   -3.2140404970  -1.8652547424  -2.0347664789
F   -3.1991286541  -1.8733816247  2.0334970928
F   -0.6081393486  2.5872155230  2.0553676363
F   -0.6136615960  2.5880018735  -2.0587731980
F   1.9168153829  -1.9646900525  -2.0293104999
F   1.9330455118  -1.9413794466  2.0372916251
H   7.5762728350  1.7274619766  -0.0689346695
H   6.6084978867  -0.9310884237  1.7329707421
H   6.5873531008  -1.0687856420  -1.6339444857
momentum
13.638832332399987  -35.036192618364716  26.23677611111601
5.936195620935512  -0.5961991500003608  -20.2616478812266
7.570014595499209  -4.0522703969022915  39.77447448613894
-16.45205931668143  15.828204183943328  -9.142061581331367
1.5326438388033214  -14.125305527392035  1.7379448898569567
-9.765738155112611  9.642014573784616  -23.30479344177924
18.137687883476513  8.481888125629224  14.45700796733457
12.397955975549177  0.9019097481917312  10.546333613902933
41.19022652789724  11.425281320095142  17.61522698843495
-61.04718585980207  -29.661199405660266  4.658737501581526
37.535991963370485  20.497570374777432  -41.86222666290198
-43.81177747786325  -0.9603794496174497  -5.866755337629014
4.652958060509521  6.435233616234564  -7.1727300128595
-17.804217559203124  5.261580680350952  -1.2489389209751918
5.999224108737933  5.699678055590651  -6.006248238784304
