C   6.3092958158  0.1278909773  0.0052366548
O   3.8276337154  1.1937151324  -0.0206583357
C   1.9010774949  -0.4130380901  -0.0045198773
C   -0.5770147077  1.1201851466  -0.0023186525
C   -3.0488393917  -0.4248754997  0.0015821978
F   -4.9815917780  1.1652346725  0.0117263959
F   -3.2140404970  -1.8652547424  -2.0347664789
F   -3.1991286541  -1.8733816247  2.0334970928
F   -0.6081393486  2.5872155230  2.0553676363
F   -0.6136615960  2.5880018735  -2.0587731980
F   1.9168153829  -1.9646900525  -2.0293104999
F   1.9330455118  -1.9413794466  2.0372916251
H   7.5762728350  1.7274619766  -0.0689346695
H   6.6084978867  -0.9310884237  1.7329707421
H   6.5873531008  -1.0687856420  -1.6339444857
momentum
-41.57716731170369  22.30370308056087  22.083981559304046
67.61250883602818  -51.00780195380309  27.692820186477626
-40.04683788691054  33.849751283147626  -28.97627438766839
18.783087401278525  1.986713201252793  -14.91503319059926
26.910918793344486  -7.263819242760257  25.019458401274317
33.20273178419074  -66.09972015386032  -15.572108311069854
-2.8826538337170957  -6.8109346797178  9.554846160806898
-49.730957963836474  22.01933124685145  30.342886375049346
3.44582532815964  -6.693834659252186  -12.002557027020377
52.28357861085815  44.79361549458447  -2.6192517397135915
-55.74790825341687  0.03718451940268322  -16.61476370440701
-1.7841567335961355  -19.824985329715183  -7.140758618820632
-13.897368329964658  4.500423098773621  -5.30975912642236
2.0215493617106115  21.532976404913956  -1.2889084345896042
1.162815010526386  5.869530680167894  -10.591826708224808
