C   6.3092958158  0.1278909773  0.0052366548
O   3.8276337154  1.1937151324  -0.0206583357
C   1.9010774949  -0.4130380901  -0.0045198773
C   -0.5770147077  1.1201851466  -0.0023186525
C   -3.0488393917  -0.4248754997  0.0015821978
F   -4.9815917780  1.1652346725  0.0117263959
F   -3.2140404970  -1.8652547424  -2.0347664789
F   -3.1991286541  -1.8733816247  2.0334970928
F   -0.6081393486  2.5872155230  2.0553676363
F   -0.6136615960  2.5880018735  -2.0587731980
F   1.9168153829  -1.9646900525  -2.0293104999
F   1.9330455118  -1.9413794466  2.0372916251
H   7.5762728350  1.7274619766  -0.0689346695
H   6.6084978867  -0.9310884237  1.7329707421
H   6.5873531008  -1.0687856420  -1.6339444857
momentum
37.87208759599894  19.720531861231752  25.385485215676283
8.920752305497876  -49.90452667959298  0.716244195624397
-20.461121106097742  4.483044229922559  -42.28574747603754
-24.155510494166897  -23.298820476606902  7.269438005263039
-43.664234644716615  -26.72164673601688  10.825916906550848
-18.296936895040215  -21.798801184835277  -14.197837765418884
44.6580374766985  69.03321142299242  46.192035568836566
-10.776988769168478  25.298445098519664  -7.271298642048759
-11.57293499396455  43.48787247647579  5.209140155600547
23.604797509917113  -77.4397717647769  47.891598466926894
5.691169569810353  -0.21661474778519366  -68.61638862137146
-3.7027061447198903  36.940363598924776  -12.377122332625904
-2.106569118659762  6.764393511993064  -0.6242688599335667
11.443140321435347  -6.4570060577407595  -12.03967898711885
2.2079576451210987  -0.37194657392054425  14.308226062910505
