C   6.3092958158  0.1278909773  0.0052366548
O   3.8276337154  1.1937151324  -0.0206583357
C   1.9010774949  -0.4130380901  -0.0045198773
C   -0.5770147077  1.1201851466  -0.0023186525
C   -3.0488393917  -0.4248754997  0.0015821978
F   -4.9815917780  1.1652346725  0.0117263959
F   -3.2140404970  -1.8652547424  -2.0347664789
F   -3.1991286541  -1.8733816247  2.0334970928
F   -0.6081393486  2.5872155230  2.0553676363
F   -0.6136615960  2.5880018735  -2.0587731980
F   1.9168153829  -1.9646900525  -2.0293104999
F   1.9330455118  -1.9413794466  2.0372916251
H   7.5762728350  1.7274619766  -0.0689346695
H   6.6084978867  -0.9310884237  1.7329707421
H   6.5873531008  -1.0687856420  -1.6339444857
momentum
4.558964640879568  5.58756730942995  -16.33682964503518
37.05308490177538  10.99112693359154  -1.9342965123781277
-0.5561594461197342  27.222282762777066  -35.78835243996374
13.401427690196527  20.45393935235561  45.36710631811607
-32.313566912695414  33.48462714527857  -26.66503472330989
41.36340773810168  16.573999106763416  22.129472387693067
-26.33134000839562  -16.941871498975495  -2.921384152564708
6.539690712725549  -43.409799874780866  28.379503278097772
-62.574450947295055  36.538755925749996  -2.278441754044071
1.0809093777517718  -21.679737855672943  -33.78810950894682
36.66037289173352  -11.807671306394646  6.747427307173004
-21.820620328280786  -51.536420064035106  1.3807945697865225
-4.002454105629462  1.6883717180977615  13.83713792858295
10.091059262946168  -9.626744200776727  1.8223564097117924
-3.1991024211137526  2.45036952659189  -0.034351339692392145
