C   6.3092958158  0.1278909773  0.0052366548
O   3.8276337154  1.1937151324  -0.0206583357
C   1.9010774949  -0.4130380901  -0.0045198773
C   -0.5770147077  1.1201851466  -0.0023186525
C   -3.0488393917  -0.4248754997  0.0015821978
F   -4.9815917780  1.1652346725  0.0117263959
F   -3.2140404970  -1.8652547424  -2.0347664789
F   -3.1991286541  -1.8733816247  2.0334970928
F   -0.6081393486  2.5872155230  2.0553676363
F   -0.6136615960  2.5880018735  -2.0587731980
F   1.9168153829  -1.9646900525  -2.0293104999
F   1.9330455118  -1.9413794466  2.0372916251
H   7.5762728350  1.7274619766  -0.0689346695
H   6.6084978867  -0.9310884237  1.7329707421
H   6.5873531008  -1.0687856420  -1.6339444857
momentum
30.81574632147733  -22.56479993039015  -29.04741015300018
-56.63298948746865  -1.7163157607481878  -25.701475103939224
0.30045045806099874  9.909735274305632  44.82930531095453
-36.045242846719695  8.912858745987233  21.042796289680588
13.77088992463052  -27.79818764186293  -12.677362746977474
20.355380012135647  7.953781191429234  -32.619323532856086
19.49582624710306  50.29314659671326  22.555236060047875
-35.87033855195324  -78.36672401284704  1.595180047170905
15.204668606294387  15.637632263335998  -23.603940701151785
1.9403343713586516  25.272215732587686  -14.36956818801626
-8.601690143110055  16.610344290564893  43.67502713912927
44.34209105008682  10.352586356370537  0.0020968148618505456
-0.6504161501929809  -6.01329504541785  0.29512911655369917
3.825906719217506  -4.090671276208673  6.076188451574852
-12.300558731475059  -3.757729124858295  -2.028323740354762
