C   6.3092958158  0.1278909773  0.0052366548
O   3.8276337154  1.1937151324  -0.0206583357
C   1.9010774949  -0.4130380901  -0.0045198773
C   -0.5770147077  1.1201851466  -0.0023186525
C   -3.0488393917  -0.4248754997  0.0015821978
F   -4.9815917780  1.1652346725  0.0117263959
F   -3.2140404970  -1.8652547424  -2.0347664789
F   -3.1991286541  -1.8733816247  2.0334970928
F   -0.6081393486  2.5872155230  2.0553676363
F   -0.6136615960  2.5880018735  -2.0587731980
F   1.9168153829  -1.9646900525  -2.0293104999
F   1.9330455118  -1.9413794466  2.0372916251
H   7.5762728350  1.7274619766  -0.0689346695
H   6.6084978867  -0.9310884237  1.7329707421
H   6.5873531008  -1.0687856420  -1.6339444857
momentum
-6.307075904670076  -21.640521555573407  -10.98421207512168
45.42600508965203  0.8968953248746505  -7.720985716136987
-17.430396381011434  22.291701473943185  -16.471871799620782
16.50385667363004  -2.90987993890903  26.444020175215343
0.009345421163603897  20.572072162053917  52.751078570923475
-44.80934213432993  -13.773821832957303  -29.881233421851395
7.73582898143029  -43.561400090453134  -32.629679273352394
21.00059834316482  -15.93843348684834  24.298322261768696
22.792077333444592  -7.012705151048731  -34.129396656474356
6.312792969447518  19.96997665558802  -4.006314256182543
-25.413986512730194  68.25775857641615  7.345560295833508
-50.313906782573895  -30.550607562714955  17.42131496865094
9.963649419081607  6.786813596972545  5.628688591939117
3.181018423219005  11.823989805793538  -5.013835576201319
11.147550979238341  -15.533520100696768  6.35452551921867
