C   6.3092958158  0.1278909773  0.0052366548
O   3.8276337154  1.1937151324  -0.0206583357
C   1.9010774949  -0.4130380901  -0.0045198773
C   -0.5770147077  1.1201851466  -0.0023186525
C   -3.0488393917  -0.4248754997  0.0015821978
F   -4.9815917780  1.1652346725  0.0117263959
F   -3.2140404970  -1.8652547424  -2.0347664789
F   -3.1991286541  -1.8733816247  2.0334970928
F   -0.6081393486  2.5872155230  2.0553676363
F   -0.6136615960  2.5880018735  -2.0587731980
F   1.9168153829  -1.9646900525  -2.0293104999
F   1.9330455118  -1.9413794466  2.0372916251
H   7.5762728350  1.7274619766  -0.0689346695
H   6.6084978867  -0.9310884237  1.7329707421
H   6.5873531008  -1.0687856420  -1.6339444857
momentum
-0.9057757666840612  31.706838864014347  28.916794048816342
25.03434003512831  -12.378529064620484  0.9089972970686951
-44.294486049945306  10.518014374809335  15.06687308487278
4.6763795871308025  -31.05681254815918  38.38374298549117
-13.016050933930128  -4.270957440546239  -7.998143006763793
-7.516154327607887  4.108640089607747  -56.894263376339424
16.885298271036522  15.025075289811253  3.959866992195671
13.145981731267762  42.235983736928425  4.532982703994944
29.915183731868993  -25.295774291451554  19.391965244669176
-30.556137783607596  -1.2153788116239324  -4.359185673888704
-23.161038923826755  -18.689484128884978  6.950716149065212
26.30687629269676  -11.96386655045256  -18.4374101516059
-1.2882227675032165  15.75266001375129  -14.117484877793563
4.906925969013953  -8.374477990475151  -6.650015332846091
-0.3989500213231782  -6.316887927757644  -9.323550949508409
