C   6.3092958158  0.1278909773  0.0052366548
O   3.8276337154  1.1937151324  -0.0206583357
C   1.9010774949  -0.4130380901  -0.0045198773
C   -0.5770147077  1.1201851466  -0.0023186525
C   -3.0488393917  -0.4248754997  0.0015821978
F   -4.9815917780  1.1652346725  0.0117263959
F   -3.2140404970  -1.8652547424  -2.0347664789
F   -3.1991286541  -1.8733816247  2.0334970928
F   -0.6081393486  2.5872155230  2.0553676363
F   -0.6136615960  2.5880018735  -2.0587731980
F   1.9168153829  -1.9646900525  -2.0293104999
F   1.9330455118  -1.9413794466  2.0372916251
H   7.5762728350  1.7274619766  -0.0689346695
H   6.6084978867  -0.9310884237  1.7329707421
H   6.5873531008  -1.0687856420  -1.6339444857
momentum
33.46181924425278  -25.52037578814645  13.538845749380892
36.05438827124615  -23.041474401847807  13.263575573844607
9.754103002184744  3.373380443069275  -35.52393553529034
24.779644468251036  30.728523107424397  30.113095164583292
2.72086560589617  -72.67285714467816  -62.57246277556778
-7.548550039640856  -36.597552666771314  8.691347109173094
-20.686174605881522  13.206534388304963  18.511220720064852
24.10441227938898  35.67317667032675  22.02520618367574
-14.504333199291466  -10.390626394448255  23.90188212951768
-35.15607629799649  27.640443701841  -37.409809952014506
-19.9012779908215  31.69311786942977  -5.815830038793091
-48.509782396350694  34.347854203743005  14.72990980692093
-6.133600171511224  -15.10305641303789  -9.527494880873522
7.507599098136745  -3.24740958853467  7.838818522835791
13.497747706150433  9.235549640019245  -1.3676086562610739
