C   6.3092958158  0.1278909773  0.0052366548
O   3.8276337154  1.1937151324  -0.0206583357
C   1.9010774949  -0.4130380901  -0.0045198773
C   -0.5770147077  1.1201851466  -0.0023186525
C   -3.0488393917  -0.4248754997  0.0015821978
F   -4.9815917780  1.1652346725  0.0117263959
F   -3.2140404970  -1.8652547424  -2.0347664789
F   -3.1991286541  -1.8733816247  2.0334970928
F   -0.6081393486  2.5872155230  2.0553676363
F   -0.6136615960  2.5880018735  -2.0587731980
F   1.9168153829  -1.9646900525  -2.0293104999
F   1.9330455118  -1.9413794466  2.0372916251
H   7.5762728350  1.7274619766  -0.0689346695
H   6.6084978867  -0.9310884237  1.7329707421
H   6.5873531008  -1.0687856420  -1.6339444857
momentum
36.78267010381982  24.889474624061506  14.542574241400827
19.326665889961163  -35.71195068106012  11.519297305989019
-38.347119314135995  9.759945529263476  -6.403180673159109
26.463818348094822  -18.5727689537113  47.534464361041444
-8.28603040853789  22.109217297990437  -0.07405022149778932
-1.7463292535683843  -15.04871845760638  19.070329728107154
-27.298490126009693  2.018633783715966  -13.28101403435556
14.097137862491415  19.75119458452905  -21.01789269620313
0.43689304140664437  -24.345957834385967  1.7357452364269217
-49.45647432687735  1.1371400675037164  -67.4185457996244
3.4903983194574217  11.319046495141794  -20.310899513021116
19.940659505751572  15.826577955293768  22.895335052979952
20.017326061403427  10.033031463187198  2.692840113843435
-4.1837065801295115  -15.211908014743443  11.804168218056724
-11.527471477187339  -7.6943112097528505  -3.787885317629373
