C   6.3092958158  0.1278909773  0.0052366548
O   3.8276337154  1.1937151324  -0.0206583357
C   1.9010774949  -0.4130380901  -0.0045198773
C   -0.5770147077  1.1201851466  -0.0023186525
C   -3.0488393917  -0.4248754997  0.0015821978
F   -4.9815917780  1.1652346725  0.0117263959
F   -3.2140404970  -1.8652547424  -2.0347664789
F   -3.1991286541  -1.8733816247  2.0334970928
F   -0.6081393486  2.5872155230  2.0553676363
F   -0.6136615960  2.5880018735  -2.0587731980
F   1.9168153829  -1.9646900525  -2.0293104999
F   1.9330455118  -1.9413794466  2.0372916251
H   7.5762728350  1.7274619766  -0.0689346695
H   6.6084978867  -0.9310884237  1.7329707421
H   6.5873531008  -1.0687856420  -1.6339444857
momentum
-29.492186847347686  18.907355566467842  12.546778100917113
-18.3926242120646  -47.70117483129979  31.349024451162894
19.54544851991117  28.873668927720242  -24.647698741173247
-6.624124722895404  -5.821025658368598  19.692500338458338
-11.997929058413007  27.09999067378732  9.416990397192361
41.40182380319589  -14.59769225280616  -3.17441761060466
-77.62325648807557  -56.595267371726116  -10.40430101936786
-17.5304793224001  -11.753868781086963  7.078044904898373
39.2988153070125  9.78997864408877  -25.50397143727214
22.2188614135754  86.70163612324447  1.5319293470921422
3.2899019745124014  -68.88052288555656  -33.75750319280458
19.844679788289127  -5.11228611484622  -2.1933532905981448
-2.767006416795758  21.907160240238035  2.2965770663359706
11.54554663609786  9.653800589352747  0.13116941027707255
7.1110404286996065  6.925661286633423  14.668199474185466
