C   6.3092958158  0.1278909773  0.0052366548
O   3.8276337154  1.1937151324  -0.0206583357
C   1.9010774949  -0.4130380901  -0.0045198773
C   -0.5770147077  1.1201851466  -0.0023186525
C   -3.0488393917  -0.4248754997  0.0015821978
F   -4.9815917780  1.1652346725  0.0117263959
F   -3.2140404970  -1.8652547424  -2.0347664789
F   -3.1991286541  -1.8733816247  2.0334970928
F   -0.6081393486  2.5872155230  2.0553676363
F   -0.6136615960  2.5880018735  -2.0587731980
F   1.9168153829  -1.9646900525  -2.0293104999
F   1.9330455118  -1.9413794466  2.0372916251
H   7.5762728350  1.7274619766  -0.0689346695
H   6.6084978867  -0.9310884237  1.7329707421
H   6.5873531008  -1.0687856420  -1.6339444857
momentum
36.0401001821123  8.326494166738449  32.45921991791896
-19.989765562230033  33.40742248209381  -5.074199558069479
1.1658477436525951  2.9695966725112974  -27.602202308003168
-10.196799005725344  23.25875416353797  13.380930523066933
2.063803481177516  -3.847051802534461  21.01950393003427
-1.1781977766854592  20.37997463312418  -22.735416009535058
11.812182788680477  -57.426451633794166  25.28006113734574
1.6283781355021172  13.186292615582895  -30.338901562028415
43.34375955384898  4.793117840817775  29.805913971503927
-43.62689008522697  16.41499458172424  -6.20018709467427
35.894780256367646  -3.0056939547649475  -10.550195694914082
-61.59035819861684  -36.039410448242165  16.263802193905804
1.230251021948774  -0.4083039892705877  -8.747333477846976
-3.0481386528421326  -8.072210363752175  -8.542198057526077
6.4893246286566315  -13.955462492971721  -17.810884775805945
