C   6.3092958158  0.1278909773  0.0052366548
O   3.8276337154  1.1937151324  -0.0206583357
C   1.9010774949  -0.4130380901  -0.0045198773
C   -0.5770147077  1.1201851466  -0.0023186525
C   -3.0488393917  -0.4248754997  0.0015821978
F   -4.9815917780  1.1652346725  0.0117263959
F   -3.2140404970  -1.8652547424  -2.0347664789
F   -3.1991286541  -1.8733816247  2.0334970928
F   -0.6081393486  2.5872155230  2.0553676363
F   -0.6136615960  2.5880018735  -2.0587731980
F   1.9168153829  -1.9646900525  -2.0293104999
F   1.9330455118  -1.9413794466  2.0372916251
H   7.5762728350  1.7274619766  -0.0689346695
H   6.6084978867  -0.9310884237  1.7329707421
H   6.5873531008  -1.0687856420  -1.6339444857
momentum
-17.649566175834856  19.143363530052905  -7.4119186818822635
8.546610348636102  5.979226122253097  26.90464881388637
-59.5938809243311  28.85439996870715  32.031307254823794
12.00373924242003  -20.298697599019263  -15.348009948583009
-23.611821847219424  10.749531848162134  -55.384051913278654
19.95197267223494  12.866095660215136  18.456189349958358
7.125099291455065  -39.339122596068336  51.039474128714176
-16.488250431190675  0.18282177604669692  -39.6143208272054
57.95378825047525  -11.3539277434769  -6.24073335892085
-30.845375250506866  16.559195642710176  5.453527491584324
28.10063752319404  -12.71196206328172  -38.33160351050352
-3.2934593863738146  4.476090702568152  46.4124199691913
3.906484390523647  -9.865144675291248  6.281288487331105
7.273132920850199  -7.0834967146069046  -11.391246288054036
6.436431067018066  2.017281826708334  -12.260471549155373
