C   6.3092958158  0.1278909773  0.0052366548
O   3.8276337154  1.1937151324  -0.0206583357
C   1.9010774949  -0.4130380901  -0.0045198773
C   -0.5770147077  1.1201851466  -0.0023186525
C   -3.0488393917  -0.4248754997  0.0015821978
F   -4.9815917780  1.1652346725  0.0117263959
F   -3.2140404970  -1.8652547424  -2.0347664789
F   -3.1991286541  -1.8733816247  2.0334970928
F   -0.6081393486  2.5872155230  2.0553676363
F   -0.6136615960  2.5880018735  -2.0587731980
F   1.9168153829  -1.9646900525  -2.0293104999
F   1.9330455118  -1.9413794466  2.0372916251
H   7.5762728350  1.7274619766  -0.0689346695
H   6.6084978867  -0.9310884237  1.7329707421
H   6.5873531008  -1.0687856420  -1.6339444857
momentum
38.10237240495901  -1.4124564498801802  -18.64082807261306
-5.725311777056128  0.4020610281456876  35.59751021479344
8.496221808261648  -19.297104391089892  -1.5313550253384625
-4.5637222164642415  -4.783175569936905  15.88907921890516
9.213193460328023  -14.421640982907054  11.31782182839946
25.94778212670298  26.514210908189167  -6.9922655440987835
-15.455559066270943  47.87622267557576  -21.944769780272242
7.880537014160389  -1.7196273206995552  6.7412722521664765
-13.425536915950422  -49.26964971915398  -53.649603535644445
-45.8819015338139  -23.083113233251268  -4.1941604501123635
-33.71460730857337  3.2568538737106114  21.695090956429283
33.00212791492946  25.397057377600788  -1.1980529394850945
1.7374237835247042  -7.176897643261194  11.933712456210577
-2.4623987222222548  11.1856433996238  1.770974776329592
-3.069977806842959  6.853211975880865  2.734526653820421
