C   6.3092958158  0.1278909773  0.0052366548
O   3.8276337154  1.1937151324  -0.0206583357
C   1.9010774949  -0.4130380901  -0.0045198773
C   -0.5770147077  1.1201851466  -0.0023186525
C   -3.0488393917  -0.4248754997  0.0015821978
F   -4.9815917780  1.1652346725  0.0117263959
F   -3.2140404970  -1.8652547424  -2.0347664789
F   -3.1991286541  -1.8733816247  2.0334970928
F   -0.6081393486  2.5872155230  2.0553676363
F   -0.6136615960  2.5880018735  -2.0587731980
F   1.9168153829  -1.9646900525  -2.0293104999
F   1.9330455118  -1.9413794466  2.0372916251
H   7.5762728350  1.7274619766  -0.0689346695
H   6.6084978867  -0.9310884237  1.7329707421
H   6.5873531008  -1.0687856420  -1.6339444857
momentum
-4.562717764261207  -2.938521362021405  22.08939819772772
-44.941651244238905  -31.592548943187307  -7.053631981195394
24.641699245059005  38.48958172288976  -23.75003637986677
44.951663340857415  9.099512955320186  -0.27736145129630346
-20.381423275738015  -26.65021664506999  48.40239048279648
-54.809927293245174  39.837146690720104  -30.98955932702391
-4.95762226825126  21.237610942289322  -12.985470564772735
-18.382028109409596  -26.58895378537158  31.649646352278797
14.832038573903558  -47.060079861793916  -37.65948421227378
13.7816382060839  -34.77255408677306  31.443708376429587
19.996547883805224  10.887523984869691  -59.002825343306455
30.15564920961167  55.18973594481442  26.694359145107022
6.479530283320974  -1.3779050047558856  2.4078997910633273
7.0765768706464875  -6.344329711960292  7.840363929568549
-14.101415168338809  2.224949754173057  0.8029749186170954
