C   6.3092958158  0.1278909773  0.0052366548
O   3.8276337154  1.1937151324  -0.0206583357
C   1.9010774949  -0.4130380901  -0.0045198773
C   -0.5770147077  1.1201851466  -0.0023186525
C   -3.0488393917  -0.4248754997  0.0015821978
F   -4.9815917780  1.1652346725  0.0117263959
F   -3.2140404970  -1.8652547424  -2.0347664789
F   -3.1991286541  -1.8733816247  2.0334970928
F   -0.6081393486  2.5872155230  2.0553676363
F   -0.6136615960  2.5880018735  -2.0587731980
F   1.9168153829  -1.9646900525  -2.0293104999
F   1.9330455118  -1.9413794466  2.0372916251
H   7.5762728350  1.7274619766  -0.0689346695
H   6.6084978867  -0.9310884237  1.7329707421
H   6.5873531008  -1.0687856420  -1.6339444857
momentum
-35.41336810663168  -18.817034039266623  -13.341868097599603
27.575187346234497  -5.789656763607403  44.929992687662356
32.99842853614754  -39.19786634753974  14.639044585377066
21.089920276564577  7.444563349985994  43.683254580693855
14.231056911896376  19.976029232693868  0.3637462799445652
-12.259700517509822  -2.5771791100670933  -0.1420931744584881
28.057373156209675  -37.73779254074452  7.464418003988351
-31.151018872692976  39.77872563602842  -2.243278214360389
-59.984264689658815  -15.776914867207385  31.166822423307458
7.313127124406796  -5.05053371453036  -29.516985338394093
-34.13286539278966  -15.962573197079465  -28.62828090197974
36.75427947665444  66.77334447272517  -64.85956147913545
2.7501186319991673  6.06458793419415  1.0627733320957793
-2.149632413741182  -7.824275431730567  -7.343668132870352
4.391439863672313  8.24772204457433  3.266253408476205
