C   6.3092958158  0.1278909773  0.0052366548
O   3.8276337154  1.1937151324  -0.0206583357
C   1.9010774949  -0.4130380901  -0.0045198773
C   -0.5770147077  1.1201851466  -0.0023186525
C   -3.0488393917  -0.4248754997  0.0015821978
F   -4.9815917780  1.1652346725  0.0117263959
F   -3.2140404970  -1.8652547424  -2.0347664789
F   -3.1991286541  -1.8733816247  2.0334970928
F   -0.6081393486  2.5872155230  2.0553676363
F   -0.6136615960  2.5880018735  -2.0587731980
F   1.9168153829  -1.9646900525  -2.0293104999
F   1.9330455118  -1.9413794466  2.0372916251
H   7.5762728350  1.7274619766  -0.0689346695
H   6.6084978867  -0.9310884237  1.7329707421
H   6.5873531008  -1.0687856420  -1.6339444857
momentum
12.241373734838096  2.800783555784962  12.21266047584571
5.371937508984262  26.995916331932467  -32.41292335745938
-8.046319227385554  1.68734713488409  44.95410647232706
37.50728650245321  52.39016030766962  -13.700783467735228
-14.233118442985013  -4.250883757504307  34.237901805195506
-18.785598559746298  -24.099369706658795  -33.94732596114964
-51.9148670333323  -1.8128556513331704  -42.86596583026062
44.12753941823715  -10.083928567758383  28.025878139928924
-0.3192185659556665  12.025624544690354  -1.6622288943095647
17.924303571420385  13.999598791996458  -0.24017246342068693
14.362825506903652  -9.34560324420419  2.9585798569825554
-1.1539293373544464  -55.164047434332424  4.449507571893648
-10.904893969460513  -11.101041351542156  0.9130353934250587
-3.2679618058767455  2.9905475398642305  -6.102699515806729
-22.646039450144006  2.9175667532913896  2.9576957238922548
