C   6.3092958158  0.1278909773  0.0052366548
O   3.8276337154  1.1937151324  -0.0206583357
C   1.9010774949  -0.4130380901  -0.0045198773
C   -0.5770147077  1.1201851466  -0.0023186525
C   -3.0488393917  -0.4248754997  0.0015821978
F   -4.9815917780  1.1652346725  0.0117263959
F   -3.2140404970  -1.8652547424  -2.0347664789
F   -3.1991286541  -1.8733816247  2.0334970928
F   -0.6081393486  2.5872155230  2.0553676363
F   -0.6136615960  2.5880018735  -2.0587731980
F   1.9168153829  -1.9646900525  -2.0293104999
F   1.9330455118  -1.9413794466  2.0372916251
H   7.5762728350  1.7274619766  -0.0689346695
H   6.6084978867  -0.9310884237  1.7329707421
H   6.5873531008  -1.0687856420  -1.6339444857
momentum
-11.496956206056213  -8.097388666644123  -23.875585747129538
24.198179075664534  -13.44646921913854  -25.95373996188686
-56.55290069229897  56.16605521200735  14.37982368415108
-28.788200942439218  27.756395238646963  3.480986280791562
26.15908937337926  -1.8703441338346771  24.99283677552823
-29.836273038111326  20.115149232513033  -4.3915854865200075
20.652082362955007  24.027617648291002  -28.41558869819754
-6.37149278602864  -66.77834052651583  -1.4192298927849751
21.885360719622458  17.337095584242178  0.8325388523711992
5.53462419010507  -20.629730919747164  7.674417292940384
46.27531354429478  -25.859497083286346  -9.999302028663852
-15.830975723420693  -6.928331101306073  44.247232559669015
2.6079174847597217  0.8258539587201198  -8.679828446388397
3.138290385172823  0.3854727227604748  4.4822054149260895
-1.381117784902882  -2.9302798877222123  2.7252182887491605
