C   6.3092958158  0.1278909773  0.0052366548
O   3.8276337154  1.1937151324  -0.0206583357
C   1.9010774949  -0.4130380901  -0.0045198773
C   -0.5770147077  1.1201851466  -0.0023186525
C   -3.0488393917  -0.4248754997  0.0015821978
F   -4.9815917780  1.1652346725  0.0117263959
F   -3.2140404970  -1.8652547424  -2.0347664789
F   -3.1991286541  -1.8733816247  2.0334970928
F   -0.6081393486  2.5872155230  2.0553676363
F   -0.6136615960  2.5880018735  -2.0587731980
F   1.9168153829  -1.9646900525  -2.0293104999
F   1.9330455118  -1.9413794466  2.0372916251
H   7.5762728350  1.7274619766  -0.0689346695
H   6.6084978867  -0.9310884237  1.7329707421
H   6.5873531008  -1.0687856420  -1.6339444857
momentum
-24.698178296328237  5.280742026686014  -34.67416320198976
-40.471654858195905  26.1761645852454  -14.31546833284822
38.82778969693958  -2.573893893531309  27.304372819140315
19.508628005622654  -42.15209255764328  -4.832566946442192
25.44219539588454  5.522768583255798  -5.735842642321245
36.63671879771953  -40.02434709437542  -27.735959352657744
-30.08926305473819  2.352243102375953  -16.84999993785406
-3.472664361314332  22.61984744106773  16.134672341442005
-7.507782384975974  13.346271219382105  30.93813221259211
18.046045392444782  47.47864535527987  3.318832243373437
-21.30583222524016  -23.262218445754225  -15.362191102140358
-9.010034507221707  -13.332497131203548  21.35714241441477
0.1829267828309826  -0.1658119337893604  -2.6209751959251597
8.77415787512895  -2.6340346811570985  4.7030233600890226
-10.844475727163944  1.5528224822254295  17.811706155914983
