C   6.3092958158  0.1278909773  0.0052366548
O   3.8276337154  1.1937151324  -0.0206583357
C   1.9010774949  -0.4130380901  -0.0045198773
C   -0.5770147077  1.1201851466  -0.0023186525
C   -3.0488393917  -0.4248754997  0.0015821978
F   -4.9815917780  1.1652346725  0.0117263959
F   -3.2140404970  -1.8652547424  -2.0347664789
F   -3.1991286541  -1.8733816247  2.0334970928
F   -0.6081393486  2.5872155230  2.0553676363
F   -0.6136615960  2.5880018735  -2.0587731980
F   1.9168153829  -1.9646900525  -2.0293104999
F   1.9330455118  -1.9413794466  2.0372916251
H   7.5762728350  1.7274619766  -0.0689346695
H   6.6084978867  -0.9310884237  1.7329707421
H   6.5873531008  -1.0687856420  -1.6339444857
momentum
19.37935139463461  -5.962414923355377  -18.86767951429483
67.17457519938846  -3.5951122380611955  22.720391576548174
-4.6218268611102005  24.383231003619503  11.39503137467931
-10.536033830400685  -0.2303687530592252  -9.042677053760986
0.2973974296399149  43.10301072935138  -18.013253043779155
-58.46433134984694  -26.74761562194873  13.137689812677998
-23.226162442258143  20.051890120833882  12.096365550760675
63.0522410523174  -31.760307181290074  -7.667313331168553
-44.41021312591904  27.95104886041981  41.53179614953158
16.81097025082559  -20.792961607571222  -58.66215395893294
2.0185848653756375  -2.7864301881406104  23.217225465597117
-14.308613850025507  -7.805417241708974  -10.17986919193184
2.2690314298170926  -2.7480873130530568  7.946463809896232
-9.822488093702015  -8.53505697167419  -14.139622510502718
-5.430491389260476  -4.277317927654726  5.115218532005039
