C   6.3092958158  0.1278909773  0.0052366548
O   3.8276337154  1.1937151324  -0.0206583357
C   1.9010774949  -0.4130380901  -0.0045198773
C   -0.5770147077  1.1201851466  -0.0023186525
C   -3.0488393917  -0.4248754997  0.0015821978
F   -4.9815917780  1.1652346725  0.0117263959
F   -3.2140404970  -1.8652547424  -2.0347664789
F   -3.1991286541  -1.8733816247  2.0334970928
F   -0.6081393486  2.5872155230  2.0553676363
F   -0.6136615960  2.5880018735  -2.0587731980
F   1.9168153829  -1.9646900525  -2.0293104999
F   1.9330455118  -1.9413794466  2.0372916251
H   7.5762728350  1.7274619766  -0.0689346695
H   6.6084978867  -0.9310884237  1.7329707421
H   6.5873531008  -1.0687856420  -1.6339444857
momentum
40.54780339327616  38.26639714484806  -1.384247036728674
25.49439310339781  -16.154066364397856  0.6561027103013489
-30.694976670965957  22.225585586064604  10.577849948718532
0.031064547680105088  5.08250875923111  21.571482064090258
35.89431569171597  -32.13233010777375  -22.3669623167378
-29.87602503219382  1.2731454793433667  10.676362210316622
12.584534470309752  -1.0329722750662114  -25.452457992096537
-17.93689165582684  17.718168430950136  43.8314978298095
-4.190339146418377  -26.39267712191948  -51.449891798371866
46.81807818578375  1.1156344660975706  64.17543702731862
-24.584567716492376  -32.65291938702508  -27.339453605508908
-20.760163867069853  34.20066366949421  -20.127578448070697
-13.695004493806815  -0.5274321412249396  0.2655028241838678
-11.720164685181496  0.42641754890595684  -3.2686971244720655
-7.623867787237066  -10.5818713197083  -0.45150274200428325
