C   6.3092958158  0.1278909773  0.0052366548
O   3.8276337154  1.1937151324  -0.0206583357
C   1.9010774949  -0.4130380901  -0.0045198773
C   -0.5770147077  1.1201851466  -0.0023186525
C   -3.0488393917  -0.4248754997  0.0015821978
F   -4.9815917780  1.1652346725  0.0117263959
F   -3.2140404970  -1.8652547424  -2.0347664789
F   -3.1991286541  -1.8733816247  2.0334970928
F   -0.6081393486  2.5872155230  2.0553676363
F   -0.6136615960  2.5880018735  -2.0587731980
F   1.9168153829  -1.9646900525  -2.0293104999
F   1.9330455118  -1.9413794466  2.0372916251
H   7.5762728350  1.7274619766  -0.0689346695
H   6.6084978867  -0.9310884237  1.7329707421
H   6.5873531008  -1.0687856420  -1.6339444857
momentum
6.553426233911054  -15.46651252759788  -15.520352840287838
-28.720241864321824  -4.591644931919918  -14.638773374663627
-27.48226102775765  1.590783726381904  -6.171697622833478
9.116726770592138  -0.6585371759473805  -0.10723009555694762
5.174222276566705  37.940082697582476  8.721430069321471
15.120262320759206  -40.66883626980131  8.695344974274727
-31.930892242336583  19.042096147735588  32.44246252830347
63.058533988191854  52.89149056991379  -60.37591358549895
-26.83852089591218  -27.03427672997407  -11.258015666307319
-15.697338140910547  -6.113673369220186  32.59339847455743
69.02466722962575  -21.61169589177986  5.998654194923559
-35.433166130986606  -1.8519193734869872  6.420083824953747
1.669560406955168  8.25486458325367  3.855693953248538
-3.357103469320583  0.9205639983373681  -2.6765303533607114
-0.07569179883865883  -2.2364926574227653  11.663121468617364
