C   6.3092958158  0.1278909773  0.0052366548
O   3.8276337154  1.1937151324  -0.0206583357
C   1.9010774949  -0.4130380901  -0.0045198773
C   -0.5770147077  1.1201851466  -0.0023186525
C   -3.0488393917  -0.4248754997  0.0015821978
F   -4.9815917780  1.1652346725  0.0117263959
F   -3.2140404970  -1.8652547424  -2.0347664789
F   -3.1991286541  -1.8733816247  2.0334970928
F   -0.6081393486  2.5872155230  2.0553676363
F   -0.6136615960  2.5880018735  -2.0587731980
F   1.9168153829  -1.9646900525  -2.0293104999
F   1.9330455118  -1.9413794466  2.0372916251
H   7.5762728350  1.7274619766  -0.0689346695
H   6.6084978867  -0.9310884237  1.7329707421
H   6.5873531008  -1.0687856420  -1.6339444857
momentum
-8.607841051661245  -5.046678144318951  47.12292483114609
18.099664886521357  38.333295617016965  -24.657955681309605
-21.965604390556855  5.3257393276580105  -27.20961119751822
3.787368961935553  -7.9462477277518975  0.43044177042458576
-6.124437533948201  -8.816543545271566  52.317343292819935
-0.803606978680051  30.166497928076613  8.089239003462836
-27.128348346265582  -15.50222759495013  -1.0253201730570183
-49.121586980260965  -45.96770671794193  -12.899052569204557
31.25366490015955  25.27728217335184  -38.274706313119495
14.580850104990446  -11.97216258430247  -2.1398712357296827
32.75226815469377  15.73695753327002  32.12777076413705
10.05405756817174  -24.635361845973552  -17.593438596003843
0.5189520281487119  -0.9605835094709242  -3.4033729831145667
0.5549018592628779  -14.23846108377783  -1.9782989092034298
1.9821195737350894  19.984824796265173  -10.16821249930485
