C   6.3092958158  0.1278909773  0.0052366548
O   3.8276337154  1.1937151324  -0.0206583357
C   1.9010774949  -0.4130380901  -0.0045198773
C   -0.5770147077  1.1201851466  -0.0023186525
C   -3.0488393917  -0.4248754997  0.0015821978
F   -4.9815917780  1.1652346725  0.0117263959
F   -3.2140404970  -1.8652547424  -2.0347664789
F   -3.1991286541  -1.8733816247  2.0334970928
F   -0.6081393486  2.5872155230  2.0553676363
F   -0.6136615960  2.5880018735  -2.0587731980
F   1.9168153829  -1.9646900525  -2.0293104999
F   1.9330455118  -1.9413794466  2.0372916251
H   7.5762728350  1.7274619766  -0.0689346695
H   6.6084978867  -0.9310884237  1.7329707421
H   6.5873531008  -1.0687856420  -1.6339444857
momentum
1.5105082910606609  18.3908118772957  5.257421818087337
13.04000890454853  -83.01102176528066  -45.25316499193067
-36.32832562907592  11.241584397606223  4.329324811803939
7.3539272283740615  -42.676219328138245  8.524958016108647
-33.297825328621386  -1.8142359002703663  19.42342649725985
-7.975362379068768  -33.71623639129555  4.605645217065436
3.2636469347761996  11.793632254871612  -5.740266929091008
15.752017150898846  30.625440253756985  -14.231077496809847
18.2989663963271  -1.9669709638108663  29.685871668818418
26.836746502995577  7.533070124495946  -20.6598711133501
-7.109044428305795  21.045780465078384  25.248777899732993
-25.76383833910192  36.58984968652237  -31.48403410728849
2.0992019892245875  9.315289175491996  11.363070342427344
12.010914130869399  2.8983243529739062  3.96759141106281
9.688874233233449  13.625532618079111  4.918848803070585
