C   6.3092958158  0.1278909773  0.0052366548
O   3.8276337154  1.1937151324  -0.0206583357
C   1.9010774949  -0.4130380901  -0.0045198773
C   -0.5770147077  1.1201851466  -0.0023186525
C   -3.0488393917  -0.4248754997  0.0015821978
F   -4.9815917780  1.1652346725  0.0117263959
F   -3.2140404970  -1.8652547424  -2.0347664789
F   -3.1991286541  -1.8733816247  2.0334970928
F   -0.6081393486  2.5872155230  2.0553676363
F   -0.6136615960  2.5880018735  -2.0587731980
F   1.9168153829  -1.9646900525  -2.0293104999
F   1.9330455118  -1.9413794466  2.0372916251
H   7.5762728350  1.7274619766  -0.0689346695
H   6.6084978867  -0.9310884237  1.7329707421
H   6.5873531008  -1.0687856420  -1.6339444857
momentum
5.03862233894512  2.967246785512862  -27.139349992352763
9.675816376890943  -0.9150951250704856  12.426317945378063
34.76568188260989  21.11595268533701  -8.410531306133375
-32.68361744251239  17.59022305263579  33.708866284794006
-6.3316292204000755  -16.191710247070894  21.09134792278623
-71.08720881836352  33.853212959544294  -18.386291043813547
35.82026388779985  -11.414014223490916  -20.430433465815813
3.4400055553094733  -0.575314024153206  -20.87945038029898
18.963314618935147  31.538569840830064  46.87520748020167
-0.6976286141705395  4.477542756609591  -47.15107653715323
-28.14955042029166  -29.82547643421919  32.791470266889384
30.289893432355264  -62.95728629052034  -2.995364100679041
-1.5674598157027313  13.340800651021382  -2.175530777344693
-11.587727385572878  6.5677118591393535  -5.433689402867114
14.514182819903784  -9.514376310884325  6.435276272755494
