C   6.3092958158  0.1278909773  0.0052366548
O   3.8276337154  1.1937151324  -0.0206583357
C   1.9010774949  -0.4130380901  -0.0045198773
C   -0.5770147077  1.1201851466  -0.0023186525
C   -3.0488393917  -0.4248754997  0.0015821978
F   -4.9815917780  1.1652346725  0.0117263959
F   -3.2140404970  -1.8652547424  -2.0347664789
F   -3.1991286541  -1.8733816247  2.0334970928
F   -0.6081393486  2.5872155230  2.0553676363
F   -0.6136615960  2.5880018735  -2.0587731980
F   1.9168153829  -1.9646900525  -2.0293104999
F   1.9330455118  -1.9413794466  2.0372916251
H   7.5762728350  1.7274619766  -0.0689346695
H   6.6084978867  -0.9310884237  1.7329707421
H   6.5873531008  -1.0687856420  -1.6339444857
momentum
-23.23389719628771  4.083829350316043  -38.828865830403394
-26.47026416312242  3.716100851340168  20.706200145079734
40.31492485552128  -30.830152821592968  11.225248706703194
-7.806498456088583  3.5578119019267396  11.05737434578014
-16.437022908115598  -9.50746483398214  14.95903628449063
-26.89943459302365  -45.04576769543014  15.486128294004034
63.64578148906581  35.173024072130154  6.069904837754722
-10.552232555091283  7.090796847818533  -18.676309828931135
21.875363096406268  13.977356281339596  -44.43203774748037
21.651747202949693  55.89638465551936  35.20692863298484
0.07079774758720869  -61.07945082056001  -11.678455071922073
-39.566617804168715  20.630925271610046  -0.9809574639404813
-1.8184675790739895  1.058535003503217  -4.521021961094664
-4.683946471428751  10.124936256075452  2.269099321567997
10.25250200715184  -8.160086961873372  2.2217185088997584
