C   6.3092958158  0.1278909773  0.0052366548
O   3.8276337154  1.1937151324  -0.0206583357
C   1.9010774949  -0.4130380901  -0.0045198773
C   -0.5770147077  1.1201851466  -0.0023186525
C   -3.0488393917  -0.4248754997  0.0015821978
F   -4.9815917780  1.1652346725  0.0117263959
F   -3.2140404970  -1.8652547424  -2.0347664789
F   -3.1991286541  -1.8733816247  2.0334970928
F   -0.6081393486  2.5872155230  2.0553676363
F   -0.6136615960  2.5880018735  -2.0587731980
F   1.9168153829  -1.9646900525  -2.0293104999
F   1.9330455118  -1.9413794466  2.0372916251
H   7.5762728350  1.7274619766  -0.0689346695
H   6.6084978867  -0.9310884237  1.7329707421
H   6.5873531008  -1.0687856420  -1.6339444857
momentum
-35.105441609271395  -7.590099596098459  8.158793234634302
-7.130682067603537  26.504486035720902  30.55312261854744
-1.7978076587182081  -24.08412925754511  -20.875693629791147
-22.64629892827097  5.136251264065028  -10.771601289015825
17.920991818490347  11.704649424484902  -24.99265936248573
-22.113528304558272  -7.862333438675696  -36.19505369393948
-84.29011613377925  -9.370883793214439  13.851656397292784
18.927124990959108  -28.474516678651206  55.34217388740558
30.77879274522649  32.6899632111392  19.06199223221655
27.763576234321075  8.704197039609298  13.9848918777974
79.4097000822865  -14.69290717322474  -59.60170845016024
4.3719699551212505  8.821276987932594  8.668285675806489
9.20111861530552  -14.45621737253272  8.489702381021882
-3.583185561130684  12.169142077893827  -3.92747071026085
-11.416471685151366  0.44480116474047593  -2.2977578625600783
