C   6.3092958158  0.1278909773  0.0052366548
O   3.8276337154  1.1937151324  -0.0206583357
C   1.9010774949  -0.4130380901  -0.0045198773
C   -0.5770147077  1.1201851466  -0.0023186525
C   -3.0488393917  -0.4248754997  0.0015821978
F   -4.9815917780  1.1652346725  0.0117263959
F   -3.2140404970  -1.8652547424  -2.0347664789
F   -3.1991286541  -1.8733816247  2.0334970928
F   -0.6081393486  2.5872155230  2.0553676363
F   -0.6136615960  2.5880018735  -2.0587731980
F   1.9168153829  -1.9646900525  -2.0293104999
F   1.9330455118  -1.9413794466  2.0372916251
H   7.5762728350  1.7274619766  -0.0689346695
H   6.6084978867  -0.9310884237  1.7329707421
H   6.5873531008  -1.0687856420  -1.6339444857
momentum
-14.138559997719682  45.259737245366736  -28.79433083301465
11.430063254889955  -35.71573168630392  -6.089321243764143
13.743017768418783  -23.190985052758208  0.41235812690198415
5.267681381171737  -9.306605398983274  60.519096137923135
5.565594122034822  -44.70997829553119  -9.11252870703496
1.054914781109247  36.03303516110683  -56.472559230699446
-21.750595867083184  -43.722287380217  36.836228046642084
20.047172496497627  11.531641649128346  -35.125692140281274
-49.87534950054437  57.02480935972695  24.81402486629788
18.502579030063778  56.185985240325714  45.422161800738955
28.934329969070916  -37.632225065585416  7.304056221367927
-4.867999308145825  2.8504070369420558  -23.582509788926572
10.499445802153149  -12.661839072583465  -1.8837400697793731
-10.122807174039698  3.9921072113093117  -2.7042574312858423
-13.694110307902212  -5.722674409905543  -11.352407088847853
