C   6.3092958158  0.1278909773  0.0052366548
O   3.8276337154  1.1937151324  -0.0206583357
C   1.9010774949  -0.4130380901  -0.0045198773
C   -0.5770147077  1.1201851466  -0.0023186525
C   -3.0488393917  -0.4248754997  0.0015821978
F   -4.9815917780  1.1652346725  0.0117263959
F   -3.2140404970  -1.8652547424  -2.0347664789
F   -3.1991286541  -1.8733816247  2.0334970928
F   -0.6081393486  2.5872155230  2.0553676363
F   -0.6136615960  2.5880018735  -2.0587731980
F   1.9168153829  -1.9646900525  -2.0293104999
F   1.9330455118  -1.9413794466  2.0372916251
H   7.5762728350  1.7274619766  -0.0689346695
H   6.6084978867  -0.9310884237  1.7329707421
H   6.5873531008  -1.0687856420  -1.6339444857
momentum
-23.344464655608917  7.321616842156822  6.715398639513919
13.38061121003582  48.39007787618441  16.06495039173844
-10.706140009075273  -19.03541152699228  -15.181583119667508
-21.17808404549445  -26.632586926047733  19.022466221394634
-34.03862215753921  40.42844288805815  -12.392401356868524
31.235773886900112  24.541734006755437  -22.868242636722748
-8.259625371500647  18.395664501015972  39.1611867097544
64.17980172462376  -8.335221919012806  -17.878956524908588
-13.788409990801844  -28.43003922103837  -35.1062954454748
9.978151333434072  -1.137877012158961  5.7984351115707415
-29.74488944906522  -24.189249665387177  -14.940234118415557
20.25973464294782  -47.9117730458052  29.512327956298392
-5.392733636664793  12.015749324596374  -5.692179361033681
2.7314047685108673  10.0890972579149  4.192019903342665
4.9521576202883555  -5.773573971770854  2.821024896009059
