C   6.3092958158  0.1278909773  0.0052366548
O   3.8276337154  1.1937151324  -0.0206583357
C   1.9010774949  -0.4130380901  -0.0045198773
C   -0.5770147077  1.1201851466  -0.0023186525
C   -3.0488393917  -0.4248754997  0.0015821978
F   -4.9815917780  1.1652346725  0.0117263959
F   -3.2140404970  -1.8652547424  -2.0347664789
F   -3.1991286541  -1.8733816247  2.0334970928
F   -0.6081393486  2.5872155230  2.0553676363
F   -0.6136615960  2.5880018735  -2.0587731980
F   1.9168153829  -1.9646900525  -2.0293104999
F   1.9330455118  -1.9413794466  2.0372916251
H   7.5762728350  1.7274619766  -0.0689346695
H   6.6084978867  -0.9310884237  1.7329707421
H   6.5873531008  -1.0687856420  -1.6339444857
momentum
-60.682307617024655  13.599852387056593  36.073254837073435
-0.6474265163022856  -29.973779717413574  -2.0504517626289256
-62.85437612212953  -22.479058306479033  -12.29426573328544
12.827162784959917  -14.329740033888791  -20.113921005423364
-2.2201250698814485  7.881095103079777  23.985643778203627
20.81380999670409  17.732349054400657  -1.2775290610783652
-1.5595016534118227  -42.505783627359875  -18.095422500081526
54.13855218478526  -7.9911337760254275  19.783992119016695
53.67949155734091  11.834330015328538  -1.1699241774495999
17.281493481818654  2.6779829010229204  -14.810088336942679
24.607062624334755  65.04107142918483  -26.054407216063794
-37.98509824531858  -10.808440248167242  24.441740437780286
-12.127938127728452  10.077260297065488  -5.566603647930005
2.793357455388554  -3.7987093183193354  -3.8525026121848494
-8.410960774763446  2.532994018904983  0.7839893320067444
