C   6.3092958158  0.1278909773  0.0052366548
O   3.8276337154  1.1937151324  -0.0206583357
C   1.9010774949  -0.4130380901  -0.0045198773
C   -0.5770147077  1.1201851466  -0.0023186525
C   -3.0488393917  -0.4248754997  0.0015821978
F   -4.9815917780  1.1652346725  0.0117263959
F   -3.2140404970  -1.8652547424  -2.0347664789
F   -3.1991286541  -1.8733816247  2.0334970928
F   -0.6081393486  2.5872155230  2.0553676363
F   -0.6136615960  2.5880018735  -2.0587731980
F   1.9168153829  -1.9646900525  -2.0293104999
F   1.9330455118  -1.9413794466  2.0372916251
H   7.5762728350  1.7274619766  -0.0689346695
H   6.6084978867  -0.9310884237  1.7329707421
H   6.5873531008  -1.0687856420  -1.6339444857
momentum
30.175256010408635  10.817233493580657  0.1740342276108157
20.977868499406686  -32.5053836638159  0.9177451080143402
-8.996039444558352  16.702001654658595  7.960189451455745
-10.022018256326024  -40.48335419267679  41.32082046801917
-24.38863030755955  31.810078972032777  -3.820008131189914
-20.538352250610217  -27.709169673254333  -26.058953114698685
29.36200890825993  -5.870718989483559  20.80556775966899
8.39185702822235  9.947335896252614  18.71013663500813
-31.88954338206429  47.06200725471869  -7.490453872428042
24.192901429488103  -28.471977582998463  19.57977726907801
-31.123817695551164  27.346334353854434  -66.810230211763
4.865551527781323  4.071769196919106  -20.104612801779385
5.131291937182747  -14.422911699014357  7.615424020613099
9.295061130465317  2.662377499612526  5.469972426258359
-5.528488875304698  -1.1716499583136268  1.2878170987358466
