C   6.3092958158  0.1278909773  0.0052366548
O   3.8276337154  1.1937151324  -0.0206583357
C   1.9010774949  -0.4130380901  -0.0045198773
C   -0.5770147077  1.1201851466  -0.0023186525
C   -3.0488393917  -0.4248754997  0.0015821978
F   -4.9815917780  1.1652346725  0.0117263959
F   -3.2140404970  -1.8652547424  -2.0347664789
F   -3.1991286541  -1.8733816247  2.0334970928
F   -0.6081393486  2.5872155230  2.0553676363
F   -0.6136615960  2.5880018735  -2.0587731980
F   1.9168153829  -1.9646900525  -2.0293104999
F   1.9330455118  -1.9413794466  2.0372916251
H   7.5762728350  1.7274619766  -0.0689346695
H   6.6084978867  -0.9310884237  1.7329707421
H   6.5873531008  -1.0687856420  -1.6339444857
momentum
-10.345374507532712  10.32182669302889  -47.37710467909624
6.428678419265115  -35.13620032509038  14.350812131974836
30.976742776458497  -22.648358148759613  4.460960492842996
12.99573561873711  -21.142586005143862  19.301521327972562
9.648826369555843  8.570474926030865  -6.659103222819854
6.2149187678017785  36.9281718389337  -58.01874356743995
-28.202034847679712  -11.187635404438765  27.647982211504313
-60.9960356728502  -46.29076529917301  28.89670217195542
4.97509993277245  -31.741285411307  -1.762800044710159
-7.1065007680579  20.801889509832048  9.005720224343882
40.60396929507652  41.950377769818886  -0.9180537620516656
16.957289976536096  50.34821061261771  6.130656650439217
-8.767929454867515  4.680699912050347  -7.525113661816528
-7.276578312055482  -1.0106909411686285  6.9805254200362254
-6.185369193363825  -4.137094157644324  4.87913663758971
