C   6.3092958158  0.1278909773  0.0052366548
O   3.8276337154  1.1937151324  -0.0206583357
C   1.9010774949  -0.4130380901  -0.0045198773
C   -0.5770147077  1.1201851466  -0.0023186525
C   -3.0488393917  -0.4248754997  0.0015821978
F   -4.9815917780  1.1652346725  0.0117263959
F   -3.2140404970  -1.8652547424  -2.0347664789
F   -3.1991286541  -1.8733816247  2.0334970928
F   -0.6081393486  2.5872155230  2.0553676363
F   -0.6136615960  2.5880018735  -2.0587731980
F   1.9168153829  -1.9646900525  -2.0293104999
F   1.9330455118  -1.9413794466  2.0372916251
H   7.5762728350  1.7274619766  -0.0689346695
H   6.6084978867  -0.9310884237  1.7329707421
H   6.5873531008  -1.0687856420  -1.6339444857
momentum
-43.31029784430786  -37.30719448039473  -8.422601650431488
27.820205423684612  10.107822442583132  -4.872044959982501
15.246036027368222  33.252092554983186  37.37154554109456
6.54329927683322  -16.181162930629778  28.954812703271347
-28.96413466073795  -26.505611769447984  7.862761537142684
-17.416252011453288  -20.328890354013954  -15.479272231143698
31.534275854459054  -45.0193917764227  -12.185394496469215
11.183544703189744  5.633667590077479  36.88759930466822
-33.83813199794934  23.553036281924445  -41.00296583362189
50.00608382546533  64.73799383672585  58.42119651308098
-7.502118860739227  -3.9017885824130687  -55.73230137507698
-7.437058504673364  36.67093183632108  -35.80563813199973
2.9407381812968154  -3.0127450033727063  -12.64259591642954
-4.389805867119909  -2.2453994880807397  4.3636426507382415
-2.2825649727242947  -19.468202213415772  11.66489928476928
