C   6.3092958158  0.1278909773  0.0052366548
O   3.8276337154  1.1937151324  -0.0206583357
C   1.9010774949  -0.4130380901  -0.0045198773
C   -0.5770147077  1.1201851466  -0.0023186525
C   -3.0488393917  -0.4248754997  0.0015821978
F   -4.9815917780  1.1652346725  0.0117263959
F   -3.2140404970  -1.8652547424  -2.0347664789
F   -3.1991286541  -1.8733816247  2.0334970928
F   -0.6081393486  2.5872155230  2.0553676363
F   -0.6136615960  2.5880018735  -2.0587731980
F   1.9168153829  -1.9646900525  -2.0293104999
F   1.9330455118  -1.9413794466  2.0372916251
H   7.5762728350  1.7274619766  -0.0689346695
H   6.6084978867  -0.9310884237  1.7329707421
H   6.5873531008  -1.0687856420  -1.6339444857
momentum
7.529125551475589  22.051694584857223  -54.8139545398455
-7.437739926307811  14.430527935085493  56.22862068685467
27.159991495627757  13.556919971957475  20.396040290524503
64.58873426749395  -3.110676681837859  -33.18360955673275
-16.87087146868906  12.27456674760756  13.890597049928655
59.754877920562926  -38.336620566226294  -6.378905987486567
-33.158129496035045  -23.85917055434811  -47.72957996329192
-31.82074715939926  71.44587702740574  -37.974569617068624
7.393265838526264  47.26417901476528  52.270204333803896
-36.06416880008341  -64.84212605421887  39.902223949465224
-4.665018747539063  -27.926393231887374  -17.12690464183745
-17.922741133341475  -33.89151123860319  20.892075160942706
-14.810952381508843  10.179130005210979  3.749872283700403
8.69825144990011  0.6241343545398891  -4.1972035805297825
-12.450733262280528  0.7347849597146117  -5.935873097397312
