C   6.3092958158  0.1278909773  0.0052366548
O   3.8276337154  1.1937151324  -0.0206583357
C   1.9010774949  -0.4130380901  -0.0045198773
C   -0.5770147077  1.1201851466  -0.0023186525
C   -3.0488393917  -0.4248754997  0.0015821978
F   -4.9815917780  1.1652346725  0.0117263959
F   -3.2140404970  -1.8652547424  -2.0347664789
F   -3.1991286541  -1.8733816247  2.0334970928
F   -0.6081393486  2.5872155230  2.0553676363
F   -0.6136615960  2.5880018735  -2.0587731980
F   1.9168153829  -1.9646900525  -2.0293104999
F   1.9330455118  -1.9413794466  2.0372916251
H   7.5762728350  1.7274619766  -0.0689346695
H   6.6084978867  -0.9310884237  1.7329707421
H   6.5873531008  -1.0687856420  -1.6339444857
momentum
-0.5418602510922924  31.616191295566185  16.625681588886174
30.43885166928285  -28.883487718128944  -41.2978585095935
-33.5150458547044  -12.3800608200553  -22.68162122352842
-20.678353936226628  -18.601794557727025  31.60054075868845
28.35836879550243  -0.12419235231582527  -50.09429113354704
-8.217946516873507  -44.76903554805471  36.501174936820725
-3.929937235033857  -1.577742566122654  12.460951882322473
21.134387545996745  38.4277422473411  -44.15261540128226
32.889256563626596  33.09910519425642  8.038527872454987
-32.74445458186633  28.45370394803249  -28.755918116569543
-16.320455723316524  39.588357409459135  25.377314671658553
4.262317263375179  -45.936942896750026  44.646165967340906
6.946234244963151  6.0813335778786035  1.9071846289241652
-16.18302662667233  -9.069211324772915  17.582010143056362
7.909352741834799  -15.162080757511642  -7.854652787551608
