C   6.3092958158  0.1278909773  0.0052366548
O   3.8276337154  1.1937151324  -0.0206583357
C   1.9010774949  -0.4130380901  -0.0045198773
C   -0.5770147077  1.1201851466  -0.0023186525
C   -3.0488393917  -0.4248754997  0.0015821978
F   -4.9815917780  1.1652346725  0.0117263959
F   -3.2140404970  -1.8652547424  -2.0347664789
F   -3.1991286541  -1.8733816247  2.0334970928
F   -0.6081393486  2.5872155230  2.0553676363
F   -0.6136615960  2.5880018735  -2.0587731980
F   1.9168153829  -1.9646900525  -2.0293104999
F   1.9330455118  -1.9413794466  2.0372916251
H   7.5762728350  1.7274619766  -0.0689346695
H   6.6084978867  -0.9310884237  1.7329707421
H   6.5873531008  -1.0687856420  -1.6339444857
momentum
2.029949831706322  -26.753141317446026  35.29945366517947
12.19941486965667  22.143293864125532  4.323810900776626
9.384669151914599  17.995887090138336  -13.79033537592684
6.323730495652983  22.327570019055262  1.090297148283171
-26.104782361055314  -4.049087518022695  -7.589723818311313
-20.2050671570385  -15.254120378912848  20.602137022637095
-10.88882726655887  -3.635649824570296  1.8801559390482252
54.69884976986546  31.113719300148947  -25.61084722041647
1.0720753495302153  -33.41973658006701  -26.213942902880735
2.5890201731554754  14.817919290928394  4.502317309123701
-23.947154898779395  -22.104911904237735  10.06547987581531
1.2855001320382147  -19.193271991679108  5.485868907334331
-1.1754035503688558  9.1261571706705  -5.630172880595171
-4.720619687833558  9.447444259283056  -2.09355023648771
-2.38814913812876  -2.980033166616227  -2.637638750645939
