C   6.3092958158  0.1278909773  0.0052366548
O   3.8276337154  1.1937151324  -0.0206583357
C   1.9010774949  -0.4130380901  -0.0045198773
C   -0.5770147077  1.1201851466  -0.0023186525
C   -3.0488393917  -0.4248754997  0.0015821978
F   -4.9815917780  1.1652346725  0.0117263959
F   -3.2140404970  -1.8652547424  -2.0347664789
F   -3.1991286541  -1.8733816247  2.0334970928
F   -0.6081393486  2.5872155230  2.0553676363
F   -0.6136615960  2.5880018735  -2.0587731980
F   1.9168153829  -1.9646900525  -2.0293104999
F   1.9330455118  -1.9413794466  2.0372916251
H   7.5762728350  1.7274619766  -0.0689346695
H   6.6084978867  -0.9310884237  1.7329707421
H   6.5873531008  -1.0687856420  -1.6339444857
momentum
-17.569618995588847  -57.17796696120359  35.49805151180216
2.057487043150666  26.43722904450478  8.529408509266956
-1.1694186588040907  -22.065105363553826  -29.933854636626794
2.1190530437793993  4.417670494981829  -79.26542689314077
35.88276506165328  -27.942617779981298  -6.435909654523998
-48.94230421649828  -5.638100653622066  24.535101339895338
20.602212846038437  40.14695905509722  -28.482118489158285
68.11250555587326  4.6773893154313635  38.206052391161194
-17.79457540581516  -6.228215792388425  32.717474595554044
27.28374435222122  -22.9896141924222  3.0400892007393243
-60.51733076935906  4.666803342696621  -15.207796438740484
-0.910109089595406  44.574825516644125  10.854530986161311
-8.586948724637645  5.21925712726871  -2.8874592626005557
-1.782732556694617  4.371168904013831  -0.3514042508239281
0.9017349609095555  7.0230566821706075  9.293539790499016
