C   6.3092958158  0.1278909773  0.0052366548
O   3.8276337154  1.1937151324  -0.0206583357
C   1.9010774949  -0.4130380901  -0.0045198773
C   -0.5770147077  1.1201851466  -0.0023186525
C   -3.0488393917  -0.4248754997  0.0015821978
F   -4.9815917780  1.1652346725  0.0117263959
F   -3.2140404970  -1.8652547424  -2.0347664789
F   -3.1991286541  -1.8733816247  2.0334970928
F   -0.6081393486  2.5872155230  2.0553676363
F   -0.6136615960  2.5880018735  -2.0587731980
F   1.9168153829  -1.9646900525  -2.0293104999
F   1.9330455118  -1.9413794466  2.0372916251
H   7.5762728350  1.7274619766  -0.0689346695
H   6.6084978867  -0.9310884237  1.7329707421
H   6.5873531008  -1.0687856420  -1.6339444857
momentum
14.466241211139309  -22.665043745861823  -50.35431615927097
-28.67566349844741  42.43673524575428  21.718950697089113
49.36907835790647  -35.58904734377363  13.201838112433071
21.562659283412525  -14.039475600578765  21.70531986700822
-8.803633466673066  -21.998037583503642  9.543159720220633
20.59788785635294  -43.43039865577338  6.507678905037279
7.756207365753608  59.40201245140417  -22.352097749642997
68.88230350198127  41.36604047221444  -23.158042086288923
2.338000175252576  -24.612524697352423  -48.73651866775007
4.160650688687261  -23.733071251204702  -0.11286345827580632
-49.125044590693  35.48591531524269  71.5164467386498
-96.02084923471925  -13.426838004683532  -7.456557789284535
-8.003205536605474  8.668279767141172  -1.2689332210665958
12.507434532551507  7.446354419148514  4.34548081580055
-10.941987403082912  5.141824542053074  4.534096325211899
