C   6.3092958158  0.1278909773  0.0052366548
O   3.8276337154  1.1937151324  -0.0206583357
C   1.9010774949  -0.4130380901  -0.0045198773
C   -0.5770147077  1.1201851466  -0.0023186525
C   -3.0488393917  -0.4248754997  0.0015821978
F   -4.9815917780  1.1652346725  0.0117263959
F   -3.2140404970  -1.8652547424  -2.0347664789
F   -3.1991286541  -1.8733816247  2.0334970928
F   -0.6081393486  2.5872155230  2.0553676363
F   -0.6136615960  2.5880018735  -2.0587731980
F   1.9168153829  -1.9646900525  -2.0293104999
F   1.9330455118  -1.9413794466  2.0372916251
H   7.5762728350  1.7274619766  -0.0689346695
H   6.6084978867  -0.9310884237  1.7329707421
H   6.5873531008  -1.0687856420  -1.6339444857
momentum
15.151971811363415  -10.379133485095974  14.646993223908538
25.922436633672937  28.489994808822182  19.712570142247344
4.587926399674621  13.01782753110503  -13.403607131781584
-9.45200939984459  31.48407347309012  -7.70121560532059
9.609855150834335  -5.878635996951129  16.695784323205192
17.201712278270506  -6.080825169787746  -8.639269614969647
-27.501650325570953  20.180792375442493  36.45425840660113
-27.655202712171416  9.374361763050944  23.363624074045564
-30.401971025473035  -39.94858265391981  -7.744441353636314
14.778872056436153  -32.6915070047974  -25.615217707121058
-9.033559696194684  -0.3756157114596962  -55.033615244911246
18.792848055363276  -16.650880020942328  -9.078283024911364
-4.926647626456548  -5.202232552946188  6.179400239009453
-0.758115774661413  7.829963294930374  -2.6785349760470387
3.8345959092357065  6.13805462076231  12.34046016189259
