C   6.3092958158  0.1278909773  0.0052366548
O   3.8276337154  1.1937151324  -0.0206583357
C   1.9010774949  -0.4130380901  -0.0045198773
C   -0.5770147077  1.1201851466  -0.0023186525
C   -3.0488393917  -0.4248754997  0.0015821978
F   -4.9815917780  1.1652346725  0.0117263959
F   -3.2140404970  -1.8652547424  -2.0347664789
F   -3.1991286541  -1.8733816247  2.0334970928
F   -0.6081393486  2.5872155230  2.0553676363
F   -0.6136615960  2.5880018735  -2.0587731980
F   1.9168153829  -1.9646900525  -2.0293104999
F   1.9330455118  -1.9413794466  2.0372916251
H   7.5762728350  1.7274619766  -0.0689346695
H   6.6084978867  -0.9310884237  1.7329707421
H   6.5873531008  -1.0687856420  -1.6339444857
momentum
-24.78095339093281  30.006137442543032  -12.658923403836921
-5.734321593453734  1.465475917384974  25.322829583992462
40.235206673175504  -58.9047013594312  21.590627074522455
7.190593903316533  14.573445615854851  -18.450704332988085
4.698359396460115  12.68171450302627  -12.094508714156454
0.9744318711468134  -46.955853392401636  20.293199405981866
-11.160394711577199  13.574331584453253  16.994520190697976
-19.530511516109193  10.044530885489511  -45.881091221997124
45.626916139361256  22.150560413256347  13.228477840785457
-13.21913394083576  27.008786885929418  -10.936767222390065
-13.828966434182789  -33.380266447051376  -15.956518025474166
-18.59179544825299  2.1936605829263645  19.390473742848325
-6.009558819393837  19.039780361878773  -13.96466055837679
3.934701747876824  -8.76728493410461  8.083980509092822
10.115828198229543  -4.488599911783332  5.147613279130818
