C   6.3092958158  0.1278909773  0.0052366548
O   3.8276337154  1.1937151324  -0.0206583357
C   1.9010774949  -0.4130380901  -0.0045198773
C   -0.5770147077  1.1201851466  -0.0023186525
C   -3.0488393917  -0.4248754997  0.0015821978
F   -4.9815917780  1.1652346725  0.0117263959
F   -3.2140404970  -1.8652547424  -2.0347664789
F   -3.1991286541  -1.8733816247  2.0334970928
F   -0.6081393486  2.5872155230  2.0553676363
F   -0.6136615960  2.5880018735  -2.0587731980
F   1.9168153829  -1.9646900525  -2.0293104999
F   1.9330455118  -1.9413794466  2.0372916251
H   7.5762728350  1.7274619766  -0.0689346695
H   6.6084978867  -0.9310884237  1.7329707421
H   6.5873531008  -1.0687856420  -1.6339444857
momentum
-23.999086226115523  23.813339660393407  -28.424461390265762
-31.531392557425217  -7.932260633579185  4.264754238973311
9.423341993144849  -31.30993315924079  -28.262295361687624
-4.36636590181732  -24.945994125091268  69.87572628312576
31.54213085611208  -21.058681311516498  -13.006579769039128
52.00550791714176  42.323480534153454  -11.553841893439749
32.26731900538178  14.808837324852965  -17.040345438223202
-21.89664183414073  17.54443337715602  -4.917288945214598
-40.88967304592201  2.711103812066244  34.928340981202446
-21.36455888906551  -18.02511667159111  -23.20500207748649
-13.132499285670493  -13.048614122314598  81.19405644999445
32.6649629901398  20.207270997518982  -53.996957040902615
10.96198810364987  -7.421730715297671  2.3899973794459757
-18.958784492712116  0.5062135663592832  -11.907378527859949
7.7332907157246416  2.1158960525960047  0.5558481996622234
