C   6.3092958158  0.1278909773  0.0052366548
O   3.8276337154  1.1937151324  -0.0206583357
C   1.9010774949  -0.4130380901  -0.0045198773
C   -0.5770147077  1.1201851466  -0.0023186525
C   -3.0488393917  -0.4248754997  0.0015821978
F   -4.9815917780  1.1652346725  0.0117263959
F   -3.2140404970  -1.8652547424  -2.0347664789
F   -3.1991286541  -1.8733816247  2.0334970928
F   -0.6081393486  2.5872155230  2.0553676363
F   -0.6136615960  2.5880018735  -2.0587731980
F   1.9168153829  -1.9646900525  -2.0293104999
F   1.9330455118  -1.9413794466  2.0372916251
H   7.5762728350  1.7274619766  -0.0689346695
H   6.6084978867  -0.9310884237  1.7329707421
H   6.5873531008  -1.0687856420  -1.6339444857
momentum
-10.260469781429059  57.44348318428144  30.383458372280387
6.185269683777321  -28.358968862416923  -9.712895380284163
-34.93531503596695  -14.384197337452232  -21.700442393633722
25.415756335448062  -10.927571711410431  -11.996871643968944
-12.189020263182455  3.355776124137252  -2.3886174837709047
-10.805924677348921  1.0849060285146022  -14.888351566402195
-15.133487742877769  13.490842324519281  30.41080949878341
10.275251558862697  -17.683405535952087  22.3227607971842
26.43312169046571  11.506362311118542  26.25771571006229
21.46926157980323  4.420648593144368  0.8989266733714142
1.1318157629430194  -46.415454420831765  -35.79228482776558
-18.163780080066964  15.714147924424493  -25.635280936190625
7.807951232060474  -15.041106911685137  9.114882121074773
-9.462988564686595  11.160894609677566  1.471631846346039
12.23199763756372  14.238182477715409  1.2558555085837093
