C   6.3092958158  0.1278909773  0.0052366548
O   3.8276337154  1.1937151324  -0.0206583357
C   1.9010774949  -0.4130380901  -0.0045198773
C   -0.5770147077  1.1201851466  -0.0023186525
C   -3.0488393917  -0.4248754997  0.0015821978
F   -4.9815917780  1.1652346725  0.0117263959
F   -3.2140404970  -1.8652547424  -2.0347664789
F   -3.1991286541  -1.8733816247  2.0334970928
F   -0.6081393486  2.5872155230  2.0553676363
F   -0.6136615960  2.5880018735  -2.0587731980
F   1.9168153829  -1.9646900525  -2.0293104999
F   1.9330455118  -1.9413794466  2.0372916251
H   7.5762728350  1.7274619766  -0.0689346695
H   6.6084978867  -0.9310884237  1.7329707421
H   6.5873531008  -1.0687856420  -1.6339444857
momentum
-15.147264973435494  -13.943055465714142  3.483482993338289
5.990098823503163  -16.46256987442997  -30.23563552461976
-18.82634898794068  -14.911275896651  -11.297181326495965
-13.739510477917213  16.195325701675966  8.998386522377842
14.101685882897394  -2.9924460070753187  -3.2875366178468295
-34.68607518310839  -9.561895333727728  -1.3217124147690649
42.44292296510192  -12.858786942324786  28.317516176702757
-3.0079735699854147  -26.914701670967602  -25.59950256151395
-2.830892787788142  22.104143691287486  18.440100351126063
44.37174138346928  -5.0811270105615245  4.736585376085118
-25.422552223464304  37.54692771254439  -3.326586447126609
12.102841071801635  42.584202720599606  16.300200945601485
9.082204276105701  5.655722927133477  2.9238608932616255
-11.135888965789826  -15.991619400863646  -11.917418840770512
-3.3829360438402962  -5.400625887906674  4.648593862454529
