C   6.3092958158  0.1278909773  0.0052366548
O   3.8276337154  1.1937151324  -0.0206583357
C   1.9010774949  -0.4130380901  -0.0045198773
C   -0.5770147077  1.1201851466  -0.0023186525
C   -3.0488393917  -0.4248754997  0.0015821978
F   -4.9815917780  1.1652346725  0.0117263959
F   -3.2140404970  -1.8652547424  -2.0347664789
F   -3.1991286541  -1.8733816247  2.0334970928
F   -0.6081393486  2.5872155230  2.0553676363
F   -0.6136615960  2.5880018735  -2.0587731980
F   1.9168153829  -1.9646900525  -2.0293104999
F   1.9330455118  -1.9413794466  2.0372916251
H   7.5762728350  1.7274619766  -0.0689346695
H   6.6084978867  -0.9310884237  1.7329707421
H   6.5873531008  -1.0687856420  -1.6339444857
momentum
12.05340781347255  -22.36757305119922  -24.639868002301686
21.151802388512667  56.90708220195291  44.13265531903076
54.91869949124589  -16.814894555323928  -2.609814406324125
-11.903494814585171  -13.8992671824915  -45.77132316571255
9.811898321056185  -14.836567731356311  56.04094173100956
-20.596883967977206  25.309700432073257  22.437314899711826
41.6226467470649  25.984880078142744  35.97016023493592
-55.58969667504928  9.927918611552686  -17.710472716316012
-19.0745758986436  -30.103683510681893  -78.05759831150414
-21.483279838447455  -12.781706250133746  6.8700196662404105
-8.637144607477419  15.63709312457953  -15.236870871430746
9.04551854517526  -25.17188566272341  1.4506824437738681
-6.650326078595119  -5.963027550049318  14.345625949487658
-3.7180295815210127  0.05716367739524345  -2.0331624270438287
-0.7604194781215761  8.627643046284941  4.691679313638378
