C   6.3092958158  0.1278909773  0.0052366548
O   3.8276337154  1.1937151324  -0.0206583357
C   1.9010774949  -0.4130380901  -0.0045198773
C   -0.5770147077  1.1201851466  -0.0023186525
C   -3.0488393917  -0.4248754997  0.0015821978
F   -4.9815917780  1.1652346725  0.0117263959
F   -3.2140404970  -1.8652547424  -2.0347664789
F   -3.1991286541  -1.8733816247  2.0334970928
F   -0.6081393486  2.5872155230  2.0553676363
F   -0.6136615960  2.5880018735  -2.0587731980
F   1.9168153829  -1.9646900525  -2.0293104999
F   1.9330455118  -1.9413794466  2.0372916251
H   7.5762728350  1.7274619766  -0.0689346695
H   6.6084978867  -0.9310884237  1.7329707421
H   6.5873531008  -1.0687856420  -1.6339444857
momentum
-14.622699895042198  -2.6429531875973886  7.293064471616184
19.42796008805544  3.2427224683168565  3.9799170507085004
-18.634453094461936  4.61343336044934  -37.2024650555255
-74.4856697542184  -24.35968759490171  11.274281702917271
-27.277649743741694  -13.848649581776264  -50.887827257436804
74.69218888576556  -11.481112492820499  45.598606327465525
7.829759076291672  6.770583452523758  22.54017487977199
-7.218526748641021  -29.40292269742805  -16.92547112954739
20.543975523144237  8.898031965512342  -28.541574636994998
-3.807590149396695  31.137663173881254  -10.804277440255937
-20.072385495781038  19.15672107062824  5.997920384012193
24.264282116402118  35.205439149875865  32.61212089093515
7.199619612722115  -10.761637659359904  3.344409009334191
2.0116626415431864  -7.289044241413596  11.650571234181852
9.998345819759312  -9.010907863295163  -0.12413204930902627
