C   6.3092958158  0.1278909773  0.0052366548
O   3.8276337154  1.1937151324  -0.0206583357
C   1.9010774949  -0.4130380901  -0.0045198773
C   -0.5770147077  1.1201851466  -0.0023186525
C   -3.0488393917  -0.4248754997  0.0015821978
F   -4.9815917780  1.1652346725  0.0117263959
F   -3.2140404970  -1.8652547424  -2.0347664789
F   -3.1991286541  -1.8733816247  2.0334970928
F   -0.6081393486  2.5872155230  2.0553676363
F   -0.6136615960  2.5880018735  -2.0587731980
F   1.9168153829  -1.9646900525  -2.0293104999
F   1.9330455118  -1.9413794466  2.0372916251
H   7.5762728350  1.7274619766  -0.0689346695
H   6.6084978867  -0.9310884237  1.7329707421
H   6.5873531008  -1.0687856420  -1.6339444857
momentum
-18.061600443306787  8.260302262676007  29.128699947043714
20.386804534077783  5.8328796397024645  17.65321323199659
4.054159769903924  6.632339471821046  -19.673859897574538
28.8491722989598  -2.071808624167999  0.08319793036111969
41.65103460149413  30.28043533962736  -5.14251757097778
-22.080448640096503  43.31326769768286  -36.58433926707897
-32.65859422321781  -73.34885065523716  49.67638920495903
22.073192554815737  -4.6395738870227055  11.33326902840175
-8.14075065679407  -5.7928859686941205  29.61912512535897
-7.847770925635536  36.72131062320082  0.5360058717815663
16.9715439734357  -36.17125060710958  -24.978668105292353
-24.705152005761274  -28.446952700182937  -47.39070945871699
-2.2160650370057806  4.886888641027051  -7.5241709804497665
-11.49816406320025  10.52210265866799  -8.01243165364385
-6.413400979650091  3.1114000261767645  10.533373414033647
