C   6.3092958158  0.1278909773  0.0052366548
O   3.8276337154  1.1937151324  -0.0206583357
C   1.9010774949  -0.4130380901  -0.0045198773
C   -0.5770147077  1.1201851466  -0.0023186525
C   -3.0488393917  -0.4248754997  0.0015821978
F   -4.9815917780  1.1652346725  0.0117263959
F   -3.2140404970  -1.8652547424  -2.0347664789
F   -3.1991286541  -1.8733816247  2.0334970928
F   -0.6081393486  2.5872155230  2.0553676363
F   -0.6136615960  2.5880018735  -2.0587731980
F   1.9168153829  -1.9646900525  -2.0293104999
F   1.9330455118  -1.9413794466  2.0372916251
H   7.5762728350  1.7274619766  -0.0689346695
H   6.6084978867  -0.9310884237  1.7329707421
H   6.5873531008  -1.0687856420  -1.6339444857
momentum
-56.96369679668158  56.72076049989379  45.16719633295183
0.8332431399896235  9.329010265414013  18.405120415343383
-17.03648871551754  -50.56937452319756  25.37257422825209
45.85648750149272  -27.432468206352468  -15.945853559050203
-13.400224257340733  30.552974016336982  -11.127990771676295
-0.6058996132230837  0.30688149602179404  13.86099329726119
-32.448482249704035  13.192005030288499  29.61284624354126
53.627646199110714  -8.669295981114796  -11.309874703080018
5.697251272296523  -11.544785761830418  -15.482772883780038
3.978653887705758  16.64237055977935  -36.75016957773633
-23.12542936014835  -14.146546791304415  -43.75807639357476
29.775268367746836  8.307999427841985  -7.26805823248782
2.4681398768529847  -3.803251792891287  0.8849447944769847
8.563386687195855  -9.593628979301203  -1.1928923679174979
-7.123794536340905  -9.55828439491655  9.085384458276458
