C   6.3092958158  0.1278909773  0.0052366548
O   3.8276337154  1.1937151324  -0.0206583357
C   1.9010774949  -0.4130380901  -0.0045198773
C   -0.5770147077  1.1201851466  -0.0023186525
C   -3.0488393917  -0.4248754997  0.0015821978
F   -4.9815917780  1.1652346725  0.0117263959
F   -3.2140404970  -1.8652547424  -2.0347664789
F   -3.1991286541  -1.8733816247  2.0334970928
F   -0.6081393486  2.5872155230  2.0553676363
F   -0.6136615960  2.5880018735  -2.0587731980
F   1.9168153829  -1.9646900525  -2.0293104999
F   1.9330455118  -1.9413794466  2.0372916251
H   7.5762728350  1.7274619766  -0.0689346695
H   6.6084978867  -0.9310884237  1.7329707421
H   6.5873531008  -1.0687856420  -1.6339444857
momentum
-1.498025156312131  -19.973732687962546  -5.040524000946161
14.344283835370929  -38.7568371532297  17.141369814748685
37.11328951093703  9.987384316015632  13.662300549390206
-40.851006162098116  22.048924906227477  -2.590279991203019
-33.88143092116842  -23.360808035141257  38.742778022922955
7.6230821441052  -44.18124177804329  -45.17654840368539
-12.914876969667883  52.71388436059409  -10.135944077103694
5.6365140702328285  -14.20667124124151  41.81731980619476
-10.165296476863446  21.59868788342633  -22.828141292521654
3.734790334482875  8.20445080335802  17.863119840451116
31.810303088422106  7.806434461699748  -10.959513861733818
-0.08421109030982314  25.530113169930885  -21.67143531322637
-8.464657103592584  -4.00864354894721  -1.1042172074405396
1.34103586827857  2.0767474771687766  -12.429920676284182
6.0539060076508555  -5.5323865204355895  3.1211610314606077
