C   6.3092958158  0.1278909773  0.0052366548
O   3.8276337154  1.1937151324  -0.0206583357
C   1.9010774949  -0.4130380901  -0.0045198773
C   -0.5770147077  1.1201851466  -0.0023186525
C   -3.0488393917  -0.4248754997  0.0015821978
F   -4.9815917780  1.1652346725  0.0117263959
F   -3.2140404970  -1.8652547424  -2.0347664789
F   -3.1991286541  -1.8733816247  2.0334970928
F   -0.6081393486  2.5872155230  2.0553676363
F   -0.6136615960  2.5880018735  -2.0587731980
F   1.9168153829  -1.9646900525  -2.0293104999
F   1.9330455118  -1.9413794466  2.0372916251
H   7.5762728350  1.7274619766  -0.0689346695
H   6.6084978867  -0.9310884237  1.7329707421
H   6.5873531008  -1.0687856420  -1.6339444857
momentum
26.05676296416761  23.935568565221438  -12.55522152868573
-51.88536772959716  -14.76803162251954  35.80257220116953
0.21655669084959966  -11.207872890178827  -3.0018928430739695
-42.73976298966092  -13.180877597010262  -28.859043210088593
-40.44574057399498  10.752937726128962  3.37935716011555
6.475876636782269  -7.731379646688675  10.882136742308813
-37.88021911648088  42.860033632049195  -26.437543682371768
10.322240029092702  7.089990577233448  24.925999179038662
12.932246303511192  35.37384433035998  -8.717510759014466
23.050368426890994  -28.955641852068695  62.124595346243275
90.75274972720817  -80.7011486323494  0.5921281312518932
-8.813518212319627  27.64631872635538  -59.100152630442196
-0.6390456665404194  4.809697172517781  -7.13844840966119
2.640617485834815  -4.766941074444744  6.6019938844690875
10.092464173989187  9.42001025025105  1.7132038216245344
