C   6.3092958158  0.1278909773  0.0052366548
O   3.8276337154  1.1937151324  -0.0206583357
C   1.9010774949  -0.4130380901  -0.0045198773
C   -0.5770147077  1.1201851466  -0.0023186525
C   -3.0488393917  -0.4248754997  0.0015821978
F   -4.9815917780  1.1652346725  0.0117263959
F   -3.2140404970  -1.8652547424  -2.0347664789
F   -3.1991286541  -1.8733816247  2.0334970928
F   -0.6081393486  2.5872155230  2.0553676363
F   -0.6136615960  2.5880018735  -2.0587731980
F   1.9168153829  -1.9646900525  -2.0293104999
F   1.9330455118  -1.9413794466  2.0372916251
H   7.5762728350  1.7274619766  -0.0689346695
H   6.6084978867  -0.9310884237  1.7329707421
H   6.5873531008  -1.0687856420  -1.6339444857
momentum
9.890210787631077  -4.217214612249132  -0.9883879784759343
20.758947228906834  -31.85764952631855  3.8436813897446713
-22.148776438310193  10.92025238248501  -47.5266623677276
-28.546688613860074  -0.9047689461718872  -26.548430640715353
17.934649665384196  -51.17630316418598  20.35178325787502
-0.02880539776914231  0.5176342851162801  26.164597411762973
32.672681106855926  -1.179269414892765  -22.220782483439233
-42.7920276253144  26.70237449202702  -38.57944064783332
65.48907000899389  -37.75391065859347  -37.43200232702529
-24.475692306445197  31.982198934543653  34.91477422626868
-20.528170268950667  -7.482332795474874  69.57778397474256
2.7982008048128586  41.90445885019338  15.899696277357465
2.282749557427223  4.880633062718727  9.823480338299735
7.254305860928661  -1.3546424269972464  6.685582495052671
-20.837515650752827  19.31754119203626  -13.988033287111119
