C   6.3092958158  0.1278909773  0.0052366548
O   3.8276337154  1.1937151324  -0.0206583357
C   1.9010774949  -0.4130380901  -0.0045198773
C   -0.5770147077  1.1201851466  -0.0023186525
C   -3.0488393917  -0.4248754997  0.0015821978
F   -4.9815917780  1.1652346725  0.0117263959
F   -3.2140404970  -1.8652547424  -2.0347664789
F   -3.1991286541  -1.8733816247  2.0334970928
F   -0.6081393486  2.5872155230  2.0553676363
F   -0.6136615960  2.5880018735  -2.0587731980
F   1.9168153829  -1.9646900525  -2.0293104999
F   1.9330455118  -1.9413794466  2.0372916251
H   7.5762728350  1.7274619766  -0.0689346695
H   6.6084978867  -0.9310884237  1.7329707421
H   6.5873531008  -1.0687856420  -1.6339444857
momentum
71.29003766128137  -10.497302154454418  11.577377407666086
-35.0033342625161  -0.9953937421735873  9.082411076495271
-13.108603023672412  -8.153695537510348  -0.3853661669941661
8.125734109813049  -44.55439538668775  34.416100127751115
-31.88075672435585  9.746055209004687  0.6762403617261269
-37.37732072809692  -42.49995839261716  -11.66007252864994
38.90123300488777  42.88198660232033  18.652728059874228
16.794057264701383  10.133520559433881  61.38720817586243
9.607998020250946  29.52672975620212  -18.398496418689643
-2.58209610227878  18.33922120260241  -27.25940112108682
35.32630673415381  9.277942884988846  -47.00800411166704
-48.223211763619  -7.221600153663531  -40.82728468241004
-7.3115771467254245  -6.0034887835794235  1.671366635885697
-3.1428042039593658  4.604635665916168  10.57751569854281
-1.746083385332523  -3.9948474397982796  -3.0956739899576875
