C   6.3092958158  0.1278909773  0.0052366548
O   3.8276337154  1.1937151324  -0.0206583357
C   1.9010774949  -0.4130380901  -0.0045198773
C   -0.5770147077  1.1201851466  -0.0023186525
C   -3.0488393917  -0.4248754997  0.0015821978
F   -4.9815917780  1.1652346725  0.0117263959
F   -3.2140404970  -1.8652547424  -2.0347664789
F   -3.1991286541  -1.8733816247  2.0334970928
F   -0.6081393486  2.5872155230  2.0553676363
F   -0.6136615960  2.5880018735  -2.0587731980
F   1.9168153829  -1.9646900525  -2.0293104999
F   1.9330455118  -1.9413794466  2.0372916251
H   7.5762728350  1.7274619766  -0.0689346695
H   6.6084978867  -0.9310884237  1.7329707421
H   6.5873531008  -1.0687856420  -1.6339444857
momentum
-38.612157896399026  -13.480704012170493  5.947444960854452
-8.310601232376444  30.28586620159558  17.340215601978183
2.6868950434386947  -19.930659989787276  -12.23341073999834
-11.01605652176276  -22.89980273188062  6.7836183043424665
9.88907144021644  -6.72619835103785  3.917037836783514
0.4242169559195994  -2.7201864496604733  -7.551161278045523
52.83939904597264  62.668161660577574  1.2617596472293149
0.1352918056650153  -21.228793590832787  23.107613369445712
43.386971334370585  8.239632188357602  -0.29660600992325725
-35.903735871973026  17.013759269784853  -43.35166166735733
-31.3806676624381  -43.20542742737816  3.555166688971502
23.152843504358877  -3.6210292512199342  -16.618954078700906
1.994348745604662  9.406909394283396  6.7673019511735175
-9.213380882943705  4.014695729010953  13.483214833098106
-0.24204836632211343  2.5628018542781237  -2.5344632796788993
