C   6.3092958158  0.1278909773  0.0052366548
O   3.8276337154  1.1937151324  -0.0206583357
C   1.9010774949  -0.4130380901  -0.0045198773
C   -0.5770147077  1.1201851466  -0.0023186525
C   -3.0488393917  -0.4248754997  0.0015821978
F   -4.9815917780  1.1652346725  0.0117263959
F   -3.2140404970  -1.8652547424  -2.0347664789
F   -3.1991286541  -1.8733816247  2.0334970928
F   -0.6081393486  2.5872155230  2.0553676363
F   -0.6136615960  2.5880018735  -2.0587731980
F   1.9168153829  -1.9646900525  -2.0293104999
F   1.9330455118  -1.9413794466  2.0372916251
H   7.5762728350  1.7274619766  -0.0689346695
H   6.6084978867  -0.9310884237  1.7329707421
H   6.5873531008  -1.0687856420  -1.6339444857
momentum
-24.28908008150857  -31.78131370986416  47.09440443299202
-36.77173964333096  3.760683504741455  -1.773935252220368
56.90255780034088  -8.974404382885037  -21.275011511524376
42.70781988698685  -17.99062984164297  -17.161224195037445
-36.18111600938696  -18.033990995436035  11.856834451955358
22.437525367219024  36.151140412096424  -25.100367484868595
31.056133619390096  -15.916814511589893  31.21447991572309
12.41589551681281  -45.75984120043732  18.5356323522624
-28.356982316077794  3.1387004724760725  25.38650598848811
-0.0017865883888494797  42.90533555033075  -17.479524821814785
-33.82594311361455  7.658073322721739  -28.751159466422422
-2.9547436227091715  49.55165810467825  -0.12225072204656244
-2.532284405790413  6.03802850827043  -5.770993100739739
1.9320877966212913  -3.193790070631319  -3.2433740071603703
-3.098046193232971  -8.079516894803826  -13.19915505463159
