C   6.3092958158  0.1278909773  0.0052366548
O   3.8276337154  1.1937151324  -0.0206583357
C   1.9010774949  -0.4130380901  -0.0045198773
C   -0.5770147077  1.1201851466  -0.0023186525
C   -3.0488393917  -0.4248754997  0.0015821978
F   -4.9815917780  1.1652346725  0.0117263959
F   -3.2140404970  -1.8652547424  -2.0347664789
F   -3.1991286541  -1.8733816247  2.0334970928
F   -0.6081393486  2.5872155230  2.0553676363
F   -0.6136615960  2.5880018735  -2.0587731980
F   1.9168153829  -1.9646900525  -2.0293104999
F   1.9330455118  -1.9413794466  2.0372916251
H   7.5762728350  1.7274619766  -0.0689346695
H   6.6084978867  -0.9310884237  1.7329707421
H   6.5873531008  -1.0687856420  -1.6339444857
momentum
12.528950833787675  3.477229043815395  8.35831589806005
-9.40430454813295  -27.64215974812914  18.535932772970916
14.638499943592802  6.695982458079487  -53.08989451040372
-22.3307145061189  -7.669969761660088  -22.313589559234337
-4.274492445080506  -61.56534528343141  -11.49921905339679
1.784365230761334  31.285563389271772  3.386721291679355
31.331672757547203  31.27168608503543  43.42123205574999
-31.244063745339133  -11.442600341798897  25.002658828513034
-6.730559445425463  31.161758643332607  49.00689012544643
0.3361974138700778  0.2487667590817436  -38.772880142462654
23.802794644509415  16.321946591600042  13.358265372383205
-15.519859576992786  -14.249801027995229  -29.688088237205285
-11.037355668023071  -2.7296884115638145  -1.749454292503282
1.5461269505888373  15.476098971584214  -7.418689013052241
14.49320148072549  -11.021436241332744  3.5034348319469544
