C   6.3092958158  0.1278909773  0.0052366548
O   3.8276337154  1.1937151324  -0.0206583357
C   1.9010774949  -0.4130380901  -0.0045198773
C   -0.5770147077  1.1201851466  -0.0023186525
C   -3.0488393917  -0.4248754997  0.0015821978
F   -4.9815917780  1.1652346725  0.0117263959
F   -3.2140404970  -1.8652547424  -2.0347664789
F   -3.1991286541  -1.8733816247  2.0334970928
F   -0.6081393486  2.5872155230  2.0553676363
F   -0.6136615960  2.5880018735  -2.0587731980
F   1.9168153829  -1.9646900525  -2.0293104999
F   1.9330455118  -1.9413794466  2.0372916251
H   7.5762728350  1.7274619766  -0.0689346695
H   6.6084978867  -0.9310884237  1.7329707421
H   6.5873531008  -1.0687856420  -1.6339444857
momentum
-9.575645433186738  -17.12784132973043  -17.10042817677033
-0.3084622700920348  52.32132451612889  39.24509357300245
3.0313443423978406  -79.83422998663517  -15.17432560297007
3.615375634848213  32.58439516836226  -8.266793799083565
-20.110411264784656  -9.82084330171529  30.97300711360664
-5.973831821599576  -45.62062167836429  -6.698767940367816
-32.00713212022046  61.645501978153085  32.934828623293974
-32.59375554611767  -4.091240813109999  -42.88345195235663
-4.78867917057341  9.37172717714708  -22.17804541942555
29.927260099265098  -22.918480672229784  -7.226866602719902
21.590215212653558  17.346742835911463  15.52647510431271
60.7468803606919  8.888838901014362  9.798091054419734
-2.2742479931692747  -1.044768568731812  -9.681853526048505
-10.567493907782682  -6.2757406449478195  -2.555136847968406
-0.42805920981374657  4.677017333447386  3.787364951668615
