C   6.3092958158  0.1278909773  0.0052366548
O   3.8276337154  1.1937151324  -0.0206583357
C   1.9010774949  -0.4130380901  -0.0045198773
C   -0.5770147077  1.1201851466  -0.0023186525
C   -3.0488393917  -0.4248754997  0.0015821978
F   -4.9815917780  1.1652346725  0.0117263959
F   -3.2140404970  -1.8652547424  -2.0347664789
F   -3.1991286541  -1.8733816247  2.0334970928
F   -0.6081393486  2.5872155230  2.0553676363
F   -0.6136615960  2.5880018735  -2.0587731980
F   1.9168153829  -1.9646900525  -2.0293104999
F   1.9330455118  -1.9413794466  2.0372916251
H   7.5762728350  1.7274619766  -0.0689346695
H   6.6084978867  -0.9310884237  1.7329707421
H   6.5873531008  -1.0687856420  -1.6339444857
momentum
-2.5321548131684857  -2.399100368794367  -13.800260884247564
-42.02311988521969  -25.552216654864488  50.20521757305225
-56.249037127541264  6.452817935523339  4.534412346356915
26.04417337040705  73.9366705420681  -29.845941554832432
54.09990983187795  -33.69411767549071  19.4182690307303
-24.81940787875679  61.705977174630796  -44.76746268602294
40.55185439422098  1.7017115169246397  -20.593274250576286
35.32290179477847  -22.50576129266539  31.642313631237585
4.167827050391285  -37.80894624660187  -7.0463285009629235
-45.026695273581296  -16.499178052704373  13.12303142069276
-13.035875033968962  -6.414707530082922  35.33316585855049
1.9600818601458092  1.0430666632305838  -16.894763186996883
13.732300041894028  -1.7983219437958302  -2.050850675819063
11.927308363119081  4.670782864807866  0.8660983491909349
-4.1349217939317615  -3.2351975181895414  -19.832284294330464
