C   6.3092958158  0.1278909773  0.0052366548
O   3.8276337154  1.1937151324  -0.0206583357
C   1.9010774949  -0.4130380901  -0.0045198773
C   -0.5770147077  1.1201851466  -0.0023186525
C   -3.0488393917  -0.4248754997  0.0015821978
F   -4.9815917780  1.1652346725  0.0117263959
F   -3.2140404970  -1.8652547424  -2.0347664789
F   -3.1991286541  -1.8733816247  2.0334970928
F   -0.6081393486  2.5872155230  2.0553676363
F   -0.6136615960  2.5880018735  -2.0587731980
F   1.9168153829  -1.9646900525  -2.0293104999
F   1.9330455118  -1.9413794466  2.0372916251
H   7.5762728350  1.7274619766  -0.0689346695
H   6.6084978867  -0.9310884237  1.7329707421
H   6.5873531008  -1.0687856420  -1.6339444857
momentum
6.717525445552308  -29.2862887996215  6.353166540971855
-11.907597776176884  -33.44273390154542  15.832647021804032
-25.640426053411762  28.424347719961066  -19.34384370964301
10.36398879930206  35.83606571061608  -21.380445051926774
0.22265153656976605  -20.296072875165972  50.19151443432332
16.993595010722558  -39.65412484618853  -2.2905307506217722
17.874090134671725  -53.763494830097784  -50.0996590747344
20.902093130510025  -9.328267821351645  19.563876087682704
36.4567647889936  16.05632972413518  20.235944804914283
8.120977874803023  48.69084584549722  -13.785178523690087
-25.3718490132097  24.74977368924766  11.476296347395746
-45.099139791834624  44.90675490571945  -22.974731571423597
-10.50157696112027  -0.8043766180070473  -7.470463940090483
4.324330838046943  -9.909400651933716  19.2678719700735
-3.9732509045121382  -2.108600735084715  -5.86384825907983
