C   6.3092958158  0.1278909773  0.0052366548
O   3.8276337154  1.1937151324  -0.0206583357
C   1.9010774949  -0.4130380901  -0.0045198773
C   -0.5770147077  1.1201851466  -0.0023186525
C   -3.0488393917  -0.4248754997  0.0015821978
F   -4.9815917780  1.1652346725  0.0117263959
F   -3.2140404970  -1.8652547424  -2.0347664789
F   -3.1991286541  -1.8733816247  2.0334970928
F   -0.6081393486  2.5872155230  2.0553676363
F   -0.6136615960  2.5880018735  -2.0587731980
F   1.9168153829  -1.9646900525  -2.0293104999
F   1.9330455118  -1.9413794466  2.0372916251
H   7.5762728350  1.7274619766  -0.0689346695
H   6.6084978867  -0.9310884237  1.7329707421
H   6.5873531008  -1.0687856420  -1.6339444857
momentum
28.502904357989067  -32.23433325841806  -20.616337063190997
-10.460643440111125  -5.184164288233626  50.71400096396248
7.682111965243487  3.3942748349315632  -28.09712435501562
-16.962034872886193  -5.5187260791026915  59.911908633132555
-5.555857339149684  -16.082835038875405  -48.34954724903771
-24.527630320376897  3.997542944839122  15.862445948620701
-33.160973450438135  -33.519756048514274  -3.2117722461432665
57.82156966160556  66.3905369379202  -51.48167211513642
22.094536702670723  5.275289428968068  22.366117769397796
-11.0261608928698  -28.050116794045667  -10.19856237168646
-14.499514974118192  -0.07009134670622519  -36.076686854763274
-9.58716347376205  9.746885534439013  40.99480770758022
-1.7282305688718493  4.40701778526707  3.666145492803484
9.776269302567655  16.807615965962157  2.9283875979194236
1.734455275556042  10.209718986397629  1.1227704126083915
