C   6.3092958158  0.1278909773  0.0052366548
O   3.8276337154  1.1937151324  -0.0206583357
C   1.9010774949  -0.4130380901  -0.0045198773
C   -0.5770147077  1.1201851466  -0.0023186525
C   -3.0488393917  -0.4248754997  0.0015821978
F   -4.9815917780  1.1652346725  0.0117263959
F   -3.2140404970  -1.8652547424  -2.0347664789
F   -3.1991286541  -1.8733816247  2.0334970928
F   -0.6081393486  2.5872155230  2.0553676363
F   -0.6136615960  2.5880018735  -2.0587731980
F   1.9168153829  -1.9646900525  -2.0293104999
F   1.9330455118  -1.9413794466  2.0372916251
H   7.5762728350  1.7274619766  -0.0689346695
H   6.6084978867  -0.9310884237  1.7329707421
H   6.5873531008  -1.0687856420  -1.6339444857
momentum
11.793160167675378  -11.385459778173736  35.46195068531217
27.74592491799694  -0.26432867162439805  -15.714377759154706
38.415334035692716  -1.241919392108629  -10.348369537684883
-37.052348463045924  -21.991915146570957  20.058990655297784
-27.554184496126116  -20.56699531546402  -30.6435178704193
46.91549600232113  -42.78806455818497  37.2458631830961
-5.052055665007586  -8.696950637848905  5.367720253829847
-49.65734659612636  14.83391212165043  -2.2900631209122593
56.38228321847449  2.4195388346704187  -32.28732889094878
6.919377068333109  38.172963565866816  -7.315334512127333
-60.214242853427855  5.942459392102815  -14.877612858916214
-7.102803366264836  15.949431814049738  4.239695863108445
-11.580985761986778  6.9700847995227075  1.6151954689504133
1.3824848749864298  5.457550641938432  3.4893538775450703
8.202682092672749  16.86190444827578  5.720402207741947
