C   6.3092958158  0.1278909773  0.0052366548
O   3.8276337154  1.1937151324  -0.0206583357
C   1.9010774949  -0.4130380901  -0.0045198773
C   -0.5770147077  1.1201851466  -0.0023186525
C   -3.0488393917  -0.4248754997  0.0015821978
F   -4.9815917780  1.1652346725  0.0117263959
F   -3.2140404970  -1.8652547424  -2.0347664789
F   -3.1991286541  -1.8733816247  2.0334970928
F   -0.6081393486  2.5872155230  2.0553676363
F   -0.6136615960  2.5880018735  -2.0587731980
F   1.9168153829  -1.9646900525  -2.0293104999
F   1.9330455118  -1.9413794466  2.0372916251
H   7.5762728350  1.7274619766  -0.0689346695
H   6.6084978867  -0.9310884237  1.7329707421
H   6.5873531008  -1.0687856420  -1.6339444857
momentum
17.890397365922876  -17.257214864640297  26.97264990341682
-8.760578355686087  26.25669401232659  -6.734492000915888
-26.39830692015335  -17.634179175381142  -27.943925789248087
24.367962933679216  0.2899792380919795  -64.95725150584596
-5.137765749237448  -15.18752351511273  37.223426018753216
63.02115268507354  -13.274304347420738  -8.314929498635202
17.881424290830964  -38.046985598049154  58.19501689851831
16.863978674305137  51.00087969497154  4.857516978008919
-19.433440645862223  -3.1026172088364077  21.83323019555532
-12.301646806220827  -9.217341961359232  9.079111206247802
17.50870197717748  65.36027177019244  -38.384486643715
-89.53018623265937  -35.1524773711484  -17.45336975038147
14.184156032844935  2.192542204979889  -0.22765371296471706
-5.8129463223183  -2.778337833458897  2.917628108371573
-4.731703925558144  5.826991449930246  2.418601519765951
