C   6.3092958158  0.1278909773  0.0052366548
O   3.8276337154  1.1937151324  -0.0206583357
C   1.9010774949  -0.4130380901  -0.0045198773
C   -0.5770147077  1.1201851466  -0.0023186525
C   -3.0488393917  -0.4248754997  0.0015821978
F   -4.9815917780  1.1652346725  0.0117263959
F   -3.2140404970  -1.8652547424  -2.0347664789
F   -3.1991286541  -1.8733816247  2.0334970928
F   -0.6081393486  2.5872155230  2.0553676363
F   -0.6136615960  2.5880018735  -2.0587731980
F   1.9168153829  -1.9646900525  -2.0293104999
F   1.9330455118  -1.9413794466  2.0372916251
H   7.5762728350  1.7274619766  -0.0689346695
H   6.6084978867  -0.9310884237  1.7329707421
H   6.5873531008  -1.0687856420  -1.6339444857
momentum
6.174959799740556  6.078331362808409  -18.52173322392961
-29.35973989708778  16.751942196056138  -7.532679527847734
13.375084493402152  9.999143565865758  -4.06728014140858
11.922553764803531  -11.39724827350238  12.914106808126373
-5.177186962529098  -0.38608384784578587  -8.716392753206378
22.051674858814607  1.7686613258848154  18.7062617461064
14.042490512231806  -22.16317677412626  -26.809785726965888
-13.238777354286437  52.300132050111756  23.945402397888465
-32.15336576806451  -16.690753846157122  -7.564638353781122
26.317367581100797  -3.247718666874767  18.455649759421636
-18.699782246274648  -6.0797428138605945  -53.30533521241625
2.7745135836645085  -30.135976359567515  35.5497252920669
-10.29693756216466  -0.938350909453032  -3.2115149048114704
0.21402787732640272  2.1263248524153684  8.260581142444133
12.155875753113396  2.099697836920601  11.58379296870627
