C   6.3092958158  0.1278909773  0.0052366548
O   3.8276337154  1.1937151324  -0.0206583357
C   1.9010774949  -0.4130380901  -0.0045198773
C   -0.5770147077  1.1201851466  -0.0023186525
C   -3.0488393917  -0.4248754997  0.0015821978
F   -4.9815917780  1.1652346725  0.0117263959
F   -3.2140404970  -1.8652547424  -2.0347664789
F   -3.1991286541  -1.8733816247  2.0334970928
F   -0.6081393486  2.5872155230  2.0553676363
F   -0.6136615960  2.5880018735  -2.0587731980
F   1.9168153829  -1.9646900525  -2.0293104999
F   1.9330455118  -1.9413794466  2.0372916251
H   7.5762728350  1.7274619766  -0.0689346695
H   6.6084978867  -0.9310884237  1.7329707421
H   6.5873531008  -1.0687856420  -1.6339444857
momentum
35.751114572549234  5.081268627395042  -17.871585432708844
-74.53812354051855  -10.368548140296204  -26.7645289237793
24.796206225981688  -13.564733099778193  35.651128497571584
-24.172204589082018  25.110194799055755  34.91919892475043
36.95375679083065  -0.47823556192199507  -94.71774785375845
-62.29317549932097  -17.23859369681225  12.217497104024194
20.158199604661664  2.9138846432587684  9.746303468586953
7.904399741427141  -19.57311862796871  36.705584898673905
34.80637279798334  3.5974880626241603  7.523210924712378
90.64302152911696  -21.093732790363784  31.79187725017195
-52.44542940115531  -19.429627880429223  9.489478334543143
-45.04820304959634  54.11591730024097  -46.12490319017196
4.353389259847723  13.133425089483628  3.4142749207561054
0.9641130051304382  -8.02528514630352  -3.857780511156726
2.2321215707567075  6.07853326358229  8.516605663045887
