C   6.3092958158  0.1278909773  0.0052366548
O   3.8276337154  1.1937151324  -0.0206583357
C   1.9010774949  -0.4130380901  -0.0045198773
C   -0.5770147077  1.1201851466  -0.0023186525
C   -3.0488393917  -0.4248754997  0.0015821978
F   -4.9815917780  1.1652346725  0.0117263959
F   -3.2140404970  -1.8652547424  -2.0347664789
F   -3.1991286541  -1.8733816247  2.0334970928
F   -0.6081393486  2.5872155230  2.0553676363
F   -0.6136615960  2.5880018735  -2.0587731980
F   1.9168153829  -1.9646900525  -2.0293104999
F   1.9330455118  -1.9413794466  2.0372916251
H   7.5762728350  1.7274619766  -0.0689346695
H   6.6084978867  -0.9310884237  1.7329707421
H   6.5873531008  -1.0687856420  -1.6339444857
momentum
5.667225892962485  -18.305315634543142  43.50521446543315
-14.75268125897924  -45.74898519302953  -30.401044136492562
-7.934584572748542  16.447572242624897  34.97234953963335
-1.536537004898675  9.568441450171358  -8.13406335390553
15.613094600525697  -33.11515341991013  -13.715834907251432
-1.816690852171477  -11.718136404947137  34.45038474848748
32.52882824207497  80.92190128487277  19.940019042514475
-20.258421948104544  -3.473514146759895  -1.5908953277644131
-29.649364253538216  -7.308952943011066  -49.36185039142724
-24.3647687954428  -0.7066226812085915  1.7166264121490165
10.803791247542474  -24.26145274852888  -5.691107699698417
30.852770371467674  30.685828150015745  -11.852419033872637
-6.445753938609876  -0.05055436207802512  1.603350329310175
13.186074644220092  -9.210079103530994  -11.099842585282007
-2.354731016410781  16.113782337459938  -3.3264621075361043
