C   6.3092958158  0.1278909773  0.0052366548
O   3.8276337154  1.1937151324  -0.0206583357
C   1.9010774949  -0.4130380901  -0.0045198773
C   -0.5770147077  1.1201851466  -0.0023186525
C   -3.0488393917  -0.4248754997  0.0015821978
F   -4.9815917780  1.1652346725  0.0117263959
F   -3.2140404970  -1.8652547424  -2.0347664789
F   -3.1991286541  -1.8733816247  2.0334970928
F   -0.6081393486  2.5872155230  2.0553676363
F   -0.6136615960  2.5880018735  -2.0587731980
F   1.9168153829  -1.9646900525  -2.0293104999
F   1.9330455118  -1.9413794466  2.0372916251
H   7.5762728350  1.7274619766  -0.0689346695
H   6.6084978867  -0.9310884237  1.7329707421
H   6.5873531008  -1.0687856420  -1.6339444857
momentum
28.44554906431791  20.800146791309363  21.81236006116089
-59.928061326567374  -49.51359063544068  25.928974528942938
27.226482074273783  45.05088392033607  1.2072886510699399
17.28033921223649  -33.35574594052111  -30.366418006181807
-33.599851244980954  -15.06405115576825  36.60450483301441
7.2000691973750115  30.995707650305274  -25.325527133929643
-14.162666402252038  -20.702736125077475  5.017532270521772
37.22988662608242  -9.91252307164826  0.10563383782921025
33.55795113503716  -0.0183694256727966  0.03876816568549129
7.312486848542453  3.610644142901363  5.333115701615522
-6.0215212050676055  2.8886607889949367  -61.900089953396055
-41.848325311517264  21.15631469449454  40.8731796276404
-4.630292613696128  -0.2183258096011932  10.564714028170041
3.445330255865364  0.4452323355584838  -19.94708371685621
-1.9528669477917433  3.810896729880334  -9.36580191664489
