C   6.3092958158  0.1278909773  0.0052366548
O   3.8276337154  1.1937151324  -0.0206583357
C   1.9010774949  -0.4130380901  -0.0045198773
C   -0.5770147077  1.1201851466  -0.0023186525
C   -3.0488393917  -0.4248754997  0.0015821978
F   -4.9815917780  1.1652346725  0.0117263959
F   -3.2140404970  -1.8652547424  -2.0347664789
F   -3.1991286541  -1.8733816247  2.0334970928
F   -0.6081393486  2.5872155230  2.0553676363
F   -0.6136615960  2.5880018735  -2.0587731980
F   1.9168153829  -1.9646900525  -2.0293104999
F   1.9330455118  -1.9413794466  2.0372916251
H   7.5762728350  1.7274619766  -0.0689346695
H   6.6084978867  -0.9310884237  1.7329707421
H   6.5873531008  -1.0687856420  -1.6339444857
momentum
-80.52728809351783  11.685067423582135  -6.329452610785567
-16.303008381456294  38.45049837333853  17.328288381772076
-18.267845906118932  3.0765164909606986  34.27512292007151
-11.80367475914608  -23.678204992067098  -11.776669490470642
-14.896529329000032  26.09686553158302  -28.825306068428617
27.238393074649434  44.96357500551331  22.6454489049885
28.733498507651895  -27.19460470072905  25.851251284538264
33.60962037811998  29.444748334903892  8.449268254069777
16.700957089284774  -24.881425103911265  -8.195807445998065
-18.023238452550427  -23.804127546904898  3.1441016630423775
56.736540513030036  -13.89504471363651  -16.39246005735175
-13.992750310517229  -29.89621581833398  -53.22446843353785
9.823869708818934  5.920335361130514  -1.302897533118179
-5.780325936252238  -8.55469293504667  19.11298142642157
7.068682419674284  -7.402531293157547  -5.393009034551226
