C   6.3092958158  0.1278909773  0.0052366548
O   3.8276337154  1.1937151324  -0.0206583357
C   1.9010774949  -0.4130380901  -0.0045198773
C   -0.5770147077  1.1201851466  -0.0023186525
C   -3.0488393917  -0.4248754997  0.0015821978
F   -4.9815917780  1.1652346725  0.0117263959
F   -3.2140404970  -1.8652547424  -2.0347664789
F   -3.1991286541  -1.8733816247  2.0334970928
F   -0.6081393486  2.5872155230  2.0553676363
F   -0.6136615960  2.5880018735  -2.0587731980
F   1.9168153829  -1.9646900525  -2.0293104999
F   1.9330455118  -1.9413794466  2.0372916251
H   7.5762728350  1.7274619766  -0.0689346695
H   6.6084978867  -0.9310884237  1.7329707421
H   6.5873531008  -1.0687856420  -1.6339444857
momentum
-5.243390142852  24.341098906708535  2.8487115495235193
-8.505116393808645  -32.67162847627607  -2.5213118562269394
35.25374606125662  15.686742835983264  39.92395753380786
-1.3736224929141954  -35.426285450918414  -8.023476903599274
-22.88947188980532  -38.58822917792843  -16.51510232538615
26.794904628399543  -66.12151165423384  -22.88187503892138
37.197370535601756  56.93646389304626  14.154405356630988
1.7732476644836968  39.26790323646841  52.7880050337611
3.1275873863410606  25.97529372547413  -1.5970153150851296
0.8962349136279724  53.49286585271368  -0.18817002576944655
-36.66100710636447  -20.539433128381667  -56.28685291870431
-38.22957119920579  -22.590777652550436  -6.538331226802129
-1.097481133879833  2.455149869918305  -11.656381358562681
6.831987935301549  1.1767371507845525  11.96530857154302
1.6850127455872588  -3.4734517211081197  4.144283313153848
