C   6.3092958158  0.1278909773  0.0052366548
O   3.8276337154  1.1937151324  -0.0206583357
C   1.9010774949  -0.4130380901  -0.0045198773
C   -0.5770147077  1.1201851466  -0.0023186525
C   -3.0488393917  -0.4248754997  0.0015821978
F   -4.9815917780  1.1652346725  0.0117263959
F   -3.2140404970  -1.8652547424  -2.0347664789
F   -3.1991286541  -1.8733816247  2.0334970928
F   -0.6081393486  2.5872155230  2.0553676363
F   -0.6136615960  2.5880018735  -2.0587731980
F   1.9168153829  -1.9646900525  -2.0293104999
F   1.9330455118  -1.9413794466  2.0372916251
H   7.5762728350  1.7274619766  -0.0689346695
H   6.6084978867  -0.9310884237  1.7329707421
H   6.5873531008  -1.0687856420  -1.6339444857
momentum
29.5409221404583  -12.327762090649868  -33.612215659437936
-20.852720321304826  23.899588024149907  14.167022931553149
-3.4368047739155094  27.772109197182743  -3.0615262389099205
1.3034506970852984  8.006464518798227  1.5534578596851567
30.04485294256716  -27.75357424186226  -26.57218893856605
-26.45386635283827  43.60778517382181  -13.332364291654542
28.542269645787055  -47.07607645027819  3.9844389347392823
-0.35726761912929234  -37.10618098068605  32.31296758845628
63.42567305064677  11.287723590522024  8.141167182066967
16.417646494900232  -44.86120417996975  32.95373844556584
-25.912923790797947  34.256541325618365  -3.511095061692739
-61.256905972657606  37.592453839503875  -37.340783034536365
-13.61635863944747  5.94208541320653  15.617246871753093
-17.206402558923205  -8.47953022521516  12.629004479841544
-0.31891733808873474  -13.445485256567391  -4.281148949525517
