C   6.3092958158  0.1278909773  0.0052366548
O   3.8276337154  1.1937151324  -0.0206583357
C   1.9010774949  -0.4130380901  -0.0045198773
C   -0.5770147077  1.1201851466  -0.0023186525
C   -3.0488393917  -0.4248754997  0.0015821978
F   -4.9815917780  1.1652346725  0.0117263959
F   -3.2140404970  -1.8652547424  -2.0347664789
F   -3.1991286541  -1.8733816247  2.0334970928
F   -0.6081393486  2.5872155230  2.0553676363
F   -0.6136615960  2.5880018735  -2.0587731980
F   1.9168153829  -1.9646900525  -2.0293104999
F   1.9330455118  -1.9413794466  2.0372916251
H   7.5762728350  1.7274619766  -0.0689346695
H   6.6084978867  -0.9310884237  1.7329707421
H   6.5873531008  -1.0687856420  -1.6339444857
momentum
-25.69066026040232  30.82210249018836  33.093479556550896
-62.79608548612939  -16.940066234325094  -16.625669701249176
14.658278934343867  44.10949701636002  4.987896334547418
-16.783904381455688  -27.96453263648395  56.09752499000777
52.78455912516034  -27.033550792165997  -9.33790037207107
17.076279002011887  23.133807891795197  -0.48879906365267434
-65.83905010320541  -1.6368605585987537  -28.852410486092516
58.450848167704436  14.217498493664879  54.09254215067562
0.13347799068765975  -17.685406097515134  -38.52594816848418
-5.856962560660462  58.66585419114102  -68.13367770316344
9.5276986802899  13.655714631359617  25.28524058198524
25.711521169671574  -59.38175454216958  -40.60277520290388
-6.681822270813977  -12.102921769079352  0.9661418457642873
2.1325282470310456  -9.870335397526272  14.776841886595163
3.404009230088297  -11.683137944691916  12.493065366393548
