C   6.3092958158  0.1278909773  0.0052366548
O   3.8276337154  1.1937151324  -0.0206583357
C   1.9010774949  -0.4130380901  -0.0045198773
C   -0.5770147077  1.1201851466  -0.0023186525
C   -3.0488393917  -0.4248754997  0.0015821978
F   -4.9815917780  1.1652346725  0.0117263959
F   -3.2140404970  -1.8652547424  -2.0347664789
F   -3.1991286541  -1.8733816247  2.0334970928
F   -0.6081393486  2.5872155230  2.0553676363
F   -0.6136615960  2.5880018735  -2.0587731980
F   1.9168153829  -1.9646900525  -2.0293104999
F   1.9330455118  -1.9413794466  2.0372916251
H   7.5762728350  1.7274619766  -0.0689346695
H   6.6084978867  -0.9310884237  1.7329707421
H   6.5873531008  -1.0687856420  -1.6339444857
momentum
0.18114900520651686  -12.056476557199643  -3.470339812615288
-29.49208005023711  0.0009717498253527956  -12.331557050945694
1.2122445847501104  7.485751415912758  48.49368787087589
3.0875732490968195  -5.677285850263009  -5.200290334340975
-14.214438368819721  7.030449899794839  -3.699611880383968
21.94334478851402  37.35128064861043  -30.408994090860777
-20.86270726621863  -11.589545869636634  -9.082978054264695
17.17153919900575  -44.237561209515356  37.816490653371986
2.082012188782063  -18.039874109004195  5.098946991774912
18.92012629773499  18.54453819170876  -33.900362133156214
-47.4800342722358  -9.642963029080406  -7.6072486873471705
49.317854565442424  8.45254135943442  -10.270371727234462
-1.4312873186518884  -3.074123691177082  15.666584277137947
4.548984902548511  -0.7256800454979818  16.04345903109568
-5.352788725380973  26.178161184199677  -7.4430382631560335
