C   6.3092958158  0.1278909773  0.0052366548
O   3.8276337154  1.1937151324  -0.0206583357
C   1.9010774949  -0.4130380901  -0.0045198773
C   -0.5770147077  1.1201851466  -0.0023186525
C   -3.0488393917  -0.4248754997  0.0015821978
F   -4.9815917780  1.1652346725  0.0117263959
F   -3.2140404970  -1.8652547424  -2.0347664789
F   -3.1991286541  -1.8733816247  2.0334970928
F   -0.6081393486  2.5872155230  2.0553676363
F   -0.6136615960  2.5880018735  -2.0587731980
F   1.9168153829  -1.9646900525  -2.0293104999
F   1.9330455118  -1.9413794466  2.0372916251
H   7.5762728350  1.7274619766  -0.0689346695
H   6.6084978867  -0.9310884237  1.7329707421
H   6.5873531008  -1.0687856420  -1.6339444857
momentum
54.312832596135  10.644079749455125  28.160533557813764
-43.704590966121664  -13.908796410688392  -42.909128572410516
11.817082500663968  13.750632257892267  30.788629996639646
-24.976106272594507  17.802311039572146  10.919360645537806
-21.05528637820921  -38.041805661885455  16.376506037049015
54.77576493645983  14.724029725876425  13.243399196582788
-46.700595738521024  4.163520427697692  -35.268540886101405
-14.371941905760302  -12.594404460736277  -35.17523740016091
-32.900411178194084  18.992858966422677  26.039238041596384
44.66025432618265  -17.4971016384531  0.23611110331108245
-17.03344692651027  -18.83418228110867  36.05625935493438
18.101193262301905  13.895021539757398  -17.793019030064713
2.678141284451133  -4.788154867910143  -16.231987400778248
7.3846387898416435  5.1154667726880145  -12.815854263882045
7.241401254722781  6.011247896199656  -0.7429213193606231
