C   6.3092958158  0.1278909773  0.0052366548
O   3.8276337154  1.1937151324  -0.0206583357
C   1.9010774949  -0.4130380901  -0.0045198773
C   -0.5770147077  1.1201851466  -0.0023186525
C   -3.0488393917  -0.4248754997  0.0015821978
F   -4.9815917780  1.1652346725  0.0117263959
F   -3.2140404970  -1.8652547424  -2.0347664789
F   -3.1991286541  -1.8733816247  2.0334970928
F   -0.6081393486  2.5872155230  2.0553676363
F   -0.6136615960  2.5880018735  -2.0587731980
F   1.9168153829  -1.9646900525  -2.0293104999
F   1.9330455118  -1.9413794466  2.0372916251
H   7.5762728350  1.7274619766  -0.0689346695
H   6.6084978867  -0.9310884237  1.7329707421
H   6.5873531008  -1.0687856420  -1.6339444857
momentum
36.4944416872985  -30.873239638876722  -18.449236230459984
-10.70946138706761  -32.85628021894491  33.00247768914023
-18.86023224243505  27.06481358800963  -56.767728099552066
-10.23103987619578  16.98744291103358  -4.427615597425571
6.53244733653921  23.082754104830848  7.850301833817256
-17.19199325919998  -39.4779242014994  7.9039230269964
-36.33473621211994  -13.198802450519487  -27.04471128646343
19.304616810529375  -13.475194874654207  -5.459323061209474
40.563893723332974  1.3269274450253405  -26.463157722918353
-14.681718793109047  23.710961748884515  18.1297360288346
43.55427083232368  8.762679645825225  -7.422985289123232
-5.0470309149486345  30.118813049779202  66.5472933978843
-12.12914558881019  1.171646385265206  3.548453900011837
-5.082634334934132  -4.959908949536007  4.33501437227611
-16.39008993020826  3.152307112579509  4.289454992870557
