C   6.3092958158  0.1278909773  0.0052366548
O   3.8276337154  1.1937151324  -0.0206583357
C   1.9010774949  -0.4130380901  -0.0045198773
C   -0.5770147077  1.1201851466  -0.0023186525
C   -3.0488393917  -0.4248754997  0.0015821978
F   -4.9815917780  1.1652346725  0.0117263959
F   -3.2140404970  -1.8652547424  -2.0347664789
F   -3.1991286541  -1.8733816247  2.0334970928
F   -0.6081393486  2.5872155230  2.0553676363
F   -0.6136615960  2.5880018735  -2.0587731980
F   1.9168153829  -1.9646900525  -2.0293104999
F   1.9330455118  -1.9413794466  2.0372916251
H   7.5762728350  1.7274619766  -0.0689346695
H   6.6084978867  -0.9310884237  1.7329707421
H   6.5873531008  -1.0687856420  -1.6339444857
momentum
57.7898701573656  2.4426681991380375  -14.498067720095445
34.00609202719069  -27.206338489851536  5.792770251689064
-38.32934812988338  43.57705504575404  -3.5229840454191135
24.015259662995895  37.187366480466764  30.093257838650803
24.41269881394103  -29.657041859638067  5.24137725762093
13.518549774226022  -9.115110924381973  -18.44427252445396
14.606410272836133  10.547719621737407  -9.7827902338763
-21.8173208713485  6.3621347164775965  14.714058802191367
-8.796088425681967  -37.22202445342787  -30.720808649075174
-44.648731389565  -4.853847994125688  4.997008410857172
-47.056240965671485  6.3190186395433985  -12.121227448708755
0.8826476510556761  5.881651100556833  7.502703511377588
-2.4416687275777713  -9.977067984309487  10.52532910485471
2.1855646603334677  12.385164726098946  5.426621771834684
-8.402152926591784  -6.6035358080315465  3.908015145188479
