C   6.3092958158  0.1278909773  0.0052366548
O   3.8276337154  1.1937151324  -0.0206583357
C   1.9010774949  -0.4130380901  -0.0045198773
C   -0.5770147077  1.1201851466  -0.0023186525
C   -3.0488393917  -0.4248754997  0.0015821978
F   -4.9815917780  1.1652346725  0.0117263959
F   -3.2140404970  -1.8652547424  -2.0347664789
F   -3.1991286541  -1.8733816247  2.0334970928
F   -0.6081393486  2.5872155230  2.0553676363
F   -0.6136615960  2.5880018735  -2.0587731980
F   1.9168153829  -1.9646900525  -2.0293104999
F   1.9330455118  -1.9413794466  2.0372916251
H   7.5762728350  1.7274619766  -0.0689346695
H   6.6084978867  -0.9310884237  1.7329707421
H   6.5873531008  -1.0687856420  -1.6339444857
momentum
28.711849147535087  -31.57957320109786  -30.25829820535531
-24.50673741847838  25.445888631136782  -39.66006682830764
30.889502302301782  -11.91332343906337  10.420124686156594
-8.953340378757435  -22.754688896793756  51.19949589049885
10.024949410474369  8.969623919003405  16.097658152385385
49.702744858221266  -18.360163434408435  -7.43377253650571
32.25294594308843  -21.208518788722493  8.239329287609795
-52.6992359512185  20.037083501183083  -11.556485411232183
-20.650350343691255  -23.099686153689394  -25.28690535121479
4.667172845632501  -16.114737775097964  40.88756627405628
-12.810852858016881  44.19478238826707  -8.14449197924033
-45.435602429056345  54.85302550435351  -16.898169166483502
6.376694477522168  5.281432889614193  7.952371395849795
-7.587526589140498  -6.03941100496515  3.3806169874674366
9.842314517024281  -6.925338449766895  1.0450685244665634
