C   6.3092958158  0.1278909773  0.0052366548
O   3.8276337154  1.1937151324  -0.0206583357
C   1.9010774949  -0.4130380901  -0.0045198773
C   -0.5770147077  1.1201851466  -0.0023186525
C   -3.0488393917  -0.4248754997  0.0015821978
F   -4.9815917780  1.1652346725  0.0117263959
F   -3.2140404970  -1.8652547424  -2.0347664789
F   -3.1991286541  -1.8733816247  2.0334970928
F   -0.6081393486  2.5872155230  2.0553676363
F   -0.6136615960  2.5880018735  -2.0587731980
F   1.9168153829  -1.9646900525  -2.0293104999
F   1.9330455118  -1.9413794466  2.0372916251
H   7.5762728350  1.7274619766  -0.0689346695
H   6.6084978867  -0.9310884237  1.7329707421
H   6.5873531008  -1.0687856420  -1.6339444857
momentum
14.616916189853743  2.1029279160700494  -56.10720123494022
25.506762718785826  -53.722729650226434  38.224575661141785
-57.83969525277855  -0.7747703594203947  38.873420446232394
-2.848761861184334  3.4774354510455536  3.6127653856406363
-2.327654896707706  -16.634071049062847  -16.367222619446277
-23.68290075988528  41.56136437197117  4.464869917377221
-44.0742336900912  3.0325713550360645  -11.906682297318907
56.77755427595862  -4.744582148726674  -42.35332032349875
-37.73995526971381  -22.486113931037796  -39.16681449804512
-37.08398912220561  -16.815075453827777  56.40444608192911
64.88258118554221  10.516294069869579  25.645331300631646
2.5404942861689612  78.73166146241108  3.79328596850159
16.82094928066953  -10.232714161015506  -5.813798545758608
11.832818939393665  -5.996543042369462  1.485849897804394
12.725285946109876  -7.576611871378932  -0.4592043953519798
