C   6.3092958158  0.1278909773  0.0052366548
O   3.8276337154  1.1937151324  -0.0206583357
C   1.9010774949  -0.4130380901  -0.0045198773
C   -0.5770147077  1.1201851466  -0.0023186525
C   -3.0488393917  -0.4248754997  0.0015821978
F   -4.9815917780  1.1652346725  0.0117263959
F   -3.2140404970  -1.8652547424  -2.0347664789
F   -3.1991286541  -1.8733816247  2.0334970928
F   -0.6081393486  2.5872155230  2.0553676363
F   -0.6136615960  2.5880018735  -2.0587731980
F   1.9168153829  -1.9646900525  -2.0293104999
F   1.9330455118  -1.9413794466  2.0372916251
H   7.5762728350  1.7274619766  -0.0689346695
H   6.6084978867  -0.9310884237  1.7329707421
H   6.5873531008  -1.0687856420  -1.6339444857
momentum
-73.50056156022893  -47.099835070629545  2.822274488464511
28.62336085474539  -6.6350115494371265  -8.333948915019366
20.27258165623582  33.24587835333721  -7.85805213728489
1.967817912274654  -35.17704096612963  -9.159409437962895
57.44061446765208  -12.599419690512754  15.175812212471076
-54.851788022866785  15.677270046810714  -6.740923821060202
-9.914662931658315  3.8188757480987996  -8.336914408430484
40.364801422035484  -31.426668697428596  6.528067070602793
-4.943519910593943  34.289676036839076  -7.0306922263790845
6.975428433808618  -22.062026793501015  6.221627757095052
-13.945916058987974  45.89933125807372  -20.386226472653657
3.203425671346587  28.709931724643248  19.53234471694919
2.5955514494406193  1.9780031373802849  4.168570975214576
-7.573110151221605  -15.909376285599192  18.97905677293166
2.869544895532008  7.561840062419914  -5.345700636277158
