C   6.3092958158  0.1278909773  0.0052366548
O   3.8276337154  1.1937151324  -0.0206583357
C   1.9010774949  -0.4130380901  -0.0045198773
C   -0.5770147077  1.1201851466  -0.0023186525
C   -3.0488393917  -0.4248754997  0.0015821978
F   -4.9815917780  1.1652346725  0.0117263959
F   -3.2140404970  -1.8652547424  -2.0347664789
F   -3.1991286541  -1.8733816247  2.0334970928
F   -0.6081393486  2.5872155230  2.0553676363
F   -0.6136615960  2.5880018735  -2.0587731980
F   1.9168153829  -1.9646900525  -2.0293104999
F   1.9330455118  -1.9413794466  2.0372916251
H   7.5762728350  1.7274619766  -0.0689346695
H   6.6084978867  -0.9310884237  1.7329707421
H   6.5873531008  -1.0687856420  -1.6339444857
momentum
-17.22604464184229  -61.18016763285431  -20.071578218998642
-48.46217165705436  -20.266280190439197  13.82155624985257
17.542780333645954  -9.058561519537488  -29.465817361502044
-22.90478810039213  10.533602611421989  -2.3732610975443498
-7.122234432823031  -39.50982758050079  0.6850194556518937
-30.2893595105389  6.274214550506848  0.772922756634969
45.73724163548377  45.032551552017374  -8.233115149987889
0.9951656237449377  -6.733537051316367  43.954407972811104
-20.68935865710498  15.676812626302329  31.24421680798527
28.130017367032483  18.800473314099158  -46.51758941349039
29.644617233384558  13.339440543078053  17.469851201053526
14.894766643664902  -7.157104959398578  -3.5590721050805643
0.1056236158406217  16.4939073336256  -16.076472082333833
6.953987007661012  8.529006632610674  13.633106752201975
2.463666836266931  8.560166361049488  4.513341857571116
