C   6.3092958158  0.1278909773  0.0052366548
O   3.8276337154  1.1937151324  -0.0206583357
C   1.9010774949  -0.4130380901  -0.0045198773
C   -0.5770147077  1.1201851466  -0.0023186525
C   -3.0488393917  -0.4248754997  0.0015821978
F   -4.9815917780  1.1652346725  0.0117263959
F   -3.2140404970  -1.8652547424  -2.0347664789
F   -3.1991286541  -1.8733816247  2.0334970928
F   -0.6081393486  2.5872155230  2.0553676363
F   -0.6136615960  2.5880018735  -2.0587731980
F   1.9168153829  -1.9646900525  -2.0293104999
F   1.9330455118  -1.9413794466  2.0372916251
H   7.5762728350  1.7274619766  -0.0689346695
H   6.6084978867  -0.9310884237  1.7329707421
H   6.5873531008  -1.0687856420  -1.6339444857
momentum
-13.014807299421642  -27.993986715017858  24.8234936722951
12.638351278903935  24.8650173672674  12.633634306849215
-15.760011591733887  15.445223002418793  8.133052856435938
18.447252222292967  -2.889644576073854  -53.113104874857854
10.303694263690591  6.343543937310193  -5.925858203920648
-36.06540262014437  -20.861952311201637  27.88853515855599
-17.452491531703576  -24.46643026232225  -3.445525706739853
-42.73098334701082  -22.066750706490584  27.075831901046072
33.74692533774609  -6.321779773273046  -1.5176985664545188
27.341627384099013  59.51996812124943  -11.501862167097968
5.580995000123771  -25.87207246011395  2.3873247314329493
11.048509543152342  0.30192317999646234  -16.00496194367479
15.104473589768839  9.102945506224513  -6.079567055976836
-9.761295419000277  10.818777118118296  -6.9315052814715505
0.506287636583499  3.5781996006317462  1.3488533017106445
