C   6.3092958158  0.1278909773  0.0052366548
O   3.8276337154  1.1937151324  -0.0206583357
C   1.9010774949  -0.4130380901  -0.0045198773
C   -0.5770147077  1.1201851466  -0.0023186525
C   -3.0488393917  -0.4248754997  0.0015821978
F   -4.9815917780  1.1652346725  0.0117263959
F   -3.2140404970  -1.8652547424  -2.0347664789
F   -3.1991286541  -1.8733816247  2.0334970928
F   -0.6081393486  2.5872155230  2.0553676363
F   -0.6136615960  2.5880018735  -2.0587731980
F   1.9168153829  -1.9646900525  -2.0293104999
F   1.9330455118  -1.9413794466  2.0372916251
H   7.5762728350  1.7274619766  -0.0689346695
H   6.6084978867  -0.9310884237  1.7329707421
H   6.5873531008  -1.0687856420  -1.6339444857
momentum
-33.85798878997005  25.014627737584007  27.68873353514565
0.7067371460676741  -11.655400785114479  -30.66087566096331
0.2661430186991845  -23.675132195844903  -16.044045726692072
31.454049554577075  -3.259139143678218  6.370621922258432
-50.18977563870206  -5.501504291271361  -7.048632701536744
27.71687581462784  -2.044455590567274  -10.303613759068101
-46.669360932070816  -13.818608031196806  10.752459243149335
-43.62197189332163  -34.04360382742422  -2.20999064532079
57.05407764913737  -25.919378652446355  11.910839146943987
3.2299275524679296  39.63922816829297  -4.74233678235569
55.33721194666056  8.273373206160572  3.5162658720588493
10.391025202219957  56.45536546746892  24.55983098593862
4.329543091596112  1.5133812837232037  -4.397074736884876
-9.130014063880646  -6.198485674369268  -4.488179449415352
-7.213800486177736  -4.845515331915565  -4.894857452416522
