C   6.3092958158  0.1278909773  0.0052366548
O   3.8276337154  1.1937151324  -0.0206583357
C   1.9010774949  -0.4130380901  -0.0045198773
C   -0.5770147077  1.1201851466  -0.0023186525
C   -3.0488393917  -0.4248754997  0.0015821978
F   -4.9815917780  1.1652346725  0.0117263959
F   -3.2140404970  -1.8652547424  -2.0347664789
F   -3.1991286541  -1.8733816247  2.0334970928
F   -0.6081393486  2.5872155230  2.0553676363
F   -0.6136615960  2.5880018735  -2.0587731980
F   1.9168153829  -1.9646900525  -2.0293104999
F   1.9330455118  -1.9413794466  2.0372916251
H   7.5762728350  1.7274619766  -0.0689346695
H   6.6084978867  -0.9310884237  1.7329707421
H   6.5873531008  -1.0687856420  -1.6339444857
momentum
20.960305420549695  -36.69363776565312  -41.96344102611017
-54.4717518774694  -13.73930585906696  -3.1066852071662385
-23.07321728329685  22.476259914105288  -14.980769712068051
-24.133880454630113  -51.39295270895295  2.2840789204367367
13.900240135541308  21.471980027570435  16.691261947463417
-14.234972608292564  -21.840732788504532  -29.371190801408815
43.18692756604961  -16.056425655549624  -21.318492392647606
10.471355586402193  -21.848192051559288  44.16050457771565
17.000805812381287  35.08843219341617  8.728396211814706
7.320428111642384  59.33384306616845  4.228724566711241
44.506856107362815  28.446957243659845  16.314664187598325
-36.19192774151472  7.351662904248995  11.53617327850685
11.8928600070275  -3.025517184701139  2.586758956650894
-2.8736342048226353  -4.414696539254639  3.653815488711993
-14.506397088448747  -4.463571273924795  0.29413038663941243
