C   6.3092958158  0.1278909773  0.0052366548
O   3.8276337154  1.1937151324  -0.0206583357
C   1.9010774949  -0.4130380901  -0.0045198773
C   -0.5770147077  1.1201851466  -0.0023186525
C   -3.0488393917  -0.4248754997  0.0015821978
F   -4.9815917780  1.1652346725  0.0117263959
F   -3.2140404970  -1.8652547424  -2.0347664789
F   -3.1991286541  -1.8733816247  2.0334970928
F   -0.6081393486  2.5872155230  2.0553676363
F   -0.6136615960  2.5880018735  -2.0587731980
F   1.9168153829  -1.9646900525  -2.0293104999
F   1.9330455118  -1.9413794466  2.0372916251
H   7.5762728350  1.7274619766  -0.0689346695
H   6.6084978867  -0.9310884237  1.7329707421
H   6.5873531008  -1.0687856420  -1.6339444857
momentum
-56.34535416572523  -8.741710042270956  19.07720974150218
-6.089968235000195  21.05635473054121  -12.318411920451544
-35.98900500554992  -32.14072639540864  -11.768763760899754
44.94006935130107  -8.14090037468672  23.99951656120404
20.022306969346356  -36.45112163309818  0.938377869501694
-5.700171656842627  20.373952723625465  4.343421535039687
6.04558751627221  -2.7263753924318426  3.3740341103583504
0.16899161927942352  0.5257280559775871  43.336291880878456
-49.057288342152624  8.293350007828018  13.833556019025446
33.77011110218875  55.24278838601496  -30.398940676181414
23.57081696547319  -28.15166823550803  -9.241347717813358
-2.838311976175738  11.068729784562729  -33.61692233015751
-0.8078004407892236  0.24104268411194435  -6.034841512833766
-0.7368310393847521  -5.018019042558735  0.17216815856940948
28.81075606482516  4.387163973792877  -4.844692405208304
