C   6.3092958158  0.1278909773  0.0052366548
O   3.8276337154  1.1937151324  -0.0206583357
C   1.9010774949  -0.4130380901  -0.0045198773
C   -0.5770147077  1.1201851466  -0.0023186525
C   -3.0488393917  -0.4248754997  0.0015821978
F   -4.9815917780  1.1652346725  0.0117263959
F   -3.2140404970  -1.8652547424  -2.0347664789
F   -3.1991286541  -1.8733816247  2.0334970928
F   -0.6081393486  2.5872155230  2.0553676363
F   -0.6136615960  2.5880018735  -2.0587731980
F   1.9168153829  -1.9646900525  -2.0293104999
F   1.9330455118  -1.9413794466  2.0372916251
H   7.5762728350  1.7274619766  -0.0689346695
H   6.6084978867  -0.9310884237  1.7329707421
H   6.5873531008  -1.0687856420  -1.6339444857
momentum
-59.13244748086837  -13.878723279165166  24.215241259398336
-2.1196659114628806  20.035641577270976  -6.371602438411901
12.97362492794933  44.38943617529732  -5.979840072075367
51.515437775455744  24.845899293302704  6.659964858049304
11.2323821713118  -12.585989815067945  18.28268773041317
-45.95356485410468  -23.373528881084393  -14.576122802580256
-71.68401645624174  -16.475769152342167  29.881527104260353
-18.619648772446872  -13.015217054341354  -13.80367359393944
37.01891181684676  -8.866461486516927  -34.910538395046686
35.59374000183572  6.499257932774333  11.460783042972555
19.70935550581449  2.3751146092729765  -18.555914849465154
26.017013879807546  -4.546893860487152  -9.155524873713576
8.912228612301618  2.849286106416803  7.772086305282302
-0.40155965685396255  -6.371353236465415  -0.38686938269404214
-5.022118702220308  -2.2270866068273256  5.144938354244784
