C   6.3092958158  0.1278909773  0.0052366548
O   3.8276337154  1.1937151324  -0.0206583357
C   1.9010774949  -0.4130380901  -0.0045198773
C   -0.5770147077  1.1201851466  -0.0023186525
C   -3.0488393917  -0.4248754997  0.0015821978
F   -4.9815917780  1.1652346725  0.0117263959
F   -3.2140404970  -1.8652547424  -2.0347664789
F   -3.1991286541  -1.8733816247  2.0334970928
F   -0.6081393486  2.5872155230  2.0553676363
F   -0.6136615960  2.5880018735  -2.0587731980
F   1.9168153829  -1.9646900525  -2.0293104999
F   1.9330455118  -1.9413794466  2.0372916251
H   7.5762728350  1.7274619766  -0.0689346695
H   6.6084978867  -0.9310884237  1.7329707421
H   6.5873531008  -1.0687856420  -1.6339444857
momentum
-26.846035088882587  -11.006989090059985  -4.530840892790232
27.85759887740648  12.388818801851  2.6128905084541105
-6.5274088243811565  -3.9569630015285573  5.669761994444853
-16.12918102424759  8.606997220453154  -11.202455512486685
-5.107540231458674  16.971472377683032  17.845614134181567
-14.193044521871881  -20.412144200494826  5.079240500930893
-38.04319622727691  41.606734696156835  -26.116739319069108
57.7630183892033  3.13927289635534  -33.56207437823023
-4.445100904239157  -14.984627347439984  -22.668857046355352
-11.9556839328153  -27.33806305750551  26.150977835354563
63.44938394254407  0.2026228396516409  54.78754653914849
-26.671875290627924  2.54955252855495  16.612515280468784
3.3961815513018463  1.9606250665933265  -13.81446373198263
0.405067440410923  -2.0877775161874714  -6.637544960521243
-2.646155594235288  -7.442392479937547  -9.707180371829345
