C   6.3092958158  0.1278909773  0.0052366548
O   3.8276337154  1.1937151324  -0.0206583357
C   1.9010774949  -0.4130380901  -0.0045198773
C   -0.5770147077  1.1201851466  -0.0023186525
C   -3.0488393917  -0.4248754997  0.0015821978
F   -4.9815917780  1.1652346725  0.0117263959
F   -3.2140404970  -1.8652547424  -2.0347664789
F   -3.1991286541  -1.8733816247  2.0334970928
F   -0.6081393486  2.5872155230  2.0553676363
F   -0.6136615960  2.5880018735  -2.0587731980
F   1.9168153829  -1.9646900525  -2.0293104999
F   1.9330455118  -1.9413794466  2.0372916251
H   7.5762728350  1.7274619766  -0.0689346695
H   6.6084978867  -0.9310884237  1.7329707421
H   6.5873531008  -1.0687856420  -1.6339444857
momentum
15.851322382473061  6.2154298723078565  -5.120687334011506
23.483672280354536  2.328781361602332  -19.329716294726843
43.83606609127939  -37.489608918455595  28.837656056017895
-22.39238649941596  -9.070667277060984  -0.38101807860215386
-19.42455726209487  -8.996026514631177  45.207776149786106
15.536925624984951  7.2905187493292765  9.186974962384243
-26.586562260216102  -26.06063793766597  -19.04349052270773
-13.904869097604966  -12.070412556700855  -58.86742503736007
5.139648484971073  38.893904611043695  -22.026293246296476
-11.385965569070542  19.723479229316883  41.050127306474906
-4.528100149678117  -18.507964022369972  -6.6789242654749605
2.8997526055205936  44.59601730236367  -10.348609577569782
-6.069333519232329  1.5380169642703414  0.35647241407973707
2.135422304173473  -12.997622639444616  2.010456853380463
-4.538965772304079  5.0906174011839385  15.071216277070002
