C   6.3092958158  0.1278909773  0.0052366548
O   3.8276337154  1.1937151324  -0.0206583357
C   1.9010774949  -0.4130380901  -0.0045198773
C   -0.5770147077  1.1201851466  -0.0023186525
C   -3.0488393917  -0.4248754997  0.0015821978
F   -4.9815917780  1.1652346725  0.0117263959
F   -3.2140404970  -1.8652547424  -2.0347664789
F   -3.1991286541  -1.8733816247  2.0334970928
F   -0.6081393486  2.5872155230  2.0553676363
F   -0.6136615960  2.5880018735  -2.0587731980
F   1.9168153829  -1.9646900525  -2.0293104999
F   1.9330455118  -1.9413794466  2.0372916251
H   7.5762728350  1.7274619766  -0.0689346695
H   6.6084978867  -0.9310884237  1.7329707421
H   6.5873531008  -1.0687856420  -1.6339444857
momentum
-25.35135020139435  -35.8224110796289  -22.03079849563304
-18.15168620593276  26.072950078663386  2.7600851077987483
19.94438594427177  11.770636274512428  25.623721392941786
37.20384377628912  0.8356271636046694  24.548712829719122
6.817155306841041  -7.060786861684402  11.192462524665567
-40.21288890584385  13.337281119742936  -38.682659986838814
-9.248876496736075  -13.419489753925777  17.05998082557164
17.536657237405983  -7.627815548413688  -15.119308658992328
-6.2909568133378135  -28.747312545285325  -18.50482447546008
31.278765059910725  3.629448456256531  23.827694437887725
16.661849974521957  22.225270047504516  5.105686205286977
-34.03816148829086  15.008360416271493  17.234152660223184
-10.524301016023868  4.194528426634903  -5.520722704924384
8.070269368767883  4.3739668889225305  -22.936908210127775
6.38634930276414  -8.817966093702111  -3.8409044085004043
