C   6.3092958158  0.1278909773  0.0052366548
O   3.8276337154  1.1937151324  -0.0206583357
C   1.9010774949  -0.4130380901  -0.0045198773
C   -0.5770147077  1.1201851466  -0.0023186525
C   -3.0488393917  -0.4248754997  0.0015821978
F   -4.9815917780  1.1652346725  0.0117263959
F   -3.2140404970  -1.8652547424  -2.0347664789
F   -3.1991286541  -1.8733816247  2.0334970928
F   -0.6081393486  2.5872155230  2.0553676363
F   -0.6136615960  2.5880018735  -2.0587731980
F   1.9168153829  -1.9646900525  -2.0293104999
F   1.9330455118  -1.9413794466  2.0372916251
H   7.5762728350  1.7274619766  -0.0689346695
H   6.6084978867  -0.9310884237  1.7329707421
H   6.5873531008  -1.0687856420  -1.6339444857
momentum
36.78922210115776  -37.65554072017879  32.63293369763452
-52.81544144117994  71.40528946354763  -52.140421892834816
1.062755748043634  -4.878318318608551  17.669052748563843
21.874650243780465  21.388618415911065  8.99089635858645
37.3232508069373  -54.197536277477376  -32.34562020550628
20.284618925461576  18.195598094733683  7.601727632227785
-44.87620701535906  -2.6361422293764765  -14.147776309959514
-8.299902052995332  -8.966956931784704  13.11228427290708
21.879228015609534  -21.587230155079432  -21.977723417972634
-0.7274539893372625  -7.464072285106984  20.40095666101161
7.251282957745864  35.563946805689206  -11.063380026433839
-23.013028746529137  1.3025620465185976  41.70454926587444
-12.994676562693908  -7.771959262379342  -4.433752900626928
4.660015177904504  3.74572523939005  1.1893750051464878
-8.459314390045215  -6.222445195265695  -7.389505370229679
