C   6.3092958158  0.1278909773  0.0052366548
O   3.8276337154  1.1937151324  -0.0206583357
C   1.9010774949  -0.4130380901  -0.0045198773
C   -0.5770147077  1.1201851466  -0.0023186525
C   -3.0488393917  -0.4248754997  0.0015821978
F   -4.9815917780  1.1652346725  0.0117263959
F   -3.2140404970  -1.8652547424  -2.0347664789
F   -3.1991286541  -1.8733816247  2.0334970928
F   -0.6081393486  2.5872155230  2.0553676363
F   -0.6136615960  2.5880018735  -2.0587731980
F   1.9168153829  -1.9646900525  -2.0293104999
F   1.9330455118  -1.9413794466  2.0372916251
H   7.5762728350  1.7274619766  -0.0689346695
H   6.6084978867  -0.9310884237  1.7329707421
H   6.5873531008  -1.0687856420  -1.6339444857
momentum
-13.796636972672218  15.075428513150147  -24.79093061294363
71.62900931144306  42.95572148465246  49.92732357487865
-52.53378192164345  -24.24969544390925  -21.977142802601435
-10.031312614470673  11.524161722363136  18.596063456058683
19.054936779721988  31.800819432925923  1.7297784858279
12.951716423454318  33.814336696318435  -7.219547845346545
26.97551947115541  -43.37173516354679  28.506566576588405
-23.01974681821837  -62.38350397386665  -11.549023178464951
0.39371246838044477  16.74350017034547  -5.499943944097862
-31.99370935772304  36.44801159550074  -21.23797981030995
-3.725362446655017  -22.865136943325613  2.9742286879758137
4.346036859805498  -14.916982266907734  -17.665961498038428
5.816113491488532  -9.168445952183212  -6.918782392715492
-0.5316810288260677  6.864499743826385  12.766875006340666
-4.989338740784242  -18.30967827320271  1.23874684442006
