C   4.1992585114  -1.2492114839  -0.0080420459
C   1.8834855674  0.4373184564  0.0002071925
C   -0.5951137825  -1.0878246895  0.0008027033
C   -3.0813296608  0.4314274526  -0.0005176058
F   -5.0010101418  -1.1781768703  0.0051820629
F   -3.2484480901  1.8752478184  2.0305819741
F   -3.2524240128  1.8648995363  -2.0385827343
F   -0.6251228065  -2.5784983163  -2.0538061868
F   -0.6231369275  -2.5750781880  2.0579408347
F   1.8830385440  1.9308553023  2.0569933002
F   1.8771926539  1.9405459716  -2.0498516026
O   6.2994642475  0.3496423013  -0.0010599610
H   7.8171023278  -0.6327070064  0.0053196088
H   4.1282120963  -2.4281041285  -1.6911160083
H   4.1303648101  -2.4447429760  1.6634557902
momentum
-15.656063305050901  -0.1065051108461688  34.19981747576009
30.274183963559253  0.0981417316819307  5.942535512792984
-5.266084061504572  -14.611483043681506  14.081210311620273
2.0843346231850006  12.679733477690377  -8.284746776212112
10.584120314759605  -24.5684288936081  -30.757343478841403
4.7201242159246615  9.303562449502822  61.71922156183971
-67.41218098267696  14.784362177022837  0.5924623279397057
-21.8818866985801  9.164535168960878  -36.94183886340223
10.711994033440698  46.976083123639874  4.390513666299853
5.056676041220104  -41.393136847287415  -21.22906659830727
22.00349562668896  -41.81618196462365  -52.17218008235666
24.848598579786493  18.98408065706131  36.841500726584165
-4.569081078831539  2.4354853154207534  -6.860961572598978
3.169182558675125  6.580773300419035  3.9855016918131536
0.9114135525151077  1.262028550737442  -5.619612867626525
