C   4.1992585114  -1.2492114839  -0.0080420459
C   1.8834855674  0.4373184564  0.0002071925
C   -0.5951137825  -1.0878246895  0.0008027033
C   -3.0813296608  0.4314274526  -0.0005176058
F   -5.0010101418  -1.1781768703  0.0051820629
F   -3.2484480901  1.8752478184  2.0305819741
F   -3.2524240128  1.8648995363  -2.0385827343
F   -0.6251228065  -2.5784983163  -2.0538061868
F   -0.6231369275  -2.5750781880  2.0579408347
F   1.8830385440  1.9308553023  2.0569933002
F   1.8771926539  1.9405459716  -2.0498516026
O   6.2994642475  0.3496423013  -0.0010599610
H   7.8171023278  -0.6327070064  0.0053196088
H   4.1282120963  -2.4281041285  -1.6911160083
H   4.1303648101  -2.4447429760  1.6634557902
momentum
0.781283399567317  -80.43498815695392  -19.433821314512056
16.448802061376686  20.330524378816534  -32.62658095968665
-23.10083512835636  14.58555357076924  20.85991234894492
27.73440201661024  11.553586926874347  -13.999251878202667
8.590430662396619  -65.48072711779727  49.852944397615246
7.305001642278179  4.610326999866981  -10.49672239861452
15.397803181854766  10.239794369122666  -17.75164365040645
37.6044607848452  -11.154948262531958  -4.833314242340275
-39.08835809761315  5.8932127111986565  -4.681045735321109
-29.62197281205492  28.35806990772294  4.739196790204955
-11.074569512702  80.87888026619727  30.749478421226076
-3.5460116467964125  -16.798631810511147  -23.215013675435582
1.0015514547855202  -2.00797552612492  6.9948042424110115
1.1141627365137852  -0.27933087680584395  12.706975394341429
-9.482947903022826  -0.5475981871296025  0.9058449094303044
