C   4.1992585114  -1.2492114839  -0.0080420459
C   1.8834855674  0.4373184564  0.0002071925
C   -0.5951137825  -1.0878246895  0.0008027033
C   -3.0813296608  0.4314274526  -0.0005176058
F   -5.0010101418  -1.1781768703  0.0051820629
F   -3.2484480901  1.8752478184  2.0305819741
F   -3.2524240128  1.8648995363  -2.0385827343
F   -0.6251228065  -2.5784983163  -2.0538061868
F   -0.6231369275  -2.5750781880  2.0579408347
F   1.8830385440  1.9308553023  2.0569933002
F   1.8771926539  1.9405459716  -2.0498516026
O   6.2994642475  0.3496423013  -0.0010599610
H   7.8171023278  -0.6327070064  0.0053196088
H   4.1282120963  -2.4281041285  -1.6911160083
H   4.1303648101  -2.4447429760  1.6634557902
momentum
-2.989002909460541  -47.02955168322297  -11.35579862658441
11.064676117763085  29.06489122380207  3.1456727880791684
-5.627004385935753  3.8892942351897855  -33.5993362834825
5.450533389500641  -3.450175124440241  -17.39342485713907
55.51096215655951  -3.2683518426101843  34.21698071806252
-69.3854596182523  50.67020614588479  20.15483975332058
-23.70564655775521  -0.7032866929108192  -15.631302500823313
15.2971864877194  -9.075327922745965  23.638739759121005
3.018040827460539  -19.54555845384401  4.060180151185441
-12.622183087913609  -20.1537925244974  -2.9108044431696225
25.047935146190223  11.265558222722445  6.460952725467178
8.826455240699497  30.608096791293683  1.2547886337322443
-2.333063399054353  -12.104119016050737  1.0041406793579384
-1.8462111779895074  6.527132184150042  -1.3633421380690796
-5.3633321337032305  -16.585224822991094  -11.389178251461196
