C   4.1992585114  -1.2492114839  -0.0080420459
C   1.8834855674  0.4373184564  0.0002071925
C   -0.5951137825  -1.0878246895  0.0008027033
C   -3.0813296608  0.4314274526  -0.0005176058
F   -5.0010101418  -1.1781768703  0.0051820629
F   -3.2484480901  1.8752478184  2.0305819741
F   -3.2524240128  1.8648995363  -2.0385827343
F   -0.6251228065  -2.5784983163  -2.0538061868
F   -0.6231369275  -2.5750781880  2.0579408347
F   1.8830385440  1.9308553023  2.0569933002
F   1.8771926539  1.9405459716  -2.0498516026
O   6.2994642475  0.3496423013  -0.0010599610
H   7.8171023278  -0.6327070064  0.0053196088
H   4.1282120963  -2.4281041285  -1.6911160083
H   4.1303648101  -2.4447429760  1.6634557902
momentum
30.893417463796922  -12.950339070382883  11.310366984800565
23.451812254010278  6.868253985513898  13.00722209088543
72.19709299747667  -55.78885330714627  40.21672673448059
30.44810711319603  34.658394494036976  42.82318277160746
-17.72959308997552  22.170413559376048  5.11956358798887
36.34107781851332  9.851562933805564  7.7149622077497755
29.580591347019567  -49.21866276041954  -35.393441135573035
-27.499952614818696  17.790544802394198  -8.175876883814812
-67.97173912653382  -20.3072848411325  -48.84485769723712
-58.446607368797125  -14.59807688374299  24.189021017434424
-7.550120741012985  -0.408258523043355  -21.126996080366194
-18.8997710172099  55.627672802938896  -31.621360557933603
-5.404356336610851  -8.755553643057315  -6.152942815836482
-4.082113948117417  0.3327939078484596  11.518600666889618
-15.574053461186626  14.288352432474527  -4.267482857298059
