C   4.1992585114  -1.2492114839  -0.0080420459
C   1.8834855674  0.4373184564  0.0002071925
C   -0.5951137825  -1.0878246895  0.0008027033
C   -3.0813296608  0.4314274526  -0.0005176058
F   -5.0010101418  -1.1781768703  0.0051820629
F   -3.2484480901  1.8752478184  2.0305819741
F   -3.2524240128  1.8648995363  -2.0385827343
F   -0.6251228065  -2.5784983163  -2.0538061868
F   -0.6231369275  -2.5750781880  2.0579408347
F   1.8830385440  1.9308553023  2.0569933002
F   1.8771926539  1.9405459716  -2.0498516026
O   6.2994642475  0.3496423013  -0.0010599610
H   7.8171023278  -0.6327070064  0.0053196088
H   4.1282120963  -2.4281041285  -1.6911160083
H   4.1303648101  -2.4447429760  1.6634557902
momentum
-50.82963538734673  -0.05870021085925674  -4.3376359758507865
15.262520242739678  21.7913941985166  -30.03210267135272
7.5793075784261905  -21.7259505290558  -32.04495330923794
33.95958975285034  -33.46670485238891  2.3068011823246937
-7.4307637978024275  -7.623767988465727  21.195136745809705
7.851461837893792  37.60054982001504  33.8567681746362
35.42038782266108  21.724962281314408  7.540644498111269
0.31036477181409194  -32.50063685570136  -40.63500172582922
7.277622512795102  0.010391237858679559  9.513945301526485
-49.76021554882561  10.665075527029328  33.686310333369256
-14.552875897766302  -2.2014047182755845  -28.226599960325004
26.639641714206945  3.4340555029447537  -0.7930951125339353
-3.0759103774891323  -4.376088140682439  8.628729422472455
1.0564001640648086  5.306215950497887  5.2502542033627435
-9.703537966391062  1.078393899067924  13.550541237273482
