C   4.1992585114  -1.2492114839  -0.0080420459
C   1.8834855674  0.4373184564  0.0002071925
C   -0.5951137825  -1.0878246895  0.0008027033
C   -3.0813296608  0.4314274526  -0.0005176058
F   -5.0010101418  -1.1781768703  0.0051820629
F   -3.2484480901  1.8752478184  2.0305819741
F   -3.2524240128  1.8648995363  -2.0385827343
F   -0.6251228065  -2.5784983163  -2.0538061868
F   -0.6231369275  -2.5750781880  2.0579408347
F   1.8830385440  1.9308553023  2.0569933002
F   1.8771926539  1.9405459716  -2.0498516026
O   6.2994642475  0.3496423013  -0.0010599610
H   7.8171023278  -0.6327070064  0.0053196088
H   4.1282120963  -2.4281041285  -1.6911160083
H   4.1303648101  -2.4447429760  1.6634557902
momentum
-28.664973023137797  18.32566123736757  -14.273654449833995
16.190014095837235  2.196308944323419  -16.10829996195355
13.408466607761842  -26.629389805197842  -30.91613302335475
14.859730192860376  -47.29955210488074  28.782629034495557
15.594619036218614  10.524934906655101  2.0571754241787508
-28.185119021527196  40.72588172148467  13.102228959554047
14.002030397107669  -12.861393314595595  -5.502843791889776
-11.841446065866892  -31.112062356783106  0.05799709775047369
24.108883506629308  31.554048708756476  12.916594079802975
-17.08399945271707  -19.9024614769842  17.88054611037828
17.751160376087526  61.72003499924752  -16.831217872179455
-5.896064479127856  -27.391170873153502  11.7069192836171
5.446833962395965  4.988879171715616  9.868970013773342
-8.373498422525278  -1.636390293497883  -6.0761451083677605
-21.180512454052444  -3.0330080508560235  -7.073616876467734
