C   4.1992585114  -1.2492114839  -0.0080420459
C   1.8834855674  0.4373184564  0.0002071925
C   -0.5951137825  -1.0878246895  0.0008027033
C   -3.0813296608  0.4314274526  -0.0005176058
F   -5.0010101418  -1.1781768703  0.0051820629
F   -3.2484480901  1.8752478184  2.0305819741
F   -3.2524240128  1.8648995363  -2.0385827343
F   -0.6251228065  -2.5784983163  -2.0538061868
F   -0.6231369275  -2.5750781880  2.0579408347
F   1.8830385440  1.9308553023  2.0569933002
F   1.8771926539  1.9405459716  -2.0498516026
O   6.2994642475  0.3496423013  -0.0010599610
H   7.8171023278  -0.6327070064  0.0053196088
H   4.1282120963  -2.4281041285  -1.6911160083
H   4.1303648101  -2.4447429760  1.6634557902
momentum
-7.57588660616846  11.730929148753567  7.444861357359024
39.320695503709814  -16.560275940097757  -8.146266846615813
-29.75039937899708  53.85994039898076  -8.315173247790556
-0.6964231529186972  19.350850211988185  35.52919549680412
-43.16580879822525  -11.1903333256077  -6.50989514116059
-36.1599364788683  3.22851816103392  17.884294382599716
58.55330160985264  -26.53972039636505  -9.881946695052601
0.34409054442446163  -9.587880385160176  -9.026754537269033
32.92850313985533  -48.73920242057486  5.542067830464753
-10.511453655785445  16.767927447380846  28.629803644971908
-10.80115316797128  29.202409412733047  -48.20929741935739
23.994775438566478  -16.03366523878258  -19.73230721263863
-2.3295356797808005  2.6716471849667225  12.91383398318452
-5.5623393086864334  -13.219748282509997  -1.232899732668356
-9.083753637472263  5.4674631473503155  2.8396361991458394
