C   4.1992585114  -1.2492114839  -0.0080420459
C   1.8834855674  0.4373184564  0.0002071925
C   -0.5951137825  -1.0878246895  0.0008027033
C   -3.0813296608  0.4314274526  -0.0005176058
F   -5.0010101418  -1.1781768703  0.0051820629
F   -3.2484480901  1.8752478184  2.0305819741
F   -3.2524240128  1.8648995363  -2.0385827343
F   -0.6251228065  -2.5784983163  -2.0538061868
F   -0.6231369275  -2.5750781880  2.0579408347
F   1.8830385440  1.9308553023  2.0569933002
F   1.8771926539  1.9405459716  -2.0498516026
O   6.2994642475  0.3496423013  -0.0010599610
H   7.8171023278  -0.6327070064  0.0053196088
H   4.1282120963  -2.4281041285  -1.6911160083
H   4.1303648101  -2.4447429760  1.6634557902
momentum
23.492484670763293  12.99919002866392  -17.482741084231147
-14.59669319188014  7.902394540995444  -23.856870740329125
0.5500652768095469  7.427235837001571  0.4431565960777408
3.008116206508801  19.858663684351182  -17.752231906791
12.675507723762086  -11.920599606494214  9.724728129612359
13.98395995364339  10.817942550449658  16.993264517510163
16.46116444428834  -22.38362978413437  0.8590691432595031
-6.714922620429804  -37.10046231240708  -18.02171559727015
-64.8709562678577  6.478095029978729  6.5211655569812335
7.960854446024206  -1.4373801695554838  55.89499786840631
-8.145536881857398  -12.737966752365807  -9.121842967087575
22.873720198674533  29.061458714139633  2.20658542782651
1.2600986269941128  -6.844171469877504  6.60148354141252
-12.159873727743998  0.8892447770392661  -7.290843119582414
4.550120196841735  -2.6408434725404577  -6.006612047162436
