C   4.1992585114  -1.2492114839  -0.0080420459
C   1.8834855674  0.4373184564  0.0002071925
C   -0.5951137825  -1.0878246895  0.0008027033
C   -3.0813296608  0.4314274526  -0.0005176058
F   -5.0010101418  -1.1781768703  0.0051820629
F   -3.2484480901  1.8752478184  2.0305819741
F   -3.2524240128  1.8648995363  -2.0385827343
F   -0.6251228065  -2.5784983163  -2.0538061868
F   -0.6231369275  -2.5750781880  2.0579408347
F   1.8830385440  1.9308553023  2.0569933002
F   1.8771926539  1.9405459716  -2.0498516026
O   6.2994642475  0.3496423013  -0.0010599610
H   7.8171023278  -0.6327070064  0.0053196088
H   4.1282120963  -2.4281041285  -1.6911160083
H   4.1303648101  -2.4447429760  1.6634557902
momentum
-0.44531832020502127  -30.507741057431165  -14.193469771333554
-23.159775805991714  5.76648347462681  25.943358241373645
-32.98851890901018  -27.960422447661134  -42.45988237825553
41.91032646519967  5.908857435839463  -18.65914541494338
-1.5108098374961878  12.991731293585621  15.6163446138363
37.28952371967541  19.6784870824891  14.190108718886096
-13.421805334543528  -54.532636359746355  -0.02417413739143637
-0.26913291998101463  22.276751279082166  -1.449419966110605
19.100775204877035  25.227195593544177  14.612740723794767
-16.209579759947445  -4.974340005051718  -32.58673393150142
-21.75842081574743  32.07704187597828  5.273844942057109
-8.602566489146799  0.9588586485873963  53.204551395970334
12.448673432945824  2.8964013326637574  -2.4231989752055507
9.55832773197645  4.64505146653228  -3.3153965488196793
-2.2412692989017877  -13.847535710614347  -13.266502751671265
