C   4.1992585114  -1.2492114839  -0.0080420459
C   1.8834855674  0.4373184564  0.0002071925
C   -0.5951137825  -1.0878246895  0.0008027033
C   -3.0813296608  0.4314274526  -0.0005176058
F   -5.0010101418  -1.1781768703  0.0051820629
F   -3.2484480901  1.8752478184  2.0305819741
F   -3.2524240128  1.8648995363  -2.0385827343
F   -0.6251228065  -2.5784983163  -2.0538061868
F   -0.6231369275  -2.5750781880  2.0579408347
F   1.8830385440  1.9308553023  2.0569933002
F   1.8771926539  1.9405459716  -2.0498516026
O   6.2994642475  0.3496423013  -0.0010599610
H   7.8171023278  -0.6327070064  0.0053196088
H   4.1282120963  -2.4281041285  -1.6911160083
H   4.1303648101  -2.4447429760  1.6634557902
momentum
-15.508754758012147  2.2799574832003535  -8.491051864797658
-14.071316338240113  -9.72230278365293  -12.689520976927334
3.286867981895058  -39.59371799163193  6.273756272481187
-0.47190331682910447  35.83197329682875  3.1811506320894165
29.247510337627595  16.3181471656114  -71.9969561047693
-5.636756066330144  -46.313563094577674  -21.42204824595936
15.957842091097381  -0.5657955769635905  19.971335272511958
-12.625522646481349  -21.912402703837092  22.46819644191437
5.683145289013169  33.71955854950498  44.284413891240824
29.07198657415779  17.670786143208442  35.78302204078617
3.5821241976189597  -6.321359063569297  35.93133486642169
-29.941211720183812  32.57937160563174  -44.45162353635717
-5.255294227310374  -16.971555250603267  0.21477555017016903
-8.43692462657202  6.640609920966817  -4.344004743434076
5.714940966968708  -3.3930358408461787  -4.57664609628973
