C   4.1992585114  -1.2492114839  -0.0080420459
C   1.8834855674  0.4373184564  0.0002071925
C   -0.5951137825  -1.0878246895  0.0008027033
C   -3.0813296608  0.4314274526  -0.0005176058
F   -5.0010101418  -1.1781768703  0.0051820629
F   -3.2484480901  1.8752478184  2.0305819741
F   -3.2524240128  1.8648995363  -2.0385827343
F   -0.6251228065  -2.5784983163  -2.0538061868
F   -0.6231369275  -2.5750781880  2.0579408347
F   1.8830385440  1.9308553023  2.0569933002
F   1.8771926539  1.9405459716  -2.0498516026
O   6.2994642475  0.3496423013  -0.0010599610
H   7.8171023278  -0.6327070064  0.0053196088
H   4.1282120963  -2.4281041285  -1.6911160083
H   4.1303648101  -2.4447429760  1.6634557902
momentum
-7.783106088265743  12.889397736569167  -33.14461751898412
-20.316347012298007  8.472995360010055  -15.511549300822203
-15.529427141300308  14.175455373258998  0.783328986128007
-13.094880325941505  -23.74277427924707  27.011269043034623
44.63871212519225  52.2252724585345  -19.337648123477464
-24.395123563296064  -4.7394635644667  -16.02446102370695
-62.12984393855147  -14.995082920945677  -28.097744888784813
43.402820050839686  26.323220468599747  28.470238457856933
13.65575943325208  15.503792004357171  2.2461793799152368
-4.818532387202247  -36.81294402149882  26.710452175284008
-1.0723040880007928  -29.29968132997452  34.225002158575364
43.11598647923986  -7.43054046876138  -26.660012434139563
6.390870153303714  -8.950064677513453  11.739706194832829
-9.285365857491215  -3.7188264259503354  -8.791446214890694
7.581478622997966  -0.29350784308177674  15.893055533656135
