C   4.1992585114  -1.2492114839  -0.0080420459
C   1.8834855674  0.4373184564  0.0002071925
C   -0.5951137825  -1.0878246895  0.0008027033
C   -3.0813296608  0.4314274526  -0.0005176058
F   -5.0010101418  -1.1781768703  0.0051820629
F   -3.2484480901  1.8752478184  2.0305819741
F   -3.2524240128  1.8648995363  -2.0385827343
F   -0.6251228065  -2.5784983163  -2.0538061868
F   -0.6231369275  -2.5750781880  2.0579408347
F   1.8830385440  1.9308553023  2.0569933002
F   1.8771926539  1.9405459716  -2.0498516026
O   6.2994642475  0.3496423013  -0.0010599610
H   7.8171023278  -0.6327070064  0.0053196088
H   4.1282120963  -2.4281041285  -1.6911160083
H   4.1303648101  -2.4447429760  1.6634557902
momentum
29.568684720966314  2.3041352103497634  -26.064384574997618
29.475493593280444  1.047119663790493  5.598694877605445
-26.170005064599554  3.11330358498613  5.909153061709502
47.932203930489074  -2.259369929764413  40.94825270069195
29.878397782827573  26.35291031486074  16.951402246485227
-10.316808245831112  10.13767556364391  -3.324509736485689
12.062921333787166  26.42365658029121  -58.59216756361717
-15.217459280732967  -16.35585698971825  15.811256385602455
-21.701496570844363  -65.40136336827862  19.894122297392553
-70.29320496496946  -19.960594149983812  2.9487601060400572
17.889420572082944  7.376978422269292  -11.216464760973873
-25.187662494741563  21.48313980977423  -5.775458214742832
7.856176439724387  10.235419756114043  -11.396626853857471
-2.828331313189151  4.305982177992279  -1.4339261197370443
-3.5788782732181184  -9.174095455564332  9.945807220937642
