C   4.1992585114  -1.2492114839  -0.0080420459
C   1.8834855674  0.4373184564  0.0002071925
C   -0.5951137825  -1.0878246895  0.0008027033
C   -3.0813296608  0.4314274526  -0.0005176058
F   -5.0010101418  -1.1781768703  0.0051820629
F   -3.2484480901  1.8752478184  2.0305819741
F   -3.2524240128  1.8648995363  -2.0385827343
F   -0.6251228065  -2.5784983163  -2.0538061868
F   -0.6231369275  -2.5750781880  2.0579408347
F   1.8830385440  1.9308553023  2.0569933002
F   1.8771926539  1.9405459716  -2.0498516026
O   6.2994642475  0.3496423013  -0.0010599610
H   7.8171023278  -0.6327070064  0.0053196088
H   4.1282120963  -2.4281041285  -1.6911160083
H   4.1303648101  -2.4447429760  1.6634557902
momentum
5.771933682819182  12.917830789955183  -46.02006970742522
30.57747008846645  47.992170295900856  -34.42513757978479
-26.46401226805519  -20.140897939340075  -10.591091703364372
2.342457873314349  12.853669237490838  1.8772734977724568
12.415262374834267  -15.615280503998672  -8.34414183037838
-39.7158203729757  15.810343101512657  -15.596345087668094
68.7863358976232  -32.847961624065114  26.1617915833816
23.629904110607253  13.174363422540837  36.088489311437186
2.317214668687024  36.113599797531485  -18.0466091849812
-19.035564233408042  -16.46899369478499  47.56119479749559
-22.314571370693805  -6.482898913412817  30.593666791531568
-43.420040505623476  -30.623136900608085  -15.393760305250822
5.629056069498824  -1.6587138787959945  -4.590611504313881
-14.659418022332089  -17.68913538806099  12.526851658413785
14.290618382716525  2.8116689532960444  -2.882886572601978
