C   4.1992585114  -1.2492114839  -0.0080420459
C   1.8834855674  0.4373184564  0.0002071925
C   -0.5951137825  -1.0878246895  0.0008027033
C   -3.0813296608  0.4314274526  -0.0005176058
F   -5.0010101418  -1.1781768703  0.0051820629
F   -3.2484480901  1.8752478184  2.0305819741
F   -3.2524240128  1.8648995363  -2.0385827343
F   -0.6251228065  -2.5784983163  -2.0538061868
F   -0.6231369275  -2.5750781880  2.0579408347
F   1.8830385440  1.9308553023  2.0569933002
F   1.8771926539  1.9405459716  -2.0498516026
O   6.2994642475  0.3496423013  -0.0010599610
H   7.8171023278  -0.6327070064  0.0053196088
H   4.1282120963  -2.4281041285  -1.6911160083
H   4.1303648101  -2.4447429760  1.6634557902
momentum
-37.08128684756728  4.191141324356491  -5.678246554551732
-18.02439941001579  23.497733998091835  16.89440399891018
14.50984394790317  21.41938305095571  -3.578699973970453
-7.213765922309958  -14.600118866314832  43.355141620466256
67.6511972785849  41.529637805389456  -37.310355820091814
-18.511314578982468  -14.7813450163832  29.829688069474827
-23.124703650747986  -18.952083066911072  -42.07815927048477
-8.170070440121668  -40.51186339928641  -37.94234071931605
-4.044144489624111  12.991744273347148  45.46587001865239
22.972745142028817  -34.252090111163035  -19.67695636726187
10.119404408859094  16.3843352667072  21.338824706369895
18.875864230178127  -7.838411104801333  -18.01879945383457
2.8537698055725462  10.366366385643515  7.228878040540962
-9.968044569520758  -5.034519487005833  4.760949595860772
-11.025088719080376  5.698465365233866  -4.831687688930835
