C   4.1992585114  -1.2492114839  -0.0080420459
C   1.8834855674  0.4373184564  0.0002071925
C   -0.5951137825  -1.0878246895  0.0008027033
C   -3.0813296608  0.4314274526  -0.0005176058
F   -5.0010101418  -1.1781768703  0.0051820629
F   -3.2484480901  1.8752478184  2.0305819741
F   -3.2524240128  1.8648995363  -2.0385827343
F   -0.6251228065  -2.5784983163  -2.0538061868
F   -0.6231369275  -2.5750781880  2.0579408347
F   1.8830385440  1.9308553023  2.0569933002
F   1.8771926539  1.9405459716  -2.0498516026
O   6.2994642475  0.3496423013  -0.0010599610
H   7.8171023278  -0.6327070064  0.0053196088
H   4.1282120963  -2.4281041285  -1.6911160083
H   4.1303648101  -2.4447429760  1.6634557902
momentum
-14.959049772775783  -21.380423999788622  18.71350296060252
9.921409234872822  40.84962579408005  -2.118073336235469
11.272339639642002  -2.141412127259252  -14.518305687721881
-7.630864506449587  -1.612814055016112  31.065731113628537
-36.58563815561834  -1.5592524687093368  -44.39288037001755
-22.617330029317344  0.9213675015966025  39.168771504763576
-3.5558330284835216  -19.12889392217234  -38.902888408463106
-9.04979223374467  -19.828305365136135  31.532630906792036
-28.797109242569448  -14.643094880803925  5.95750820523069
62.780693663636995  -7.846362658147973  7.562680133807386
31.082199439055284  10.654542733077825  7.655340167020951
13.11730339731572  38.8674650726328  -24.862801792930323
-7.340355836423861  -9.670084127268227  -5.3788940331807
5.985405520942302  3.412776811569663  -3.8245155530584527
-3.1290281469923196  3.080602650187513  -7.029866107132387
