C   4.1992585114  -1.2492114839  -0.0080420459
C   1.8834855674  0.4373184564  0.0002071925
C   -0.5951137825  -1.0878246895  0.0008027033
C   -3.0813296608  0.4314274526  -0.0005176058
F   -5.0010101418  -1.1781768703  0.0051820629
F   -3.2484480901  1.8752478184  2.0305819741
F   -3.2524240128  1.8648995363  -2.0385827343
F   -0.6251228065  -2.5784983163  -2.0538061868
F   -0.6231369275  -2.5750781880  2.0579408347
F   1.8830385440  1.9308553023  2.0569933002
F   1.8771926539  1.9405459716  -2.0498516026
O   6.2994642475  0.3496423013  -0.0010599610
H   7.8171023278  -0.6327070064  0.0053196088
H   4.1282120963  -2.4281041285  -1.6911160083
H   4.1303648101  -2.4447429760  1.6634557902
momentum
-30.051557809241054  16.893088146047845  10.894175072252263
3.2203087981765295  18.030882243006417  -27.301108057847024
-11.003968365571426  -70.76887175958377  25.12251071347084
39.996190519162575  29.844184783677992  -16.251926817838456
-37.368688849550004  -12.334746778017125  -1.2192648180838979
6.569918289758703  19.738304930795643  25.194914258081965
34.57862648677393  -68.47676876450255  11.579554110085313
-32.27336774247918  27.12903225113284  -16.385059705573816
8.693388114552569  -0.20130259614310234  -29.215796439281405
11.175347230548605  20.726974749002395  -6.6366708597114465
37.86887546711986  25.75449395896431  23.233444974049892
-33.71900421839087  -10.612714628703367  -23.269146967092794
-0.39639474876643294  7.9336538677433435  13.878685050846062
-0.7566267780193027  -3.429547702215192  3.1629981596806447
3.2871433321934207  -0.07512912218484367  6.511051196774977
