C   4.1992585114  -1.2492114839  -0.0080420459
C   1.8834855674  0.4373184564  0.0002071925
C   -0.5951137825  -1.0878246895  0.0008027033
C   -3.0813296608  0.4314274526  -0.0005176058
F   -5.0010101418  -1.1781768703  0.0051820629
F   -3.2484480901  1.8752478184  2.0305819741
F   -3.2524240128  1.8648995363  -2.0385827343
F   -0.6251228065  -2.5784983163  -2.0538061868
F   -0.6231369275  -2.5750781880  2.0579408347
F   1.8830385440  1.9308553023  2.0569933002
F   1.8771926539  1.9405459716  -2.0498516026
O   6.2994642475  0.3496423013  -0.0010599610
H   7.8171023278  -0.6327070064  0.0053196088
H   4.1282120963  -2.4281041285  -1.6911160083
H   4.1303648101  -2.4447429760  1.6634557902
momentum
-73.6541380871416  14.372465806277507  -22.33850148472488
-2.9118786000182135  25.461106461816247  5.978123936043787
47.66410224455964  -26.69366405358261  0.3149968677019312
-20.58184068891636  -15.592961129351949  -15.322900035971578
-45.65682206513864  -45.94428555292899  -10.109456106409795
19.20640765573475  31.476800775241017  52.79784079871571
12.518168244907695  -19.52941309902169  -35.94409252920344
13.66597356038677  18.310324982174677  -3.5059969495165486
-3.905466676224935  40.75348248444214  -14.822480599901803
29.302437625514067  7.627680247476325  -14.420027094399213
-12.54477046699029  -2.5369368591320276  65.8344696140133
38.140225952017865  -6.867554692052639  -16.596367470914725
4.097336866930226  -9.150515945663681  11.621876481473777
3.86361872829933  -17.294685545539476  -8.40250011801301
-9.286072888024943  5.871179433668015  4.836974809830785
