C   4.1992585114  -1.2492114839  -0.0080420459
C   1.8834855674  0.4373184564  0.0002071925
C   -0.5951137825  -1.0878246895  0.0008027033
C   -3.0813296608  0.4314274526  -0.0005176058
F   -5.0010101418  -1.1781768703  0.0051820629
F   -3.2484480901  1.8752478184  2.0305819741
F   -3.2524240128  1.8648995363  -2.0385827343
F   -0.6251228065  -2.5784983163  -2.0538061868
F   -0.6231369275  -2.5750781880  2.0579408347
F   1.8830385440  1.9308553023  2.0569933002
F   1.8771926539  1.9405459716  -2.0498516026
O   6.2994642475  0.3496423013  -0.0010599610
H   7.8171023278  -0.6327070064  0.0053196088
H   4.1282120963  -2.4281041285  -1.6911160083
H   4.1303648101  -2.4447429760  1.6634557902
momentum
0.191938548056637  -28.99613495796748  -16.599985293523932
11.071157374526685  12.02743916951132  14.001115905964527
-11.939699106214041  -22.5473246178312  42.024985028125926
-12.40589322198382  24.668636738072077  27.81912756127032
-7.533259515880842  9.289155340258068  -59.425756632736075
52.90867320755686  -18.86871699686757  -20.125778423441535
23.371155136955664  18.46312408758072  -22.053612272395934
-3.508331291462948  -23.869585243941597  82.0790275142276
-3.2460291861969837  -40.3353076791029  -35.255376564136355
-38.28140629288605  13.752294121424525  31.649048321222807
-15.60806523257122  28.108501093806666  -14.397101683230927
11.621549940935587  32.058872216881994  -30.624979881290063
-0.8570943692572082  0.009718968309128957  -13.189829579116825
-11.87684860869344  -1.1223407941430197  9.222746793685337
6.073425862318249  -2.7678406413489887  4.788490103864687
