C   4.1992585114  -1.2492114839  -0.0080420459
C   1.8834855674  0.4373184564  0.0002071925
C   -0.5951137825  -1.0878246895  0.0008027033
C   -3.0813296608  0.4314274526  -0.0005176058
F   -5.0010101418  -1.1781768703  0.0051820629
F   -3.2484480901  1.8752478184  2.0305819741
F   -3.2524240128  1.8648995363  -2.0385827343
F   -0.6251228065  -2.5784983163  -2.0538061868
F   -0.6231369275  -2.5750781880  2.0579408347
F   1.8830385440  1.9308553023  2.0569933002
F   1.8771926539  1.9405459716  -2.0498516026
O   6.2994642475  0.3496423013  -0.0010599610
H   7.8171023278  -0.6327070064  0.0053196088
H   4.1282120963  -2.4281041285  -1.6911160083
H   4.1303648101  -2.4447429760  1.6634557902
momentum
55.27564101381996  6.241569332487655  9.54499705418075
-17.15587376974215  17.64141434691165  23.560098135572968
3.919828471278612  -1.2231736503725235  -21.53890427974816
12.926441773872401  -30.248011254560673  0.9272691253717337
-19.341287704631267  17.23884728485851  11.585220729091372
-42.32178006156646  29.717259289599955  -8.223013919599039
-2.515622663220044  4.352906332735982  5.166300027128951
5.451599576850553  27.792952987656722  50.48072612734459
-2.677449448332613  -27.327114462782156  -40.847884960889274
-34.239571887414805  -11.705234892606203  6.092736142834728
8.822145872410804  -18.23292002441654  -4.981706243180394
29.478078570633116  4.597931293784638  -41.12972845940528
-3.8190647400893  -12.378237642413929  -2.688182179977846
3.4117903047923464  1.2796492746885106  12.208538174998276
3.273434884735608  -7.639472908996593  0.04181612853553723
