C   4.1992585114  -1.2492114839  -0.0080420459
C   1.8834855674  0.4373184564  0.0002071925
C   -0.5951137825  -1.0878246895  0.0008027033
C   -3.0813296608  0.4314274526  -0.0005176058
F   -5.0010101418  -1.1781768703  0.0051820629
F   -3.2484480901  1.8752478184  2.0305819741
F   -3.2524240128  1.8648995363  -2.0385827343
F   -0.6251228065  -2.5784983163  -2.0538061868
F   -0.6231369275  -2.5750781880  2.0579408347
F   1.8830385440  1.9308553023  2.0569933002
F   1.8771926539  1.9405459716  -2.0498516026
O   6.2994642475  0.3496423013  -0.0010599610
H   7.8171023278  -0.6327070064  0.0053196088
H   4.1282120963  -2.4281041285  -1.6911160083
H   4.1303648101  -2.4447429760  1.6634557902
momentum
11.23642264926544  -20.21602045516546  -21.218251389453982
-18.44903256009604  -14.477089259126508  80.17255977367161
-14.035532403902826  24.33158572827935  -14.236056546483564
-52.672492019817035  13.20059140463089  1.7149871630540636
-16.136528063554145  -20.124621873737205  32.765157125484976
34.93280166806101  -32.451016899390574  -28.76280969666866
-12.803246795239602  14.79226267916446  -7.364934366101893
-31.82682264133472  -4.968657386565964  3.9492846300574826
10.218583855343475  26.889766219538625  -22.754940957546403
10.396835270526601  -14.623003773760875  -56.03843879096894
16.74698653453279  5.795548682610702  -10.515727769947974
60.95175599271879  40.45396335573311  58.885227038907324
-2.3452756314239487  4.516147448441411  -6.181958457229219
-2.602358565392841  -15.023946696030292  -0.5281170688182923
5.596938661297086  -7.211646836562955  -9.570500729411915
