C   4.1992585114  -1.2492114839  -0.0080420459
C   1.8834855674  0.4373184564  0.0002071925
C   -0.5951137825  -1.0878246895  0.0008027033
C   -3.0813296608  0.4314274526  -0.0005176058
F   -5.0010101418  -1.1781768703  0.0051820629
F   -3.2484480901  1.8752478184  2.0305819741
F   -3.2524240128  1.8648995363  -2.0385827343
F   -0.6251228065  -2.5784983163  -2.0538061868
F   -0.6231369275  -2.5750781880  2.0579408347
F   1.8830385440  1.9308553023  2.0569933002
F   1.8771926539  1.9405459716  -2.0498516026
O   6.2994642475  0.3496423013  -0.0010599610
H   7.8171023278  -0.6327070064  0.0053196088
H   4.1282120963  -2.4281041285  -1.6911160083
H   4.1303648101  -2.4447429760  1.6634557902
momentum
15.825076300064742  -35.775678622520665  -9.851820276403148
29.956295295080654  16.167455429186546  -2.6232764309007326
-27.225371052464958  -46.6105353907767  -14.996254101081103
35.2008958119796  1.8271897619750608  31.955989592400243
-26.62231093908917  7.136392982001676  6.557235715238181
-17.300053523025685  -1.8764031519478428  -47.291758688294195
9.679141968259884  -25.21188643096661  28.68303854101537
8.681373211712819  -2.5909249020138247  5.750184593335151
0.8067510413466074  38.12002659587264  -1.684973170080396
-0.3675609688500593  -0.7388957225728553  -2.265841024553733
-24.22953223637553  48.064472169019794  -0.430696824796803
6.840101110592242  8.153737627039618  9.731611972364636
2.448452524311455  -7.485239122355559  3.5894457606163748
2.525057815434522  9.681165591512912  -1.4222937156038589
-16.18513252246168  -8.700768148726286  -5.354033715778378
