C   4.1992585114  -1.2492114839  -0.0080420459
C   1.8834855674  0.4373184564  0.0002071925
C   -0.5951137825  -1.0878246895  0.0008027033
C   -3.0813296608  0.4314274526  -0.0005176058
F   -5.0010101418  -1.1781768703  0.0051820629
F   -3.2484480901  1.8752478184  2.0305819741
F   -3.2524240128  1.8648995363  -2.0385827343
F   -0.6251228065  -2.5784983163  -2.0538061868
F   -0.6231369275  -2.5750781880  2.0579408347
F   1.8830385440  1.9308553023  2.0569933002
F   1.8771926539  1.9405459716  -2.0498516026
O   6.2994642475  0.3496423013  -0.0010599610
H   7.8171023278  -0.6327070064  0.0053196088
H   4.1282120963  -2.4281041285  -1.6911160083
H   4.1303648101  -2.4447429760  1.6634557902
momentum
-5.533804186024745  -33.01503972716281  2.074518308146509
26.663684300175163  -42.91459303907382  11.345461392841987
-35.779277705049594  -0.32555418163342315  -22.36065038791718
-17.309709173269933  13.333812268779292  -3.2142891233979585
20.257636328699906  27.316074780385403  39.82460868006483
-12.890716191217333  3.6630695600421124  -36.04096225859934
-13.27166734093181  -30.83218171553522  23.33397942098804
-7.6527645380751155  26.670843174940096  -10.298987929804516
27.77163416193031  -3.165751623887894  -10.631309461893107
-12.580906211093248  -15.9759280579438  -29.245792711111005
7.753047174807659  6.8170233203971735  5.582249545994831
32.29821192663162  23.62070493267769  27.87671900381496
-7.724717230065032  8.273810437067478  3.449420280509884
-9.11267245976103  4.025535644743121  -2.221659940096694
6.676978424719074  11.806530137857331  0.17561909162592299
