C   4.1992585114  -1.2492114839  -0.0080420459
C   1.8834855674  0.4373184564  0.0002071925
C   -0.5951137825  -1.0878246895  0.0008027033
C   -3.0813296608  0.4314274526  -0.0005176058
F   -5.0010101418  -1.1781768703  0.0051820629
F   -3.2484480901  1.8752478184  2.0305819741
F   -3.2524240128  1.8648995363  -2.0385827343
F   -0.6251228065  -2.5784983163  -2.0538061868
F   -0.6231369275  -2.5750781880  2.0579408347
F   1.8830385440  1.9308553023  2.0569933002
F   1.8771926539  1.9405459716  -2.0498516026
O   6.2994642475  0.3496423013  -0.0010599610
H   7.8171023278  -0.6327070064  0.0053196088
H   4.1282120963  -2.4281041285  -1.6911160083
H   4.1303648101  -2.4447429760  1.6634557902
momentum
-9.012155235997366  -36.00568800546911  12.927863183886107
-30.229703314980302  7.202024623398744  -11.25432445773333
-9.868285520966005  12.030661759614167  7.75395031567797
17.254855562653596  -2.0137027146227005  -5.6389568483555
-8.049054157640082  -40.81927930005251  8.02682978568102
38.165272131829504  25.853685756339413  8.556217416807549
0.35282464050884865  16.562784612712232  14.629492615200505
25.32748005380737  -3.079630979608403  -10.460228479013903
-15.701975494873162  -18.82905021083253  -23.793938448692067
6.451239846228715  24.265974749287995  11.901989273229015
-17.815634266228372  6.547697224449172  -22.540640618600754
11.811764775054295  -0.20651052213608076  -13.662260205181928
-16.52053304092223  3.4335633499930283  15.3267822274904
15.723383292886819  -0.9572288949227321  -1.2821301716688718
-7.519459907551017  5.6993893337966615  9.634896878194587
