C   4.1992585114  -1.2492114839  -0.0080420459
C   1.8834855674  0.4373184564  0.0002071925
C   -0.5951137825  -1.0878246895  0.0008027033
C   -3.0813296608  0.4314274526  -0.0005176058
F   -5.0010101418  -1.1781768703  0.0051820629
F   -3.2484480901  1.8752478184  2.0305819741
F   -3.2524240128  1.8648995363  -2.0385827343
F   -0.6251228065  -2.5784983163  -2.0538061868
F   -0.6231369275  -2.5750781880  2.0579408347
F   1.8830385440  1.9308553023  2.0569933002
F   1.8771926539  1.9405459716  -2.0498516026
O   6.2994642475  0.3496423013  -0.0010599610
H   7.8171023278  -0.6327070064  0.0053196088
H   4.1282120963  -2.4281041285  -1.6911160083
H   4.1303648101  -2.4447429760  1.6634557902
momentum
5.959307420333165  -5.229259796065355  -43.31850967492412
-42.61720566018939  6.649420297065714  15.99719547811496
21.585527857255826  -14.313464401002092  -24.021206846773453
36.83942510756032  25.13547744171865  33.83152271357101
25.991853871068198  20.464247690527976  13.18581073453937
-14.071975028362617  -16.080936412622926  -47.92160943585055
33.52250592146272  33.27194193461281  -5.917550613429443
-45.3609721294184  -44.2344005899215  -1.4567076657906237
17.03841774800426  -25.08340968773509  27.640363596842704
-71.21288074847271  7.351938168423735  54.07696939600189
29.591108933813768  -20.013170146181007  -8.332217658254342
-0.7443827192449038  40.347942158967186  -13.252972645912585
8.152617715364443  -7.840814024324816  -6.72805483999093
-3.266877339792186  1.6710359515335853  4.536028422957638
-1.8674491943945097  -2.1809446215750548  2.002227461633039
