C   4.1992585114  -1.2492114839  -0.0080420459
C   1.8834855674  0.4373184564  0.0002071925
C   -0.5951137825  -1.0878246895  0.0008027033
C   -3.0813296608  0.4314274526  -0.0005176058
F   -5.0010101418  -1.1781768703  0.0051820629
F   -3.2484480901  1.8752478184  2.0305819741
F   -3.2524240128  1.8648995363  -2.0385827343
F   -0.6251228065  -2.5784983163  -2.0538061868
F   -0.6231369275  -2.5750781880  2.0579408347
F   1.8830385440  1.9308553023  2.0569933002
F   1.8771926539  1.9405459716  -2.0498516026
O   6.2994642475  0.3496423013  -0.0010599610
H   7.8171023278  -0.6327070064  0.0053196088
H   4.1282120963  -2.4281041285  -1.6911160083
H   4.1303648101  -2.4447429760  1.6634557902
momentum
9.757045724223783  -11.480258596157068  37.53062912115908
6.489355171220408  -37.943890960840704  -15.593946197629446
-14.436740536641977  23.7394129551326  -30.267904634536702
11.782396634659975  7.291464982046604  70.01363386803266
6.243500566972683  -2.5701991259190344  -52.8948607518469
-22.154584374490607  35.682596277078716  -17.65857991827845
18.869907964255763  -25.7708672104807  -0.3709312759766397
-36.27134633536982  36.4471847578059  28.69219688869264
61.955824814463874  -33.55899079189209  -27.915391273944426
1.1797498249239968  12.265678863868986  -5.396956155950709
-20.399218818907336  -19.604092068874884  25.08869824066451
-32.643061567827424  3.1407032742735805  -9.891109726185539
8.426797571442204  -1.034074485765726  -12.727827660532396
-3.000117607962168  5.111906692755623  0.397434604866454
3.8721714332391617  7.818899746770547  11.089136139211977
