C   4.1992585114  -1.2492114839  -0.0080420459
C   1.8834855674  0.4373184564  0.0002071925
C   -0.5951137825  -1.0878246895  0.0008027033
C   -3.0813296608  0.4314274526  -0.0005176058
F   -5.0010101418  -1.1781768703  0.0051820629
F   -3.2484480901  1.8752478184  2.0305819741
F   -3.2524240128  1.8648995363  -2.0385827343
F   -0.6251228065  -2.5784983163  -2.0538061868
F   -0.6231369275  -2.5750781880  2.0579408347
F   1.8830385440  1.9308553023  2.0569933002
F   1.8771926539  1.9405459716  -2.0498516026
O   6.2994642475  0.3496423013  -0.0010599610
H   7.8171023278  -0.6327070064  0.0053196088
H   4.1282120963  -2.4281041285  -1.6911160083
H   4.1303648101  -2.4447429760  1.6634557902
momentum
-42.30720822815899  21.49898969663374  33.22009919481717
4.3689792023966465  -3.9575436037525753  -62.077466125703765
-10.800616334567634  -14.95688910120172  -33.149447584802815
-5.827369948589835  -5.327700129247072  -4.175610059408109
1.3459166593728016  1.6105841283465088  19.11261503277082
3.5163714666351713  1.2266324617449675  12.175949399975496
19.144238184566426  -47.76409033541603  35.27105803997107
-17.766392705646687  25.72475043927952  -16.313698938814717
3.3437575105089867  -2.9344702939594463  -7.602899376161079
-10.990393642508698  43.95898830198113  17.40455489618147
23.612825971625675  1.9065089982108632  -9.597108710032051
29.353302364555486  -19.213750688762936  23.317407541681604
2.8350773389359123  -6.247754922267626  -4.660787873170821
2.2537768039268085  2.611917700077262  2.306402609545115
-1.8794528936693193  1.9088376570639611  -5.288084707430979
