C   4.1992585114  -1.2492114839  -0.0080420459
C   1.8834855674  0.4373184564  0.0002071925
C   -0.5951137825  -1.0878246895  0.0008027033
C   -3.0813296608  0.4314274526  -0.0005176058
F   -5.0010101418  -1.1781768703  0.0051820629
F   -3.2484480901  1.8752478184  2.0305819741
F   -3.2524240128  1.8648995363  -2.0385827343
F   -0.6251228065  -2.5784983163  -2.0538061868
F   -0.6231369275  -2.5750781880  2.0579408347
F   1.8830385440  1.9308553023  2.0569933002
F   1.8771926539  1.9405459716  -2.0498516026
O   6.2994642475  0.3496423013  -0.0010599610
H   7.8171023278  -0.6327070064  0.0053196088
H   4.1282120963  -2.4281041285  -1.6911160083
H   4.1303648101  -2.4447429760  1.6634557902
momentum
-5.933807118443516  44.57963815297657  18.110083292070943
-0.5110822751008843  -23.28135951068972  27.646543728027495
-1.74779074290985  16.74620212752847  7.712723185003557
-3.637175191898287  -11.967008569756839  -11.931610040130787
6.755457534939053  13.786049485284815  2.993925207664261
-52.64270779322802  -13.278205388971683  47.347484187024136
3.9790043335654666  19.8678635273601  -15.802933345757937
39.4965258191368  -7.425641048220985  -10.61274826010726
-4.8020812128744845  10.386538836089018  -8.677223514768992
28.50062406033673  16.683056531586644  -27.967749410191363
3.5009610816785157  -45.19572125121264  10.469378283657633
7.423591359865601  -4.160570272109733  -12.731473564668548
-3.6612552727152816  -0.6776731363885669  -5.113579837761671
0.129503734103411  -8.612216099830587  -9.225158157675668
-17.012883743892026  -7.027587732003063  -11.361226549188585
