C   4.1992585114  -1.2492114839  -0.0080420459
C   1.8834855674  0.4373184564  0.0002071925
C   -0.5951137825  -1.0878246895  0.0008027033
C   -3.0813296608  0.4314274526  -0.0005176058
F   -5.0010101418  -1.1781768703  0.0051820629
F   -3.2484480901  1.8752478184  2.0305819741
F   -3.2524240128  1.8648995363  -2.0385827343
F   -0.6251228065  -2.5784983163  -2.0538061868
F   -0.6231369275  -2.5750781880  2.0579408347
F   1.8830385440  1.9308553023  2.0569933002
F   1.8771926539  1.9405459716  -2.0498516026
O   6.2994642475  0.3496423013  -0.0010599610
H   7.8171023278  -0.6327070064  0.0053196088
H   4.1282120963  -2.4281041285  -1.6911160083
H   4.1303648101  -2.4447429760  1.6634557902
momentum
14.237080478841358  -43.2868940517395  7.356826442796646
20.307781403961204  -14.575542652936898  -27.81904842044286
31.920439708551136  45.633539759074445  -8.548705747031383
-33.57567567456762  2.07917283124229  -39.773680762344206
-7.963196412549706  -6.625233321368059  -4.628522937201045
-16.377991565876993  0.4204542289770905  26.41086051890036
-2.205881432225687  23.34609282576923  16.883977798954465
-15.667740115289071  -14.357359757640092  -11.790843847426187
26.141466821485082  -22.735376668861146  28.116479093823703
42.82602631211369  4.26875259853481  23.75169751649263
-28.304973187323508  2.5237537847161815  -59.40592530673446
-30.03564029766094  13.829017200548329  33.79220132876724
4.240309905707991  10.75391920566993  7.710420303595224
-6.070827363805144  0.777992468184072  -5.3575702399686485
0.3784125526688768  -1.8537175964055894  12.595880141689765
