C   4.1992585114  -1.2492114839  -0.0080420459
C   1.8834855674  0.4373184564  0.0002071925
C   -0.5951137825  -1.0878246895  0.0008027033
C   -3.0813296608  0.4314274526  -0.0005176058
F   -5.0010101418  -1.1781768703  0.0051820629
F   -3.2484480901  1.8752478184  2.0305819741
F   -3.2524240128  1.8648995363  -2.0385827343
F   -0.6251228065  -2.5784983163  -2.0538061868
F   -0.6231369275  -2.5750781880  2.0579408347
F   1.8830385440  1.9308553023  2.0569933002
F   1.8771926539  1.9405459716  -2.0498516026
O   6.2994642475  0.3496423013  -0.0010599610
H   7.8171023278  -0.6327070064  0.0053196088
H   4.1282120963  -2.4281041285  -1.6911160083
H   4.1303648101  -2.4447429760  1.6634557902
momentum
-5.14143578850508  3.615101090943352  2.3404942627667973
-57.636857643739674  -11.46428364755955  27.097454613262702
-36.41391480410759  5.9964327584531585  14.680301556058414
48.386326190922304  2.366748577690961  11.697711184980665
-45.79885894842805  -18.124741799252547  -10.630376732967425
3.62836719501994  -30.041488928397296  -31.220382299316906
-19.777830245395986  28.821497386307275  -23.46906960365683
6.743036237277725  -14.141940234479359  25.109054116639587
11.559050252309518  27.824682471609997  17.87944752249016
6.774676667285534  -47.36855818597562  6.983362034020871
18.031199179709283  56.779153398964674  -21.817305268936334
57.03130006836081  11.640337365670606  -8.375202562209543
-2.617668250436513  -11.17090999517699  -12.266609150768877
2.503862662171763  -6.566365828516291  0.5199619045453642
12.451003426392356  2.103564773291081  1.7858068433764274
