C   4.1992585114  -1.2492114839  -0.0080420459
C   1.8834855674  0.4373184564  0.0002071925
C   -0.5951137825  -1.0878246895  0.0008027033
C   -3.0813296608  0.4314274526  -0.0005176058
F   -5.0010101418  -1.1781768703  0.0051820629
F   -3.2484480901  1.8752478184  2.0305819741
F   -3.2524240128  1.8648995363  -2.0385827343
F   -0.6251228065  -2.5784983163  -2.0538061868
F   -0.6231369275  -2.5750781880  2.0579408347
F   1.8830385440  1.9308553023  2.0569933002
F   1.8771926539  1.9405459716  -2.0498516026
O   6.2994642475  0.3496423013  -0.0010599610
H   7.8171023278  -0.6327070064  0.0053196088
H   4.1282120963  -2.4281041285  -1.6911160083
H   4.1303648101  -2.4447429760  1.6634557902
momentum
-13.062582042667906  -25.82254404011749  4.598576839695562
41.82322023149878  38.97482816425988  34.98184308106472
53.451017191126816  1.8081247886624954  -13.787810992865797
35.41379289154423  -39.89182861184219  39.77886623972574
-6.814655030055119  -54.689912726422456  -28.97085123272106
-27.482567250005772  35.75976891713729  -4.479429335647569
-0.3210886689790735  -10.26125903356472  30.9716125188454
-51.06842007673992  18.41009351349161  -23.913472727360627
-42.75726131208744  55.517876646991205  -3.6792192392821104
-10.803078896132256  -18.428788862754132  9.54060093202699
41.52602555668339  -19.135826353038855  -12.275745051003296
-29.192287147660515  0.5140524416948989  -41.06727735169682
8.144488654024059  -0.5012569282942576  6.290373146460638
4.838285261097579  9.241435142642926  1.6177700235137007
-3.8768823704428117  7.8674398241119325  0.387227927086374
