C   4.1992585114  -1.2492114839  -0.0080420459
C   1.8834855674  0.4373184564  0.0002071925
C   -0.5951137825  -1.0878246895  0.0008027033
C   -3.0813296608  0.4314274526  -0.0005176058
F   -5.0010101418  -1.1781768703  0.0051820629
F   -3.2484480901  1.8752478184  2.0305819741
F   -3.2524240128  1.8648995363  -2.0385827343
F   -0.6251228065  -2.5784983163  -2.0538061868
F   -0.6231369275  -2.5750781880  2.0579408347
F   1.8830385440  1.9308553023  2.0569933002
F   1.8771926539  1.9405459716  -2.0498516026
O   6.2994642475  0.3496423013  -0.0010599610
H   7.8171023278  -0.6327070064  0.0053196088
H   4.1282120963  -2.4281041285  -1.6911160083
H   4.1303648101  -2.4447429760  1.6634557902
momentum
-3.4054640770989253  -14.467410599545289  -2.556013803184178
-5.3109784627186905  -0.7833446190585652  -7.854890800190386
-50.49947003051769  -5.365544430909143  8.428597346973023
15.213740211873443  -11.601580882563631  -2.4641019533795188
2.446175027980776  -1.613603161462042  19.295614085549953
20.319562900745098  50.17847663947317  18.884793384759945
63.29602568763523  -73.97504429111699  -17.66271614487075
-33.001505864173716  40.168477069743574  1.2594348920902538
-19.63435298462621  -21.445941242488768  -40.732374460218395
-5.086384419049545  17.19779451352632  1.5630165802263485
-4.460936381094423  -22.403620989937863  23.732568931726604
18.17955627084456  49.84136715856882  34.80810184896995
1.3537532396233856  1.590511293198101  -13.467507903935346
-7.970210970759986  -0.7398907078412833  -4.734114301045297
8.436882635731221  -6.412975799136698  -18.3624865142541
