C   4.1992585114  -1.2492114839  -0.0080420459
C   1.8834855674  0.4373184564  0.0002071925
C   -0.5951137825  -1.0878246895  0.0008027033
C   -3.0813296608  0.4314274526  -0.0005176058
F   -5.0010101418  -1.1781768703  0.0051820629
F   -3.2484480901  1.8752478184  2.0305819741
F   -3.2524240128  1.8648995363  -2.0385827343
F   -0.6251228065  -2.5784983163  -2.0538061868
F   -0.6231369275  -2.5750781880  2.0579408347
F   1.8830385440  1.9308553023  2.0569933002
F   1.8771926539  1.9405459716  -2.0498516026
O   6.2994642475  0.3496423013  -0.0010599610
H   7.8171023278  -0.6327070064  0.0053196088
H   4.1282120963  -2.4281041285  -1.6911160083
H   4.1303648101  -2.4447429760  1.6634557902
momentum
-9.608581433580788  -13.142938568476929  -9.968541297825022
38.45291074501412  55.74054894596491  -10.19178669926184
6.172576672804269  14.318634742612417  31.78069265356144
-62.754526679666135  -39.93540984929476  -33.027280785847616
13.627533247826518  -43.21122322940971  58.331175642706256
-25.779151786199773  20.81313969569001  -31.016579977312
-10.84991594908823  34.55539254460099  40.8341673511234
5.434268059984884  -26.627549916897657  -14.693298524950904
-0.15905658721790794  21.96647664299965  -45.176552111106595
10.820506355739623  -6.542418606066384  -26.132939351795635
27.44927728365321  9.061821336499843  10.188703207091399
10.81302901676881  -36.145562010964504  32.905562845841914
3.1803112195200205  -6.991858107103028  2.2528212705937936
2.6939634283015153  2.313209967188706  -4.9115906418056845
-9.386686637518773  12.90002868332574  -1.3438849709649496
