C   4.1992585114  -1.2492114839  -0.0080420459
C   1.8834855674  0.4373184564  0.0002071925
C   -0.5951137825  -1.0878246895  0.0008027033
C   -3.0813296608  0.4314274526  -0.0005176058
F   -5.0010101418  -1.1781768703  0.0051820629
F   -3.2484480901  1.8752478184  2.0305819741
F   -3.2524240128  1.8648995363  -2.0385827343
F   -0.6251228065  -2.5784983163  -2.0538061868
F   -0.6231369275  -2.5750781880  2.0579408347
F   1.8830385440  1.9308553023  2.0569933002
F   1.8771926539  1.9405459716  -2.0498516026
O   6.2994642475  0.3496423013  -0.0010599610
H   7.8171023278  -0.6327070064  0.0053196088
H   4.1282120963  -2.4281041285  -1.6911160083
H   4.1303648101  -2.4447429760  1.6634557902
momentum
-9.277909132732063  4.762042813608152  -6.386968114399771
-10.993977521056303  -33.43010654099244  3.1795140380978744
18.716743731410766  -13.262406099582863  10.886312165409908
-27.70120979187665  46.91128936048027  2.8113092117125604
9.589941000567825  21.979033148582715  -81.8233210729533
12.200573280503802  -34.72532119981522  54.617053096707984
-4.47796171307428  -34.70076908467752  -1.993363921301749
11.0669031891267  69.52656258121586  17.920012873281628
1.3492836290581613  -36.937119011778385  25.63602347950028
-23.28429661775251  59.02256353492349  -27.125241074682325
-19.211765835985588  -25.908588170895854  19.754627511151345
19.47195657331066  -23.875942947209275  -65.02442495582055
8.069734593057824  -0.19897001630888378  12.36007882115688
9.92950321003547  2.639006078683678  20.786637014123805
4.274358185376258  -1.547098266666981  14.359052929744404
