C   4.1992585114  -1.2492114839  -0.0080420459
C   1.8834855674  0.4373184564  0.0002071925
C   -0.5951137825  -1.0878246895  0.0008027033
C   -3.0813296608  0.4314274526  -0.0005176058
F   -5.0010101418  -1.1781768703  0.0051820629
F   -3.2484480901  1.8752478184  2.0305819741
F   -3.2524240128  1.8648995363  -2.0385827343
F   -0.6251228065  -2.5784983163  -2.0538061868
F   -0.6231369275  -2.5750781880  2.0579408347
F   1.8830385440  1.9308553023  2.0569933002
F   1.8771926539  1.9405459716  -2.0498516026
O   6.2994642475  0.3496423013  -0.0010599610
H   7.8171023278  -0.6327070064  0.0053196088
H   4.1282120963  -2.4281041285  -1.6911160083
H   4.1303648101  -2.4447429760  1.6634557902
momentum
-46.93364527153725  66.24114007733692  -16.996231526624737
15.0784873562851  -8.714279184175052  -21.255792407449686
-0.2092945557492836  18.699044683114682  19.666061998521922
-12.27705095071941  2.7059594851765687  -43.00192872336127
9.957243791708601  -1.3792613228539694  8.719319440629695
9.92629417729834  9.646503196302158  21.146788821779797
7.9317722200689635  -34.08963833813152  11.412495483957965
-8.90156197091878  39.57053336474349  6.35952326147188
24.487741681344648  23.242044372153114  -14.394409240429058
12.325685766450494  -40.111304917516534  15.880347859335188
-22.251750039645447  -47.81312139865934  -35.16269308463556
-2.8821647835296926  -10.206712869139045  63.213623305607825
2.7633153561830044  1.0681943455985603  -11.936118901138839
12.76311503472835  -1.1217851840510278  7.3323413331248775
-1.859113061558572  -17.17923135511789  -10.89540597995418
