C   4.1992585114  -1.2492114839  -0.0080420459
C   1.8834855674  0.4373184564  0.0002071925
C   -0.5951137825  -1.0878246895  0.0008027033
C   -3.0813296608  0.4314274526  -0.0005176058
F   -5.0010101418  -1.1781768703  0.0051820629
F   -3.2484480901  1.8752478184  2.0305819741
F   -3.2524240128  1.8648995363  -2.0385827343
F   -0.6251228065  -2.5784983163  -2.0538061868
F   -0.6231369275  -2.5750781880  2.0579408347
F   1.8830385440  1.9308553023  2.0569933002
F   1.8771926539  1.9405459716  -2.0498516026
O   6.2994642475  0.3496423013  -0.0010599610
H   7.8171023278  -0.6327070064  0.0053196088
H   4.1282120963  -2.4281041285  -1.6911160083
H   4.1303648101  -2.4447429760  1.6634557902
momentum
40.98226998979614  -8.812752628560228  2.713133146716956
-8.586936600809214  -46.15913591855697  26.95696660995247
36.810912634417065  -29.335566468084064  10.62624894552057
14.682523210362584  -28.589534381431342  6.316428714680919
-50.45866077706431  -41.23899093042904  8.06449568061795
-22.934432192622005  18.292475966017253  -8.808660758061224
-13.147732115325457  59.839403451563356  -2.8962996578539655
2.7774120757987295  16.90936290060558  -44.34932577476442
13.005465584695628  56.61244141102843  4.597447565972852
28.07529589839122  6.104968256368745  -22.065509961404246
-37.624767217939855  10.319471505199694  -8.15332518665733
12.573432561473968  -21.216510671784185  9.52650890293801
-18.917832178699143  9.851446880445884  2.123438590607462
-0.04432571665268617  1.8971022293313418  -2.0933824501115907
2.7605430686892296  -4.354935141596226  17.054279513401184
