C   4.1992585114  -1.2492114839  -0.0080420459
C   1.8834855674  0.4373184564  0.0002071925
C   -0.5951137825  -1.0878246895  0.0008027033
C   -3.0813296608  0.4314274526  -0.0005176058
F   -5.0010101418  -1.1781768703  0.0051820629
F   -3.2484480901  1.8752478184  2.0305819741
F   -3.2524240128  1.8648995363  -2.0385827343
F   -0.6251228065  -2.5784983163  -2.0538061868
F   -0.6231369275  -2.5750781880  2.0579408347
F   1.8830385440  1.9308553023  2.0569933002
F   1.8771926539  1.9405459716  -2.0498516026
O   6.2994642475  0.3496423013  -0.0010599610
H   7.8171023278  -0.6327070064  0.0053196088
H   4.1282120963  -2.4281041285  -1.6911160083
H   4.1303648101  -2.4447429760  1.6634557902
momentum
-50.17169270602747  14.164903021923536  -22.11766795854346
8.70815670845194  38.9866747478712  19.59746183316088
-22.110487506455208  7.235354168746784  14.589518748388626
5.511422345239001  4.278584143149055  -22.171315440521997
11.91880099489428  -45.75594669644549  3.593708953075113
18.300358098776666  52.73931876345374  -4.97741134024718
28.922225729621942  -9.074430794262584  18.938350374341347
11.949791746124097  -15.923598667250172  5.575899568493292
31.323126415596004  -23.202102594024026  -46.08917169738675
14.702193650094316  29.51300577629043  36.609148190214576
-51.10722261419546  -1.130417737494182  -19.797940550148574
-14.586563006764742  -41.59792071901729  1.358569647609877
-12.325345037002618  -10.048552764562157  14.157274998284462
18.953102208195514  4.497631252293132  2.3628655668433427
0.5334655640041753  -4.757638940475384  -1.5857796495889298
