C   4.1992585114  -1.2492114839  -0.0080420459
C   1.8834855674  0.4373184564  0.0002071925
C   -0.5951137825  -1.0878246895  0.0008027033
C   -3.0813296608  0.4314274526  -0.0005176058
F   -5.0010101418  -1.1781768703  0.0051820629
F   -3.2484480901  1.8752478184  2.0305819741
F   -3.2524240128  1.8648995363  -2.0385827343
F   -0.6251228065  -2.5784983163  -2.0538061868
F   -0.6231369275  -2.5750781880  2.0579408347
F   1.8830385440  1.9308553023  2.0569933002
F   1.8771926539  1.9405459716  -2.0498516026
O   6.2994642475  0.3496423013  -0.0010599610
H   7.8171023278  -0.6327070064  0.0053196088
H   4.1282120963  -2.4281041285  -1.6911160083
H   4.1303648101  -2.4447429760  1.6634557902
momentum
45.819294807464296  44.71041444725794  -2.791384873280579
-2.2912743468981702  -29.61537423789679  -35.9007535246076
-5.5606764222620475  9.226817260999127  11.031419004051882
-20.510133447618532  -6.8201231187494455  -17.340219915489573
-4.587488592193789  -16.728588671083017  14.365001799017788
99.13199062795663  2.952848404878767  -19.231214067120742
-17.563800249328953  0.6564353622440798  30.249368204509786
-24.268837048399295  -15.878497902026858  -28.243001454324123
-33.75396094605724  62.845632634767675  -22.128540886563943
-28.556163316781024  -31.967596214149204  13.511050046254661
-7.296188164916064  -34.80484649854325  21.121174863531703
-6.339994165889318  17.68395113399324  23.623021293579637
-1.0868963992472631  -2.569653067069414  -2.073292550120992
11.059403725805678  8.479605678996869  5.671930160221935
-3.702373987991961  -8.027943370362832  8.049302707760495
