C   4.1992585114  -1.2492114839  -0.0080420459
C   1.8834855674  0.4373184564  0.0002071925
C   -0.5951137825  -1.0878246895  0.0008027033
C   -3.0813296608  0.4314274526  -0.0005176058
F   -5.0010101418  -1.1781768703  0.0051820629
F   -3.2484480901  1.8752478184  2.0305819741
F   -3.2524240128  1.8648995363  -2.0385827343
F   -0.6251228065  -2.5784983163  -2.0538061868
F   -0.6231369275  -2.5750781880  2.0579408347
F   1.8830385440  1.9308553023  2.0569933002
F   1.8771926539  1.9405459716  -2.0498516026
O   6.2994642475  0.3496423013  -0.0010599610
H   7.8171023278  -0.6327070064  0.0053196088
H   4.1282120963  -2.4281041285  -1.6911160083
H   4.1303648101  -2.4447429760  1.6634557902
momentum
22.23298649778174  -14.58939975048349  9.391998148832933
5.63874549846381  6.7860157607417415  25.624372810370588
4.22888361306153  -18.751805252433776  5.704310350425381
-9.25953860818792  -10.442360640821622  -7.06702708275266
-5.387062894795949  27.300874931011425  17.99534714793216
-17.62945077776943  -1.7233344839426805  -36.23499185792176
11.10423698408955  -8.004888835141324  20.77435884643066
-37.516718121863626  -17.742750663813375  -17.002826570219522
-6.275522380705353  5.0097536458656755  20.040607209019818
20.089018513346378  -42.13546219983096  1.1228618106906596
3.536851179313845  45.599143040542614  -43.73035875159753
12.979158260135183  36.744865004477745  6.471881817106009
-10.813596305515864  2.26449763900581  3.6532755343312195
7.25925652875062  -0.7975008360439654  -2.327842856899351
-0.12087413886142927  -8.815716941704054  -4.301568722807163
