C   4.1992585114  -1.2492114839  -0.0080420459
C   1.8834855674  0.4373184564  0.0002071925
C   -0.5951137825  -1.0878246895  0.0008027033
C   -3.0813296608  0.4314274526  -0.0005176058
F   -5.0010101418  -1.1781768703  0.0051820629
F   -3.2484480901  1.8752478184  2.0305819741
F   -3.2524240128  1.8648995363  -2.0385827343
F   -0.6251228065  -2.5784983163  -2.0538061868
F   -0.6231369275  -2.5750781880  2.0579408347
F   1.8830385440  1.9308553023  2.0569933002
F   1.8771926539  1.9405459716  -2.0498516026
O   6.2994642475  0.3496423013  -0.0010599610
H   7.8171023278  -0.6327070064  0.0053196088
H   4.1282120963  -2.4281041285  -1.6911160083
H   4.1303648101  -2.4447429760  1.6634557902
momentum
-5.298136799301707  77.5705145950278  9.194582482305186
-13.93134290415469  -29.618902821827785  -12.530964986704427
40.701180124875904  -52.58327540781589  25.724926804339002
-2.3100262722587086  58.52546275635786  -16.219542179970187
23.745651567349867  -6.139935928442808  29.188040496699074
-42.1189646389462  -3.444375715728417  26.42333694207996
39.67012590317133  -45.637086957497246  -47.06916532134688
-30.606977982960025  7.88614655080068  -19.252824231446503
1.3267783377153517  -19.156288056960776  7.655153425895709
35.36803995092164  1.4020752285816842  -1.6522782790926356
-7.843616332574665  60.275051232841896  -1.3901421182654934
-11.571495541366033  -48.52954366488673  7.693127160569507
-16.35084833242088  -11.809849151043599  -0.6369449639078625
-5.51920765474174  2.5858117739848874  -10.407300226163532
-5.296993206271682  8.822720402768327  3.2737263427587573
