C   4.1992585114  -1.2492114839  -0.0080420459
C   1.8834855674  0.4373184564  0.0002071925
C   -0.5951137825  -1.0878246895  0.0008027033
C   -3.0813296608  0.4314274526  -0.0005176058
F   -5.0010101418  -1.1781768703  0.0051820629
F   -3.2484480901  1.8752478184  2.0305819741
F   -3.2524240128  1.8648995363  -2.0385827343
F   -0.6251228065  -2.5784983163  -2.0538061868
F   -0.6231369275  -2.5750781880  2.0579408347
F   1.8830385440  1.9308553023  2.0569933002
F   1.8771926539  1.9405459716  -2.0498516026
O   6.2994642475  0.3496423013  -0.0010599610
H   7.8171023278  -0.6327070064  0.0053196088
H   4.1282120963  -2.4281041285  -1.6911160083
H   4.1303648101  -2.4447429760  1.6634557902
momentum
15.35172737257177  2.530620543085672  -67.30172595409238
21.690758300579002  -8.931855321956432  32.02508753224391
17.318515442729513  -1.1736552931779494  27.68563446678688
26.06511434058895  1.06608825566789  -1.951504976453904
14.2925751414591  7.525447498966541  -19.031155019167816
45.92451031759401  -9.697847516569885  -7.417683085344862
-23.26048794498508  -3.6536958796871857  -32.88468141791043
17.28523599737021  2.6966957917740424  17.896792968627246
21.334923755788445  52.11607681222455  -21.895362610464442
-23.92842718530345  2.982614432413165  30.651587135774736
-84.6734379812684  -8.100520066451985  6.912173276422547
-27.642273083375887  -20.828415556585174  47.600315433427745
-10.537480535412653  -8.893974568774846  -12.687393583680668
-2.4834394427107602  -6.297382309088263  2.920994739119684
-6.639853237851089  -1.5385609051027576  -2.5644312231687594
