C   4.1992585114  -1.2492114839  -0.0080420459
C   1.8834855674  0.4373184564  0.0002071925
C   -0.5951137825  -1.0878246895  0.0008027033
C   -3.0813296608  0.4314274526  -0.0005176058
F   -5.0010101418  -1.1781768703  0.0051820629
F   -3.2484480901  1.8752478184  2.0305819741
F   -3.2524240128  1.8648995363  -2.0385827343
F   -0.6251228065  -2.5784983163  -2.0538061868
F   -0.6231369275  -2.5750781880  2.0579408347
F   1.8830385440  1.9308553023  2.0569933002
F   1.8771926539  1.9405459716  -2.0498516026
O   6.2994642475  0.3496423013  -0.0010599610
H   7.8171023278  -0.6327070064  0.0053196088
H   4.1282120963  -2.4281041285  -1.6911160083
H   4.1303648101  -2.4447429760  1.6634557902
momentum
3.280117748075397  27.62378403378221  -29.841573695544195
29.063733097094254  29.89534420153052  39.230839792566336
-10.194579042361948  28.059180046644034  6.995790417575033
-23.303048695343957  5.453060028135908  53.86467117559833
70.44274964243074  34.64340597460112  -64.35601251938306
-77.00324707056107  16.19105724454055  -15.955766874616435
-12.196886431173988  -41.65463855632169  18.095075715662468
-26.45403310292626  -97.68872680405374  -1.559558022149107
-51.85582912348658  10.701668293628394  -5.391618256428437
66.25205906144456  -34.633658739714136  23.308817621907743
-15.824801285207021  25.338325176716065  1.1636187130407587
42.07738298720068  -8.554467965629593  -26.453295918917636
6.3674843929011855  5.243967342393609  2.283583191675364
-1.5211175579609761  2.5251208195744232  0.004893355979007366
0.705283317454211  -2.896662555420454  -1.3625415251098818
