C   4.1992585114  -1.2492114839  -0.0080420459
C   1.8834855674  0.4373184564  0.0002071925
C   -0.5951137825  -1.0878246895  0.0008027033
C   -3.0813296608  0.4314274526  -0.0005176058
F   -5.0010101418  -1.1781768703  0.0051820629
F   -3.2484480901  1.8752478184  2.0305819741
F   -3.2524240128  1.8648995363  -2.0385827343
F   -0.6251228065  -2.5784983163  -2.0538061868
F   -0.6231369275  -2.5750781880  2.0579408347
F   1.8830385440  1.9308553023  2.0569933002
F   1.8771926539  1.9405459716  -2.0498516026
O   6.2994642475  0.3496423013  -0.0010599610
H   7.8171023278  -0.6327070064  0.0053196088
H   4.1282120963  -2.4281041285  -1.6911160083
H   4.1303648101  -2.4447429760  1.6634557902
momentum
-10.801799873710884  -6.085127022256026  5.440332154166067
-8.231757369107346  -4.0874831170500325  -14.306647746521948
-11.951515352859769  7.906177233472381  5.524757898574064
0.4280632202289078  -55.69835724148608  -8.584033285123237
30.919644706366324  -21.468022632650637  22.637538205287317
6.639786489251186  41.13876371354284  -52.51204823260937
8.408182622808498  22.898087136207334  -14.379988657811513
-19.4091816817808  55.86982472200599  67.31020777754816
33.52946485788884  5.973731102482563  -38.30488463528187
13.719228520186386  -56.34933839644505  3.827488757482683
9.323853958725715  -12.747033673534675  27.60836473230566
-64.07621210031108  -2.283654676095742  32.18198550374784
15.759278257514586  14.011490633999008  -21.93145777787298
-7.054879367758174  -3.680705984514685  -1.5922488712559442
2.7571094798994573  13.58993508187866  -13.101335215903683
