C   4.1992585114  -1.2492114839  -0.0080420459
C   1.8834855674  0.4373184564  0.0002071925
C   -0.5951137825  -1.0878246895  0.0008027033
C   -3.0813296608  0.4314274526  -0.0005176058
F   -5.0010101418  -1.1781768703  0.0051820629
F   -3.2484480901  1.8752478184  2.0305819741
F   -3.2524240128  1.8648995363  -2.0385827343
F   -0.6251228065  -2.5784983163  -2.0538061868
F   -0.6231369275  -2.5750781880  2.0579408347
F   1.8830385440  1.9308553023  2.0569933002
F   1.8771926539  1.9405459716  -2.0498516026
O   6.2994642475  0.3496423013  -0.0010599610
H   7.8171023278  -0.6327070064  0.0053196088
H   4.1282120963  -2.4281041285  -1.6911160083
H   4.1303648101  -2.4447429760  1.6634557902
momentum
5.06298643104462  1.1175951688787595  30.922607287765434
16.19014046442533  21.080668944442156  1.4246833950058426
12.83981542998843  -40.480681425729905  17.884299818650586
-8.888940172779359  -19.186440364388552  -35.132969733079214
25.308518073264313  13.245443849596585  -12.306822566998338
36.29629065800197  -7.0202494078594295  -4.138244243225015
-18.214015585655655  19.11711918474937  47.776003479495564
41.43000745839146  43.96354910601048  -8.118679563193073
-12.167656111454118  21.28167590889221  -3.0898436747713585
14.867661191220371  -10.218320462446323  19.983267983224415
-22.955213638269836  -45.91750173551301  -56.64271399325569
-61.19428358444123  2.2972965588048226  -14.421633532991196
-17.88393997242555  4.536731249130895  7.991497612100435
-8.536529223565056  4.3964594967315875  -1.8722241634197614
-1.3510781480893657  -8.20605695907034  9.227622657044133
