C   4.1992585114  -1.2492114839  -0.0080420459
C   1.8834855674  0.4373184564  0.0002071925
C   -0.5951137825  -1.0878246895  0.0008027033
C   -3.0813296608  0.4314274526  -0.0005176058
F   -5.0010101418  -1.1781768703  0.0051820629
F   -3.2484480901  1.8752478184  2.0305819741
F   -3.2524240128  1.8648995363  -2.0385827343
F   -0.6251228065  -2.5784983163  -2.0538061868
F   -0.6231369275  -2.5750781880  2.0579408347
F   1.8830385440  1.9308553023  2.0569933002
F   1.8771926539  1.9405459716  -2.0498516026
O   6.2994642475  0.3496423013  -0.0010599610
H   7.8171023278  -0.6327070064  0.0053196088
H   4.1282120963  -2.4281041285  -1.6911160083
H   4.1303648101  -2.4447429760  1.6634557902
momentum
11.171967257777736  -33.05929418482448  -2.5752511809518026
-0.3960798493623528  -46.06637601419219  -5.709031566951959
11.448948183247142  5.336285289048283  33.87333280993949
23.357333919083  55.73587565850416  -22.636462555533722
27.555376445810097  -9.195733390255768  26.83917063666997
-26.544769789502553  -9.733445426569961  -26.83741716205724
32.639361138808304  5.275375703114912  17.84713097114029
21.570720389554097  -23.19175489800131  -13.884258681488886
-11.884596904091437  -13.821111554766954  13.891316586675812
-42.94471847863675  13.612866036987864  12.751922608517722
-13.336482879167345  53.04779359499357  -15.087863740331839
-26.39647812953205  -8.633964053807144  -11.781728610313982
-0.5964585519180339  9.909701585863933  -10.123157888752477
-11.805295974480433  4.4768341056085506  -7.252443376366263
5.565308022751548  -3.8190744395879292  10.708641210960996
