C   4.1992585114  -1.2492114839  -0.0080420459
C   1.8834855674  0.4373184564  0.0002071925
C   -0.5951137825  -1.0878246895  0.0008027033
C   -3.0813296608  0.4314274526  -0.0005176058
F   -5.0010101418  -1.1781768703  0.0051820629
F   -3.2484480901  1.8752478184  2.0305819741
F   -3.2524240128  1.8648995363  -2.0385827343
F   -0.6251228065  -2.5784983163  -2.0538061868
F   -0.6231369275  -2.5750781880  2.0579408347
F   1.8830385440  1.9308553023  2.0569933002
F   1.8771926539  1.9405459716  -2.0498516026
O   6.2994642475  0.3496423013  -0.0010599610
H   7.8171023278  -0.6327070064  0.0053196088
H   4.1282120963  -2.4281041285  -1.6911160083
H   4.1303648101  -2.4447429760  1.6634557902
momentum
18.076608821869343  3.379023695359939  8.289266876391762
10.691946825227271  -4.287939636751749  -13.553474136784558
23.048344531214962  -11.708937535681766  44.65188832565689
-27.3674026807191  -7.738686511974388  -34.08789376741512
-15.998366139230592  -17.45374853995712  35.48503133253784
10.421512731235863  -24.18736118695563  -30.650833427454582
14.216416112212867  52.59037376563733  14.292450862714958
-8.049981229969065  -40.918372202210776  -22.5311871155653
5.21598822304257  41.77188553637357  -9.16283841820925
3.4200356020940212  -2.40813965351315  -0.9674960093962874
4.399714751545897  13.18234036046836  8.507963787572216
-15.094347764232948  -2.3287373502261906  7.563694794352794
-8.981932805348803  7.790725688901893  -4.933614443993016
-0.42672743701262056  3.5435351932975103  2.8321940751567545
-13.256381198280602  -10.967342153336599  -5.6821064400630314
