C   4.1992585114  -1.2492114839  -0.0080420459
C   1.8834855674  0.4373184564  0.0002071925
C   -0.5951137825  -1.0878246895  0.0008027033
C   -3.0813296608  0.4314274526  -0.0005176058
F   -5.0010101418  -1.1781768703  0.0051820629
F   -3.2484480901  1.8752478184  2.0305819741
F   -3.2524240128  1.8648995363  -2.0385827343
F   -0.6251228065  -2.5784983163  -2.0538061868
F   -0.6231369275  -2.5750781880  2.0579408347
F   1.8830385440  1.9308553023  2.0569933002
F   1.8771926539  1.9405459716  -2.0498516026
O   6.2994642475  0.3496423013  -0.0010599610
H   7.8171023278  -0.6327070064  0.0053196088
H   4.1282120963  -2.4281041285  -1.6911160083
H   4.1303648101  -2.4447429760  1.6634557902
momentum
25.80936948461883  -27.23949502848934  -38.495357741374825
-27.02006468510246  3.282844959190537  15.3502512277366
-11.731571645271623  -44.055728133842024  57.55448799258542
-25.95678869462422  -15.570156848685146  -36.32783052232345
-3.4157472444889194  23.394414813375725  -12.306144714229143
-5.998196080256771  -12.481957802876709  -55.26428791720838
-4.1438728964601435  -2.7017748121773817  11.107036804941457
-42.62170186141054  20.582746066794588  -6.868621583087974
19.09534746494469  -45.93834834827799  8.84253272892313
83.06320893735814  65.24591857332646  30.569640217895916
3.3026570442607563  25.365304718513972  16.261725862955924
-3.9583496911008855  -10.422579451366804  -0.9185928592922736
-20.305796128225765  12.403271395034944  1.4123918195003755
9.706102434625421  -9.369120894504578  -2.7756830288352683
4.391744600080503  16.86017595154663  11.623140973184608
