C   4.1992585114  -1.2492114839  -0.0080420459
C   1.8834855674  0.4373184564  0.0002071925
C   -0.5951137825  -1.0878246895  0.0008027033
C   -3.0813296608  0.4314274526  -0.0005176058
F   -5.0010101418  -1.1781768703  0.0051820629
F   -3.2484480901  1.8752478184  2.0305819741
F   -3.2524240128  1.8648995363  -2.0385827343
F   -0.6251228065  -2.5784983163  -2.0538061868
F   -0.6231369275  -2.5750781880  2.0579408347
F   1.8830385440  1.9308553023  2.0569933002
F   1.8771926539  1.9405459716  -2.0498516026
O   6.2994642475  0.3496423013  -0.0010599610
H   7.8171023278  -0.6327070064  0.0053196088
H   4.1282120963  -2.4281041285  -1.6911160083
H   4.1303648101  -2.4447429760  1.6634557902
momentum
-4.754660086279757  -60.10729021190878  22.380305947608544
12.753676649232203  -21.761557522922438  5.226372495128151
-28.13511883352079  -44.84604079490616  27.655830118309275
5.794584639222114  15.53982623784862  24.462161874751022
-4.822095243085949  11.690143025115297  12.3774821256195
-8.958274696192992  4.775268738637467  -23.793674523102993
-67.97650903492338  33.75105827020397  -29.046311184971817
26.343885344546536  10.633713485151313  -3.1814075666527226
26.233848801832462  7.521264217252005  -44.36496378443771
6.685311528929065  5.092985148899895  16.719900280593986
35.914637849405764  -24.0358614998817  7.63456409078951
8.615587712546162  61.23157319453763  -19.144479148857474
-9.146952261294233  5.495619554244435  0.15712008258176166
-7.866371150532913  -3.594739737831721  6.458935483989109
9.300621617958098  -1.8077427747413541  -3.7853937692601747
