C   4.1992585114  -1.2492114839  -0.0080420459
C   1.8834855674  0.4373184564  0.0002071925
C   -0.5951137825  -1.0878246895  0.0008027033
C   -3.0813296608  0.4314274526  -0.0005176058
F   -5.0010101418  -1.1781768703  0.0051820629
F   -3.2484480901  1.8752478184  2.0305819741
F   -3.2524240128  1.8648995363  -2.0385827343
F   -0.6251228065  -2.5784983163  -2.0538061868
F   -0.6231369275  -2.5750781880  2.0579408347
F   1.8830385440  1.9308553023  2.0569933002
F   1.8771926539  1.9405459716  -2.0498516026
O   6.2994642475  0.3496423013  -0.0010599610
H   7.8171023278  -0.6327070064  0.0053196088
H   4.1282120963  -2.4281041285  -1.6911160083
H   4.1303648101  -2.4447429760  1.6634557902
momentum
5.0070858816321575  -9.555369546476147  -31.584812733266745
-33.065659699024806  39.47211471263184  -53.774329201590874
11.5696181950105  -7.589673376057182  6.211805254395714
-33.8494187783586  54.442259449818735  14.220115801241665
-25.651395315898316  -46.76515746934844  0.9755249485220908
-1.9322807707667002  18.449820718309102  -19.599684927672815
70.99392670366107  -35.02646501233116  8.631668603779142
7.590307752599563  7.522362740953447  47.533097508230696
-62.99932139241311  -53.502659334159546  -21.366840533919532
27.66899872350076  4.399086134948334  17.077746561667674
6.411006773134271  6.492463006018697  38.12910600051725
42.1082383408114  57.14610763806713  -19.593163343452037
6.794857599118886  -11.810831387623171  -0.016753021738112574
-16.080025837332734  -15.089086794538309  7.042143264172223
-4.519843998587644  -7.682837364427893  5.964883803890206
