C   4.1992585114  -1.2492114839  -0.0080420459
C   1.8834855674  0.4373184564  0.0002071925
C   -0.5951137825  -1.0878246895  0.0008027033
C   -3.0813296608  0.4314274526  -0.0005176058
F   -5.0010101418  -1.1781768703  0.0051820629
F   -3.2484480901  1.8752478184  2.0305819741
F   -3.2524240128  1.8648995363  -2.0385827343
F   -0.6251228065  -2.5784983163  -2.0538061868
F   -0.6231369275  -2.5750781880  2.0579408347
F   1.8830385440  1.9308553023  2.0569933002
F   1.8771926539  1.9405459716  -2.0498516026
O   6.2994642475  0.3496423013  -0.0010599610
H   7.8171023278  -0.6327070064  0.0053196088
H   4.1282120963  -2.4281041285  -1.6911160083
H   4.1303648101  -2.4447429760  1.6634557902
momentum
5.869149528069908  17.250355509119924  -35.79362783982002
37.384373156716066  -19.977800005897738  29.554509531003916
-7.144697801128978  20.339768424539  40.81723719873993
-8.654442500671006  29.63777387665149  -27.254732384887625
-4.932537148786848  -23.8112522147466  19.613885045950344
34.84194775013301  -1.3832029897853277  -7.9409084584118075
-47.534660721631475  -13.654190373786118  -18.890385159501765
-0.12212695429108288  53.971112077321195  3.371568752337605
-8.369454319846543  1.5390001301252854  -37.087600434003754
-2.259374470561988  -13.479140679939075  -30.71996648545117
3.6833285148295594  -46.22642585468196  32.08923978795261
-10.117897510584832  -5.877881113010556  4.396043976918881
-5.1228034872412485  18.685165749608164  2.2670694095203263
8.439157552884406  0.11123953830030221  20.112459313235597
3.7444821900062197  -17.07661909597349  5.231421759791913
