C   4.1992585114  -1.2492114839  -0.0080420459
C   1.8834855674  0.4373184564  0.0002071925
C   -0.5951137825  -1.0878246895  0.0008027033
C   -3.0813296608  0.4314274526  -0.0005176058
F   -5.0010101418  -1.1781768703  0.0051820629
F   -3.2484480901  1.8752478184  2.0305819741
F   -3.2524240128  1.8648995363  -2.0385827343
F   -0.6251228065  -2.5784983163  -2.0538061868
F   -0.6231369275  -2.5750781880  2.0579408347
F   1.8830385440  1.9308553023  2.0569933002
F   1.8771926539  1.9405459716  -2.0498516026
O   6.2994642475  0.3496423013  -0.0010599610
H   7.8171023278  -0.6327070064  0.0053196088
H   4.1282120963  -2.4281041285  -1.6911160083
H   4.1303648101  -2.4447429760  1.6634557902
momentum
1.0634141100718295  -4.70517439905985  -7.992366204545166
-10.858477462010184  16.484589819020453  16.913550375379426
-44.19544920383197  -62.924271971482334  17.02183562673722
-33.692480102485526  34.75835797176913  -14.807957226035477
-20.115719444791452  34.848361838346804  13.509949825879762
15.031971332870896  2.2738328413082973  10.826901765267662
-18.618633518029245  -61.45630568857845  2.2174189031773954
38.4269088067395  44.09097955447449  -11.045623495668508
12.226360888858792  -70.20680703374889  -27.978475455496472
0.2500222828816206  71.17876326931918  -12.94204208755371
67.47436087630398  21.48450557432425  8.749311864690656
-10.822114751709153  -6.269863790142175  -12.041473651581311
-1.2769938130608431  0.7548529975952314  -11.037572522949791
-2.9664274243030575  -17.825999598037686  18.95240885789846
7.759719798978456  -2.126896452316079  9.532920227886596
