C   4.1992585114  -1.2492114839  -0.0080420459
C   1.8834855674  0.4373184564  0.0002071925
C   -0.5951137825  -1.0878246895  0.0008027033
C   -3.0813296608  0.4314274526  -0.0005176058
F   -5.0010101418  -1.1781768703  0.0051820629
F   -3.2484480901  1.8752478184  2.0305819741
F   -3.2524240128  1.8648995363  -2.0385827343
F   -0.6251228065  -2.5784983163  -2.0538061868
F   -0.6231369275  -2.5750781880  2.0579408347
F   1.8830385440  1.9308553023  2.0569933002
F   1.8771926539  1.9405459716  -2.0498516026
O   6.2994642475  0.3496423013  -0.0010599610
H   7.8171023278  -0.6327070064  0.0053196088
H   4.1282120963  -2.4281041285  -1.6911160083
H   4.1303648101  -2.4447429760  1.6634557902
momentum
-25.323489043773257  14.305177746794865  -5.8816301863178015
-35.03607377534977  -25.26293451254707  -5.9045629562365205
20.23741563190926  -17.52261843999993  20.729450380884426
1.6917982369088702  11.456865157558155  47.247935976744074
-4.328796276476309  -32.559404989422084  -57.34272390334282
-23.598958550763932  27.838977082287105  6.932910307672242
57.62687681527648  41.599003619396434  -22.566256559412768
3.7573249436563314  -0.05186853030115053  -14.409182753494779
10.805882997482703  -45.40063329343208  73.25705054557544
-3.214090838400051  12.911241321927525  45.177546361661484
26.174670725207243  6.459382741516441  -27.798009551205208
-29.46642278064414  10.113245090058063  -59.8121898199419
-0.538200793240032  4.616586129467163  1.9509475028714829
4.684023903835186  -7.537854753274492  -6.539135464260539
-3.641762271299637  -0.5664437389887718  5.34802181874741
