C   4.1992585114  -1.2492114839  -0.0080420459
C   1.8834855674  0.4373184564  0.0002071925
C   -0.5951137825  -1.0878246895  0.0008027033
C   -3.0813296608  0.4314274526  -0.0005176058
F   -5.0010101418  -1.1781768703  0.0051820629
F   -3.2484480901  1.8752478184  2.0305819741
F   -3.2524240128  1.8648995363  -2.0385827343
F   -0.6251228065  -2.5784983163  -2.0538061868
F   -0.6231369275  -2.5750781880  2.0579408347
F   1.8830385440  1.9308553023  2.0569933002
F   1.8771926539  1.9405459716  -2.0498516026
O   6.2994642475  0.3496423013  -0.0010599610
H   7.8171023278  -0.6327070064  0.0053196088
H   4.1282120963  -2.4281041285  -1.6911160083
H   4.1303648101  -2.4447429760  1.6634557902
momentum
-11.80717211664581  2.2905364005515754  -0.5683715725053559
32.01757611376293  22.439468118987435  -2.645049512160548
-23.150468249959093  -21.99118915988047  -13.46074726591467
9.825539239126282  -15.888184474978427  -23.934232338958243
42.3027511132883  -19.53192064499191  22.13784180794795
-17.128554337465168  56.1723466893938  50.848553475356354
57.914022412987364  19.963473378087368  -4.303130532287313
32.678551143767265  -4.638429513368547  -23.732637487386928
-61.55097393675615  -37.968388455028446  53.19524471936985
-48.28324479059252  -36.87441512750428  -1.6354041457909265
1.3685985344611766  12.744812469434356  -28.188601509499705
1.2786304587140793  25.966967761986087  -41.32382529650541
-13.159376682758827  -4.843327730343516  7.520253609971664
-4.385650203106453  2.6865988689010734  -0.18177360934145215
2.2443132770430423  -0.6000221557728748  5.941135828009421
