C   4.1992585114  -1.2492114839  -0.0080420459
C   1.8834855674  0.4373184564  0.0002071925
C   -0.5951137825  -1.0878246895  0.0008027033
C   -3.0813296608  0.4314274526  -0.0005176058
F   -5.0010101418  -1.1781768703  0.0051820629
F   -3.2484480901  1.8752478184  2.0305819741
F   -3.2524240128  1.8648995363  -2.0385827343
F   -0.6251228065  -2.5784983163  -2.0538061868
F   -0.6231369275  -2.5750781880  2.0579408347
F   1.8830385440  1.9308553023  2.0569933002
F   1.8771926539  1.9405459716  -2.0498516026
O   6.2994642475  0.3496423013  -0.0010599610
H   7.8171023278  -0.6327070064  0.0053196088
H   4.1282120963  -2.4281041285  -1.6911160083
H   4.1303648101  -2.4447429760  1.6634557902
momentum
-26.279579531649198  11.829565307396184  -14.357679918982058
18.285398226363657  -25.053298923964295  8.043952393709322
17.22870127998945  30.52169963293563  1.9819662932013182
-2.775819263894671  13.685944543501469  7.0331957304963195
-2.820633400337977  -9.09241931576966  -37.76797953117395
33.3162027177902  18.84177826757532  -12.60593933497184
-35.98654245703738  -6.772019025959921  5.105367525164793
9.303769515236407  -19.982010780445624  -12.82047129278512
-0.27750210910932277  -13.376291647185626  30.451037813699614
-40.47627151452279  23.043883100258828  52.28535566146231
23.706522517515886  -25.09977198532469  15.692305559155361
-3.8893788393795234  -1.141369934240231  -24.937303446374013
6.374800324472521  -5.617949796732063  -1.0194398678473047
-8.73902781172083  1.2943442174328696  -2.2711133060937243
13.285359374828912  6.6448322665358495  -14.784978695283403
