C   4.1992585114  -1.2492114839  -0.0080420459
C   1.8834855674  0.4373184564  0.0002071925
C   -0.5951137825  -1.0878246895  0.0008027033
C   -3.0813296608  0.4314274526  -0.0005176058
F   -5.0010101418  -1.1781768703  0.0051820629
F   -3.2484480901  1.8752478184  2.0305819741
F   -3.2524240128  1.8648995363  -2.0385827343
F   -0.6251228065  -2.5784983163  -2.0538061868
F   -0.6231369275  -2.5750781880  2.0579408347
F   1.8830385440  1.9308553023  2.0569933002
F   1.8771926539  1.9405459716  -2.0498516026
O   6.2994642475  0.3496423013  -0.0010599610
H   7.8171023278  -0.6327070064  0.0053196088
H   4.1282120963  -2.4281041285  -1.6911160083
H   4.1303648101  -2.4447429760  1.6634557902
momentum
34.710703715291075  23.790484560535937  14.906113629973465
9.986562990981845  0.7013158741010064  4.393561696358671
-10.234390242312909  24.605890745732758  21.6475994791882
13.208479894678858  1.5809760568893396  -11.810069705944104
27.56515772475963  13.903390156549197  -2.4069295689789616
9.945412192375068  -57.53051768353222  9.049457846778928
-6.906297045038503  22.51152855344138  3.9403898976229383
-4.385933621527714  -12.480967153476225  -34.34037815186948
-33.29478415351742  31.900244348819072  9.2809806240535
26.68878759049728  -9.98457087935708  -10.631140836338787
-34.852094974039304  -25.38897924323597  -26.068834505991912
-30.71557674152585  18.165167993232604  14.043985550212735
1.7184274275448705  -1.221493472295244  -2.1613746370734477
-7.733027040072205  -13.988617820259766  6.520957410822055
4.0444988521033185  -15.383710059660137  3.2194508091145826
