C   4.1992585114  -1.2492114839  -0.0080420459
C   1.8834855674  0.4373184564  0.0002071925
C   -0.5951137825  -1.0878246895  0.0008027033
C   -3.0813296608  0.4314274526  -0.0005176058
F   -5.0010101418  -1.1781768703  0.0051820629
F   -3.2484480901  1.8752478184  2.0305819741
F   -3.2524240128  1.8648995363  -2.0385827343
F   -0.6251228065  -2.5784983163  -2.0538061868
F   -0.6231369275  -2.5750781880  2.0579408347
F   1.8830385440  1.9308553023  2.0569933002
F   1.8771926539  1.9405459716  -2.0498516026
O   6.2994642475  0.3496423013  -0.0010599610
H   7.8171023278  -0.6327070064  0.0053196088
H   4.1282120963  -2.4281041285  -1.6911160083
H   4.1303648101  -2.4447429760  1.6634557902
momentum
6.002195371208033  -49.19377271505061  39.55425671357675
-21.04553166877684  -11.602563586384308  -27.94419992054583
3.6363001157077948  14.632491712847054  -2.7641320322441856
-12.476475047435528  12.234273086967724  27.858651279123627
70.85547898991084  -56.42040148082813  -4.133043365145332
-28.810922677963745  27.067218441684965  9.212401114957203
20.32763503579072  0.3713555658849248  -37.43594222897192
-75.29232394618097  3.9085745892533623  12.795481741424044
9.271225905774674  42.700504883593034  -59.801268986863235
47.13805629289207  -22.785028117671168  61.38225948772048
-41.34253005629064  6.358081665256177  -24.61412646737736
10.769667538547308  18.85366387579774  -7.570078460337893
-0.8980171781296806  -1.396822367189179  7.059874676378882
1.0795491617279014  6.908698325324314  4.963051517817299
10.905708806491893  8.088834024932671  0.7222637300573619
