C   4.1992585114  -1.2492114839  -0.0080420459
C   1.8834855674  0.4373184564  0.0002071925
C   -0.5951137825  -1.0878246895  0.0008027033
C   -3.0813296608  0.4314274526  -0.0005176058
F   -5.0010101418  -1.1781768703  0.0051820629
F   -3.2484480901  1.8752478184  2.0305819741
F   -3.2524240128  1.8648995363  -2.0385827343
F   -0.6251228065  -2.5784983163  -2.0538061868
F   -0.6231369275  -2.5750781880  2.0579408347
F   1.8830385440  1.9308553023  2.0569933002
F   1.8771926539  1.9405459716  -2.0498516026
O   6.2994642475  0.3496423013  -0.0010599610
H   7.8171023278  -0.6327070064  0.0053196088
H   4.1282120963  -2.4281041285  -1.6911160083
H   4.1303648101  -2.4447429760  1.6634557902
momentum
1.7251892326267875  12.274748018334027  7.606406071519176
22.78093612221318  -3.07712955037984  3.222024514347796
-29.1496404119983  17.147031898462707  -8.459392816439978
-2.407985951305345  -37.99581954580485  -42.87840881094308
-28.27108389618666  -16.41581582431942  -39.738292886833314
15.822888046711332  47.37181435150159  64.19360521178572
-21.12380115968379  17.105623889835297  -8.216226715712835
26.225522892245646  26.888179545105412  -2.100413775951677
66.9737257654927  1.9735788104313152  33.85276928102718
-55.853055296170446  7.475774815797419  -1.044279009312218
-1.0939612382834085  -14.688471878033567  9.238416463794298
-16.944499967508133  -43.36471089564254  -16.458257306226905
10.475555689086896  2.789394259044793  -7.869064519711913
2.9612522723968846  -6.134355824021074  6.224647175260117
7.916004672817943  -10.978153854388895  2.0885851296160225
