C   4.1992585114  -1.2492114839  -0.0080420459
C   1.8834855674  0.4373184564  0.0002071925
C   -0.5951137825  -1.0878246895  0.0008027033
C   -3.0813296608  0.4314274526  -0.0005176058
F   -5.0010101418  -1.1781768703  0.0051820629
F   -3.2484480901  1.8752478184  2.0305819741
F   -3.2524240128  1.8648995363  -2.0385827343
F   -0.6251228065  -2.5784983163  -2.0538061868
F   -0.6231369275  -2.5750781880  2.0579408347
F   1.8830385440  1.9308553023  2.0569933002
F   1.8771926539  1.9405459716  -2.0498516026
O   6.2994642475  0.3496423013  -0.0010599610
H   7.8171023278  -0.6327070064  0.0053196088
H   4.1282120963  -2.4281041285  -1.6911160083
H   4.1303648101  -2.4447429760  1.6634557902
momentum
-42.04093721410446  0.6795734743972541  5.86412404242735
21.677823702382717  3.619712032080682  -11.695525454830635
1.0669961698898964  -33.989495146457564  1.362839057375988
-8.820809355383851  15.255301478199225  16.20568490787597
-12.11889050848017  9.81862040559484  9.548785950249865
-23.1033104281221  31.964606588467404  20.18688672319121
-18.296660059918388  -17.144968371234327  -3.3022281428568627
21.90786850151963  -13.67027271940536  -25.048014583188717
-24.089192004280022  -12.503532016395784  -20.78397645764307
-14.538124358165165  25.558046387452908  21.817959868068787
15.486554708551719  -33.87166841386915  11.03009176418465
80.15083663165224  19.47244594288947  -5.7736576346762485
-4.899059217836681  -3.7800501041157526  1.977575711417366
4.229443698706043  -1.820051309991372  4.503995400417402
3.500173297078124  10.065545181963008  -25.61445368049569
