C   4.1992585114  -1.2492114839  -0.0080420459
C   1.8834855674  0.4373184564  0.0002071925
C   -0.5951137825  -1.0878246895  0.0008027033
C   -3.0813296608  0.4314274526  -0.0005176058
F   -5.0010101418  -1.1781768703  0.0051820629
F   -3.2484480901  1.8752478184  2.0305819741
F   -3.2524240128  1.8648995363  -2.0385827343
F   -0.6251228065  -2.5784983163  -2.0538061868
F   -0.6231369275  -2.5750781880  2.0579408347
F   1.8830385440  1.9308553023  2.0569933002
F   1.8771926539  1.9405459716  -2.0498516026
O   6.2994642475  0.3496423013  -0.0010599610
H   7.8171023278  -0.6327070064  0.0053196088
H   4.1282120963  -2.4281041285  -1.6911160083
H   4.1303648101  -2.4447429760  1.6634557902
momentum
16.74431409965548  -23.186206244839852  23.88883301777879
17.334081809624827  8.500772867850056  -1.1630421423374175
24.91751759500414  -2.421562523144251  21.034919149564498
-14.545965993414308  9.178469809835168  -21.287233035381362
-41.14856399458035  28.895876597147346  -16.982107805626654
4.046949709290161  -4.126123869742214  -27.40848307438132
14.849609763872987  -2.2060372281281473  16.00869171679
-24.734433362898585  -6.099406018317849  16.58377104330635
17.995574935948895  -46.946246504297534  -11.463871808689857
24.142537533824296  4.29956034618313  -6.351375336465226
-66.95674671140283  20.875278849103246  -4.099733888706259
6.41603971161651  7.270150274446984  0.8780677692368204
-3.0667581554674115  -0.9671724478067812  -4.015099793683384
3.3832536185137227  5.744301948026547  2.8587477891957462
20.724481375197236  1.2653736990573443  11.18956674910519
