C   4.1992585114  -1.2492114839  -0.0080420459
C   1.8834855674  0.4373184564  0.0002071925
C   -0.5951137825  -1.0878246895  0.0008027033
C   -3.0813296608  0.4314274526  -0.0005176058
F   -5.0010101418  -1.1781768703  0.0051820629
F   -3.2484480901  1.8752478184  2.0305819741
F   -3.2524240128  1.8648995363  -2.0385827343
F   -0.6251228065  -2.5784983163  -2.0538061868
F   -0.6231369275  -2.5750781880  2.0579408347
F   1.8830385440  1.9308553023  2.0569933002
F   1.8771926539  1.9405459716  -2.0498516026
O   6.2994642475  0.3496423013  -0.0010599610
H   7.8171023278  -0.6327070064  0.0053196088
H   4.1282120963  -2.4281041285  -1.6911160083
H   4.1303648101  -2.4447429760  1.6634557902
momentum
23.658386018678055  19.521147910430226  -21.687675931286694
7.012122588196507  -6.257942261590947  31.742954385020656
11.981840117779859  -47.941463604635565  8.017646780527494
10.029658485351897  -4.305016388916229  24.478886595132973
-54.59362653425058  37.428800337925026  14.500241810296805
-36.881890372730645  14.326664738014939  -23.222175250248196
6.655748519606261  27.219744480018498  -30.221402212654805
22.773112502413472  -7.2905030172478815  4.021576292466811
25.357970245460915  -47.895175341469766  -13.754706428098725
30.215545829679353  8.608045556184928  -36.083187704427594
-44.3674190156558  6.560429427273879  20.884185797403617
9.361724868574798  -2.1145820903706483  20.25332372944694
0.9760465261700392  2.1723835014257586  -7.051535785187349
-6.88536070662167  -5.755593642634596  4.225328718520659
-5.80653018123015  5.63838473469387  3.9316999044996073
