C   4.1992585114  -1.2492114839  -0.0080420459
C   1.8834855674  0.4373184564  0.0002071925
C   -0.5951137825  -1.0878246895  0.0008027033
C   -3.0813296608  0.4314274526  -0.0005176058
F   -5.0010101418  -1.1781768703  0.0051820629
F   -3.2484480901  1.8752478184  2.0305819741
F   -3.2524240128  1.8648995363  -2.0385827343
F   -0.6251228065  -2.5784983163  -2.0538061868
F   -0.6231369275  -2.5750781880  2.0579408347
F   1.8830385440  1.9308553023  2.0569933002
F   1.8771926539  1.9405459716  -2.0498516026
O   6.2994642475  0.3496423013  -0.0010599610
H   7.8171023278  -0.6327070064  0.0053196088
H   4.1282120963  -2.4281041285  -1.6911160083
H   4.1303648101  -2.4447429760  1.6634557902
momentum
-8.71654918083445  20.3941591383617  -5.927040364849567
-23.950926979185898  -58.33903365630537  19.287947682316652
-28.530568783629807  31.39335797767842  -5.7942630260568615
66.9633870680743  20.5159634028247  1.068231193106875
54.237420578862334  -38.58301993232893  -24.096833663477366
-6.675717208237471  -47.70175952157871  -19.50279543629669
-31.67110997222121  11.202050337383524  9.672930997610417
-67.94382674603246  59.913311138381324  -9.91718718573336
22.242636121300666  15.8729304548429  23.678701536097247
11.692193755043201  17.791057931236917  12.950604090596128
57.793281254552646  -56.38691579708031  2.5021990899702353
-36.81139159904778  -6.097936414266381  -24.78817694089313
2.165577436358305  7.056781113162544  5.926107246507449
-3.766089412803433  -0.09578272124541612  6.417454378924098
-7.878049693229987  21.945710741607154  8.326491721873648
