C   4.1992585114  -1.2492114839  -0.0080420459
C   1.8834855674  0.4373184564  0.0002071925
C   -0.5951137825  -1.0878246895  0.0008027033
C   -3.0813296608  0.4314274526  -0.0005176058
F   -5.0010101418  -1.1781768703  0.0051820629
F   -3.2484480901  1.8752478184  2.0305819741
F   -3.2524240128  1.8648995363  -2.0385827343
F   -0.6251228065  -2.5784983163  -2.0538061868
F   -0.6231369275  -2.5750781880  2.0579408347
F   1.8830385440  1.9308553023  2.0569933002
F   1.8771926539  1.9405459716  -2.0498516026
O   6.2994642475  0.3496423013  -0.0010599610
H   7.8171023278  -0.6327070064  0.0053196088
H   4.1282120963  -2.4281041285  -1.6911160083
H   4.1303648101  -2.4447429760  1.6634557902
momentum
35.169301212380724  10.796536162426806  5.894250935459982
-19.67874642199489  -18.433580393907064  -12.614662413218053
-12.196845063201907  9.54422136229386  -8.777675393127684
28.393724068345055  -30.61894896821212  -6.515590194773887
34.361249651805274  5.8703773803464  27.027530872199616
23.431816525045697  22.023567047202278  3.4629280504189706
-21.55525218582722  -5.060537662406945  -34.08975978906656
-25.283265036774527  -13.225415865342704  9.76916173954917
-52.80889064628693  -30.56312078923735  2.1303207130465287
-34.84500157686187  10.556772210311921  41.30019265271087
38.709384036209286  31.22590074071015  7.778665043963242
6.605037539849314  -4.299679193340816  -20.455400366050505
0.910446181908169  1.8730933807108563  -4.8486331965350375
3.9062723586869668  1.0741046723379901  -2.149639023697516
-4.724652053470175  8.731218033399102  -7.635168576137607
