C   4.1992585114  -1.2492114839  -0.0080420459
C   1.8834855674  0.4373184564  0.0002071925
C   -0.5951137825  -1.0878246895  0.0008027033
C   -3.0813296608  0.4314274526  -0.0005176058
F   -5.0010101418  -1.1781768703  0.0051820629
F   -3.2484480901  1.8752478184  2.0305819741
F   -3.2524240128  1.8648995363  -2.0385827343
F   -0.6251228065  -2.5784983163  -2.0538061868
F   -0.6231369275  -2.5750781880  2.0579408347
F   1.8830385440  1.9308553023  2.0569933002
F   1.8771926539  1.9405459716  -2.0498516026
O   6.2994642475  0.3496423013  -0.0010599610
H   7.8171023278  -0.6327070064  0.0053196088
H   4.1282120963  -2.4281041285  -1.6911160083
H   4.1303648101  -2.4447429760  1.6634557902
momentum
-49.91893931033865  35.01195377040892  8.812173714573174
6.522919526908814  1.5451313814378236  -18.770563918425914
-0.7745180456620746  3.1096546982520903  46.00651626423513
4.5478411229154725  -2.2716038916758836  63.458494268644976
45.52895056580609  12.692884900519475  -67.09830717758217
17.914957402090778  7.265211651036532  2.672722546153731
13.573355302278813  -14.73099039831166  -10.762778000239372
2.890983364184191  -19.435690488514798  36.67192171246372
45.473297834381015  5.328677868336535  -30.164902839491056
-29.98913490608644  -9.67811962624698  -16.98253620984991
-26.53117276840478  32.36427044996006  -5.553612907224538
-31.90039320971674  -57.16745147350679  6.173940031726708
8.260969240818106  1.0679666598518518  1.3829956645286425
0.6938953835557206  4.424841576571123  -3.156540436573219
-6.184321054912074  0.33963685696963125  -12.625817683258253
