C   4.1992585114  -1.2492114839  -0.0080420459
C   1.8834855674  0.4373184564  0.0002071925
C   -0.5951137825  -1.0878246895  0.0008027033
C   -3.0813296608  0.4314274526  -0.0005176058
F   -5.0010101418  -1.1781768703  0.0051820629
F   -3.2484480901  1.8752478184  2.0305819741
F   -3.2524240128  1.8648995363  -2.0385827343
F   -0.6251228065  -2.5784983163  -2.0538061868
F   -0.6231369275  -2.5750781880  2.0579408347
F   1.8830385440  1.9308553023  2.0569933002
F   1.8771926539  1.9405459716  -2.0498516026
O   6.2994642475  0.3496423013  -0.0010599610
H   7.8171023278  -0.6327070064  0.0053196088
H   4.1282120963  -2.4281041285  -1.6911160083
H   4.1303648101  -2.4447429760  1.6634557902
momentum
13.84393083811435  -18.07436442588249  -42.730124811307775
-23.171568122944404  -25.853024703469003  21.86186053723026
6.097449277537353  -44.27291739252027  13.485329738855992
11.941547781776174  -15.540819807128395  1.343818232764147
13.478197977335617  -16.08246058497367  -28.836340638765062
8.587624647182  53.725658345616395  -24.718483981583773
-11.362080141482377  39.01410253240502  12.800285355940927
18.861209957784293  -34.02133319390822  -8.9304988552729
-1.7593400045809975  21.216486400742205  14.046715667505419
28.2716843634174  8.45151332305973  -3.9118778779517687
-63.8928320132735  37.569882313962914  17.72498436320031
-13.871162000324492  0.9842598311042287  27.66255891635781
11.597248467570155  5.291133455995194  -11.600201261624676
1.2123907950714128  0.47564366605095537  13.935931273598085
-0.0338518057887061  -12.345387688905607  -2.2222013044114237
