C   4.1992585114  -1.2492114839  -0.0080420459
C   1.8834855674  0.4373184564  0.0002071925
C   -0.5951137825  -1.0878246895  0.0008027033
C   -3.0813296608  0.4314274526  -0.0005176058
F   -5.0010101418  -1.1781768703  0.0051820629
F   -3.2484480901  1.8752478184  2.0305819741
F   -3.2524240128  1.8648995363  -2.0385827343
F   -0.6251228065  -2.5784983163  -2.0538061868
F   -0.6231369275  -2.5750781880  2.0579408347
F   1.8830385440  1.9308553023  2.0569933002
F   1.8771926539  1.9405459716  -2.0498516026
O   6.2994642475  0.3496423013  -0.0010599610
H   7.8171023278  -0.6327070064  0.0053196088
H   4.1282120963  -2.4281041285  -1.6911160083
H   4.1303648101  -2.4447429760  1.6634557902
momentum
-20.430566083674655  -50.16471148276549  47.07434746313358
-38.289484825101724  -0.22898298225896724  -18.41711642947911
33.830551331298935  -8.220034178958706  -22.03689889416102
-19.45851696489421  3.818718421654132  -30.930939776422257
-4.059045727996254  -53.705363245999216  17.051990042376747
-64.81703249916343  3.310431433279757  -6.939638810225253
38.47751333995204  -15.136665176923273  9.761318741126205
14.739722723704679  85.70962472030966  4.163458799697609
-1.2781344789876208  29.776300013770122  37.899739002078675
26.596740591011788  15.92939622955743  -5.647337011953691
-13.988346292241152  8.410373729989782  36.55092320461887
44.03227137336967  -6.484672869378943  -41.97800545601211
6.398996113652446  -12.85045386669469  -5.345340957612069
5.3174056242673595  5.831842638318107  -7.746076663616591
-6.83945261545808  -5.516150121759497  -12.521270047797918
