C   4.1992585114  -1.2492114839  -0.0080420459
C   1.8834855674  0.4373184564  0.0002071925
C   -0.5951137825  -1.0878246895  0.0008027033
C   -3.0813296608  0.4314274526  -0.0005176058
F   -5.0010101418  -1.1781768703  0.0051820629
F   -3.2484480901  1.8752478184  2.0305819741
F   -3.2524240128  1.8648995363  -2.0385827343
F   -0.6251228065  -2.5784983163  -2.0538061868
F   -0.6231369275  -2.5750781880  2.0579408347
F   1.8830385440  1.9308553023  2.0569933002
F   1.8771926539  1.9405459716  -2.0498516026
O   6.2994642475  0.3496423013  -0.0010599610
H   7.8171023278  -0.6327070064  0.0053196088
H   4.1282120963  -2.4281041285  -1.6911160083
H   4.1303648101  -2.4447429760  1.6634557902
momentum
4.784975157259461  21.790413551761695  20.046635919446473
28.837557578127768  14.766926392714886  33.66332131578759
18.429548672838408  -34.16152400607914  17.162371769155605
27.494497179136015  36.29241218017199  15.185927077546351
-27.32088191639823  9.686248026604186  5.8294577898994975
-42.62550287843269  -11.399527222657653  16.142504067523056
70.99027569023201  -20.737485960247366  -44.625179540241575
-34.872423807129785  -2.602583495483499  -14.796996081487723
28.40298769574983  -12.36121363972552  -8.418607190581326
-42.56774818498296  1.68023083657698  41.99575860802854
2.4243405345287496  14.41385273332233  -20.382162532772377
-19.815264150861637  -0.297979462638587  -61.670807843547614
-19.069861934536153  -9.43286984411224  -2.287055761027132
0.3908058986072149  -9.627664688462065  -4.570788664012001
4.275240816850048  2.252106345895664  6.81777725403267
