C   4.1992585114  -1.2492114839  -0.0080420459
C   1.8834855674  0.4373184564  0.0002071925
C   -0.5951137825  -1.0878246895  0.0008027033
C   -3.0813296608  0.4314274526  -0.0005176058
F   -5.0010101418  -1.1781768703  0.0051820629
F   -3.2484480901  1.8752478184  2.0305819741
F   -3.2524240128  1.8648995363  -2.0385827343
F   -0.6251228065  -2.5784983163  -2.0538061868
F   -0.6231369275  -2.5750781880  2.0579408347
F   1.8830385440  1.9308553023  2.0569933002
F   1.8771926539  1.9405459716  -2.0498516026
O   6.2994642475  0.3496423013  -0.0010599610
H   7.8171023278  -0.6327070064  0.0053196088
H   4.1282120963  -2.4281041285  -1.6911160083
H   4.1303648101  -2.4447429760  1.6634557902
momentum
-12.078877798443195  -7.691023258988831  4.6632928394072115
1.6713123819815174  -45.67998699682703  28.0917050794009
-37.22345009068241  -28.40823788147309  24.22853070713921
24.568434929805168  -13.153605765278469  22.163288220019503
-3.0223617831031895  -3.6972657418766297  48.98203224370298
-28.335979412290495  -32.03717959968084  9.897302179178226
27.083768882110604  39.07566016634023  -40.421627276559924
15.459097091728951  -4.792683629149848  -50.33436447856185
-12.051443917001237  25.691773190548762  -13.541427300387506
14.463936538296084  57.927965966271096  -50.30756867686378
10.820727223953282  1.7215997080547456  21.604484598194684
-11.61612186082672  2.9086989783818313  11.606000295888483
9.578077386881443  3.556237622111397  -0.19238509784251812
1.064887147197179  3.4957661603704135  -1.8624509646646774
-1.1807597876603744  0.9422074522093702  -14.12324414761913
