C   4.1992585114  -1.2492114839  -0.0080420459
C   1.8834855674  0.4373184564  0.0002071925
C   -0.5951137825  -1.0878246895  0.0008027033
C   -3.0813296608  0.4314274526  -0.0005176058
F   -5.0010101418  -1.1781768703  0.0051820629
F   -3.2484480901  1.8752478184  2.0305819741
F   -3.2524240128  1.8648995363  -2.0385827343
F   -0.6251228065  -2.5784983163  -2.0538061868
F   -0.6231369275  -2.5750781880  2.0579408347
F   1.8830385440  1.9308553023  2.0569933002
F   1.8771926539  1.9405459716  -2.0498516026
O   6.2994642475  0.3496423013  -0.0010599610
H   7.8171023278  -0.6327070064  0.0053196088
H   4.1282120963  -2.4281041285  -1.6911160083
H   4.1303648101  -2.4447429760  1.6634557902
momentum
3.0993671371693146  8.61170718911228  -13.686735806381837
5.377566599490225  -22.378686506409505  -6.155705311063353
7.794072944056902  -20.566402577929296  20.412743554582626
-23.779323076036068  -44.85745308261805  -41.977427334039824
-8.3194956072195  17.81555151177465  -20.081031379801082
-20.087719310630945  35.98067346600731  17.691192426635027
39.44805120130463  -7.919112120817846  19.936838861259723
-7.536716556168236  -24.48018189745781  -10.312085666736824
39.06394773835084  62.329786031508256  -12.836721757349164
-0.18473861213708964  -1.6009079211221287  5.083181307443092
-27.587599490315863  9.665320866562656  70.27365382831842
-19.772213963497393  -21.26888881758654  -36.19278325717508
11.548150717666546  4.109762943989084  7.919877465560684
5.176533390142933  -1.733583146284993  -6.975315254060207
-4.17806233049036  6.065551191908859  6.523442271962676
