C   4.1992585114  -1.2492114839  -0.0080420459
C   1.8834855674  0.4373184564  0.0002071925
C   -0.5951137825  -1.0878246895  0.0008027033
C   -3.0813296608  0.4314274526  -0.0005176058
F   -5.0010101418  -1.1781768703  0.0051820629
F   -3.2484480901  1.8752478184  2.0305819741
F   -3.2524240128  1.8648995363  -2.0385827343
F   -0.6251228065  -2.5784983163  -2.0538061868
F   -0.6231369275  -2.5750781880  2.0579408347
F   1.8830385440  1.9308553023  2.0569933002
F   1.8771926539  1.9405459716  -2.0498516026
O   6.2994642475  0.3496423013  -0.0010599610
H   7.8171023278  -0.6327070064  0.0053196088
H   4.1282120963  -2.4281041285  -1.6911160083
H   4.1303648101  -2.4447429760  1.6634557902
momentum
-38.43688567465977  11.6855561310994  33.66514170970752
-28.399296611274732  13.692348043099509  -19.772173564590634
50.41504863734591  -14.454309943907818  -14.354456527283226
-12.707712745372332  20.327400412488657  9.798074957258109
12.839506551131453  36.264868534379524  3.1623913401676664
-39.09302670717733  -16.544674819423488  23.67199861080513
-25.41917066370864  -22.001598744379894  -13.002942723317277
16.34464711187065  44.175703192629875  22.364351332907695
13.30604991627699  -33.89226849269905  -6.595508302073647
13.694741571327217  -8.951776525639218  -33.0440635960946
5.116591701058523  -18.97593921716529  -2.527764744888472
31.28097672363359  -17.989786807445036  -5.637319522011446
12.041071878525369  2.9989619929081655  8.381945646054922
1.0205222581474445  -1.8389487944761445  -2.894506945144465
-12.252930919769842  5.484922729365789  -2.9174247280279824
