C   4.1992585114  -1.2492114839  -0.0080420459
C   1.8834855674  0.4373184564  0.0002071925
C   -0.5951137825  -1.0878246895  0.0008027033
C   -3.0813296608  0.4314274526  -0.0005176058
F   -5.0010101418  -1.1781768703  0.0051820629
F   -3.2484480901  1.8752478184  2.0305819741
F   -3.2524240128  1.8648995363  -2.0385827343
F   -0.6251228065  -2.5784983163  -2.0538061868
F   -0.6231369275  -2.5750781880  2.0579408347
F   1.8830385440  1.9308553023  2.0569933002
F   1.8771926539  1.9405459716  -2.0498516026
O   6.2994642475  0.3496423013  -0.0010599610
H   7.8171023278  -0.6327070064  0.0053196088
H   4.1282120963  -2.4281041285  -1.6911160083
H   4.1303648101  -2.4447429760  1.6634557902
momentum
25.05088740957134  -14.52853434899128  22.74723364388378
-26.213811590223525  33.754420199217726  -16.978719634792697
20.166309645504818  -1.3745638097989863  33.82781649331645
11.027494887057198  -81.74029428183016  1.418906482650696
-45.049284877742274  -16.875930115642817  36.72675020414455
-12.060086342040126  -43.79099535334834  -24.528668952358302
24.166938106018968  46.943073983052514  -28.17024642956759
-43.00381852743703  16.069652949874087  -14.988578249476216
-16.526412027803758  21.323114050239777  -3.198912914332888
27.08214687928564  37.41666671168179  -0.27534247862231226
34.75794472026161  12.080174032255723  13.296934482343637
23.01293861347755  -25.53584116338538  3.4325161496831607
-13.760637101747763  5.843933998694965  -7.104538105691775
-2.447686758010288  -2.880891301892985  -12.72008436379261
-5.731483088238192  12.683557793794206  -3.421797002975421
