C   4.1992585114  -1.2492114839  -0.0080420459
C   1.8834855674  0.4373184564  0.0002071925
C   -0.5951137825  -1.0878246895  0.0008027033
C   -3.0813296608  0.4314274526  -0.0005176058
F   -5.0010101418  -1.1781768703  0.0051820629
F   -3.2484480901  1.8752478184  2.0305819741
F   -3.2524240128  1.8648995363  -2.0385827343
F   -0.6251228065  -2.5784983163  -2.0538061868
F   -0.6231369275  -2.5750781880  2.0579408347
F   1.8830385440  1.9308553023  2.0569933002
F   1.8771926539  1.9405459716  -2.0498516026
O   6.2994642475  0.3496423013  -0.0010599610
H   7.8171023278  -0.6327070064  0.0053196088
H   4.1282120963  -2.4281041285  -1.6911160083
H   4.1303648101  -2.4447429760  1.6634557902
momentum
-27.84133735471376  33.036142918905284  1.5035434061175432
-6.47352426310882  7.435641643644502  -20.854942584369045
-3.741823019953735  29.784630877837575  15.083780098639467
2.3245413388323977  -21.45304678940455  -28.05470716581685
25.2871126159996  16.07915665171811  -21.64658715287318
9.83397620712461  -16.743109519600278  46.80631218885162
-37.98292539511542  13.107692436225276  -54.36438465333606
-21.937664384433106  -25.43258330096633  -26.426560224513583
22.761935398086344  -7.191502993438158  26.216547289238623
35.71400409360561  14.049647093127346  23.95478968113633
8.104352427304512  -15.022690706321812  34.231128331383594
4.301648334007967  1.4449710644381073  -6.346508814733369
-7.30149374769265  2.09935874271128  -10.10704198359921
-1.8615992933708407  -16.6632823613872  8.229648337268094
-0.9950664075492249  -13.85149402074063  11.349509713145732
