C   4.1992585114  -1.2492114839  -0.0080420459
C   1.8834855674  0.4373184564  0.0002071925
C   -0.5951137825  -1.0878246895  0.0008027033
C   -3.0813296608  0.4314274526  -0.0005176058
F   -5.0010101418  -1.1781768703  0.0051820629
F   -3.2484480901  1.8752478184  2.0305819741
F   -3.2524240128  1.8648995363  -2.0385827343
F   -0.6251228065  -2.5784983163  -2.0538061868
F   -0.6231369275  -2.5750781880  2.0579408347
F   1.8830385440  1.9308553023  2.0569933002
F   1.8771926539  1.9405459716  -2.0498516026
O   6.2994642475  0.3496423013  -0.0010599610
H   7.8171023278  -0.6327070064  0.0053196088
H   4.1282120963  -2.4281041285  -1.6911160083
H   4.1303648101  -2.4447429760  1.6634557902
momentum
-34.51958731980217  -4.791196972160028  -8.810461648977288
-4.318625539080973  -4.514717999991776  46.48685547947853
-9.010563807564859  -10.262080240671917  -17.26772414593219
29.069700032120814  -14.449026460737654  -52.82019082459717
-3.3829646328137413  -32.298765751202865  -5.901390753918715
7.83598430090074  45.71260745862322  -9.045805524066079
6.34870684501323  34.37379749423485  31.222757478765914
37.00356241078979  10.522348711536948  20.168767338654014
43.9156342670451  -1.3134491629090916  -11.630381372562612
-28.05996309127975  26.48993056190023  15.367530908732707
-49.52815993578525  -20.076473836567818  13.708644440640311
1.5419536570835661  -33.02584462248546  -33.17498548810556
4.965363910263337  0.5466082837981411  -2.4267961118006247
-0.6652834324388529  10.180264481955016  12.021054083069115
-1.189330521949868  -7.3785689943968205  2.1196008131753152
