C   4.1992585114  -1.2492114839  -0.0080420459
C   1.8834855674  0.4373184564  0.0002071925
C   -0.5951137825  -1.0878246895  0.0008027033
C   -3.0813296608  0.4314274526  -0.0005176058
F   -5.0010101418  -1.1781768703  0.0051820629
F   -3.2484480901  1.8752478184  2.0305819741
F   -3.2524240128  1.8648995363  -2.0385827343
F   -0.6251228065  -2.5784983163  -2.0538061868
F   -0.6231369275  -2.5750781880  2.0579408347
F   1.8830385440  1.9308553023  2.0569933002
F   1.8771926539  1.9405459716  -2.0498516026
O   6.2994642475  0.3496423013  -0.0010599610
H   7.8171023278  -0.6327070064  0.0053196088
H   4.1282120963  -2.4281041285  -1.6911160083
H   4.1303648101  -2.4447429760  1.6634557902
momentum
9.183069952884928  -40.28730342866748  -28.32724047685743
17.995663548119605  36.11077859126269  0.5969644655695681
-70.70360129023476  -66.72430606052747  -36.44263727581217
4.131929216946779  -6.826009636442981  -1.0045671765649475
-8.680169249166575  9.65554779339493  49.61736107453768
-41.65373518920987  -30.753093175964295  34.14827689726038
60.00344198365337  42.50625916030405  -50.583194947810256
42.48016925540219  33.90614775979665  -34.397920306541465
1.2691684304944635  29.691632806318303  41.50557100560684
-17.886008382519112  21.610483274777764  34.835374371632845
13.845285659474353  -67.8393492928526  13.777412225809115
0.05111994990766936  34.5824588359487  -20.485859853194764
-9.47286225003417  7.0197597729101355  -4.342514468983237
0.6230154684665217  -9.620080231543033  1.7633315468367723
-1.4841375021767251  6.47270846470415  -0.6677050462889929
