C   4.1992585114  -1.2492114839  -0.0080420459
C   1.8834855674  0.4373184564  0.0002071925
C   -0.5951137825  -1.0878246895  0.0008027033
C   -3.0813296608  0.4314274526  -0.0005176058
F   -5.0010101418  -1.1781768703  0.0051820629
F   -3.2484480901  1.8752478184  2.0305819741
F   -3.2524240128  1.8648995363  -2.0385827343
F   -0.6251228065  -2.5784983163  -2.0538061868
F   -0.6231369275  -2.5750781880  2.0579408347
F   1.8830385440  1.9308553023  2.0569933002
F   1.8771926539  1.9405459716  -2.0498516026
O   6.2994642475  0.3496423013  -0.0010599610
H   7.8171023278  -0.6327070064  0.0053196088
H   4.1282120963  -2.4281041285  -1.6911160083
H   4.1303648101  -2.4447429760  1.6634557902
momentum
-20.85644964227465  34.583071675172775  21.763128550853843
7.054142061964773  2.621018457914528  -2.5299365803763463
5.912547165957992  -20.56924008016349  -49.3543576949053
-25.51525758738076  5.292242244294384  36.871931624253875
44.0678454467477  8.014499595965592  33.79287439528417
-12.22898438407766  7.498840260353186  -14.143263359322418
-3.1019172986749437  -10.824117615361553  0.4362680619025141
-32.30884375045491  -10.617725931151954  4.679083856505472
6.349138606482123  -27.513693030348403  -49.10146604431374
21.94388064144723  22.62808451048948  -12.532576818750885
24.249156293140786  6.188854952515166  -1.5355919434575251
7.379577519912984  -31.40990613495425  24.50928461287418
-15.308363981097209  16.740613321346117  4.7345746979833985
-10.112470965996433  -9.622012085152026  14.26635868254371
2.7231512082353895  7.06524539168158  -12.565751071329768
