C   4.1992585114  -1.2492114839  -0.0080420459
C   1.8834855674  0.4373184564  0.0002071925
C   -0.5951137825  -1.0878246895  0.0008027033
C   -3.0813296608  0.4314274526  -0.0005176058
F   -5.0010101418  -1.1781768703  0.0051820629
F   -3.2484480901  1.8752478184  2.0305819741
F   -3.2524240128  1.8648995363  -2.0385827343
F   -0.6251228065  -2.5784983163  -2.0538061868
F   -0.6231369275  -2.5750781880  2.0579408347
F   1.8830385440  1.9308553023  2.0569933002
F   1.8771926539  1.9405459716  -2.0498516026
O   6.2994642475  0.3496423013  -0.0010599610
H   7.8171023278  -0.6327070064  0.0053196088
H   4.1282120963  -2.4281041285  -1.6911160083
H   4.1303648101  -2.4447429760  1.6634557902
momentum
-87.98455507603198  21.112545270226843  -12.287326674567188
35.990854534456076  10.644009544689467  15.697241110045022
6.4856550733965195  -7.237666209373937  1.9281867169020903
47.097350994010775  20.814538316834334  35.856358303675194
7.842019762415641  9.739456042328804  22.797119198012737
-51.69805197643275  -14.72637681680018  -28.18305724938243
38.646053016153715  -41.097878329888324  -20.552602729739903
-21.357280266781853  10.903164432989133  -0.5315824248839421
-3.213058395851525  0.5338464874905025  2.6292673627868806
-6.7061263442678145  -39.143631466351216  21.953246154706115
28.608003746676303  16.544630980656247  -19.6777791902714
6.296856941339154  18.01073028672469  -21.168625730761768
-2.2924629080375296  -2.5076669653143777  -5.297699437034232
4.303396107291901  5.3224400481874365  6.987963644521862
-2.5707940461002043  -8.966308618808132  0.16816777244177017
