C   4.1992585114  -1.2492114839  -0.0080420459
C   1.8834855674  0.4373184564  0.0002071925
C   -0.5951137825  -1.0878246895  0.0008027033
C   -3.0813296608  0.4314274526  -0.0005176058
F   -5.0010101418  -1.1781768703  0.0051820629
F   -3.2484480901  1.8752478184  2.0305819741
F   -3.2524240128  1.8648995363  -2.0385827343
F   -0.6251228065  -2.5784983163  -2.0538061868
F   -0.6231369275  -2.5750781880  2.0579408347
F   1.8830385440  1.9308553023  2.0569933002
F   1.8771926539  1.9405459716  -2.0498516026
O   6.2994642475  0.3496423013  -0.0010599610
H   7.8171023278  -0.6327070064  0.0053196088
H   4.1282120963  -2.4281041285  -1.6911160083
H   4.1303648101  -2.4447429760  1.6634557902
momentum
-53.03083038917278  5.451320088525317  11.459072052749724
-23.80003883293999  5.89649064954698  -0.2325523006711522
31.20610232283456  9.00706872465121  28.806253563587028
-34.011386664013294  2.4836569790979053  -11.048381935274104
-35.22902148983682  -14.457949091353468  0.029125174396210506
22.562037128285972  30.283049523903674  17.574614930806963
-63.346447468787524  -44.913516474633006  -12.224883881938796
51.737118507832236  -17.050851014779102  -23.30484261900396
-35.60423682632039  0.5645215798398887  -20.676011363632117
49.387777442609426  4.542942552954699  29.911073038402428
52.347981547836085  34.23468465867983  1.3319579272662385
37.493655319782576  -5.80202830301526  -17.637826768969774
-0.36439078855879053  -1.9209015947919321  2.310774280415735
-6.9959444136574716  -7.8470389384714645  -2.659392535871355
8.114967932476379  -0.15553666067850386  -3.7164996495567464
