C   4.1992585114  -1.2492114839  -0.0080420459
C   1.8834855674  0.4373184564  0.0002071925
C   -0.5951137825  -1.0878246895  0.0008027033
C   -3.0813296608  0.4314274526  -0.0005176058
F   -5.0010101418  -1.1781768703  0.0051820629
F   -3.2484480901  1.8752478184  2.0305819741
F   -3.2524240128  1.8648995363  -2.0385827343
F   -0.6251228065  -2.5784983163  -2.0538061868
F   -0.6231369275  -2.5750781880  2.0579408347
F   1.8830385440  1.9308553023  2.0569933002
F   1.8771926539  1.9405459716  -2.0498516026
O   6.2994642475  0.3496423013  -0.0010599610
H   7.8171023278  -0.6327070064  0.0053196088
H   4.1282120963  -2.4281041285  -1.6911160083
H   4.1303648101  -2.4447429760  1.6634557902
momentum
-31.930172677578682  18.72513274314639  -18.081321458791916
43.175297854087816  -5.2052074341853185  38.87796609767564
4.945509289578386  3.575118419086707  -21.02929583731638
-6.237024877539781  -12.900348844527315  14.191786644317624
17.85554795513733  36.6141785437186  -20.657324245358613
-69.88366977682631  -31.20740860329768  22.60022018022982
11.81315778839026  -3.339064618713894  -18.120084567162905
-7.695611299521169  7.034486817688411  -15.138046643766309
45.886601069352345  1.394973785550054  42.93242886713306
9.671164887606464  33.22138392759668  26.51058583386952
4.1584385439329195  -11.495063490069363  -41.75042716039778
-9.465429018569312  -12.553308809115931  1.6717386948015924
2.217701645939876  -3.896119759730184  -2.488211912753613
-8.315755763786315  -10.244223923041233  -2.974843315809491
-6.650999416435434  -9.109566371989473  -6.494872305183474
