C   4.1992585114  -1.2492114839  -0.0080420459
C   1.8834855674  0.4373184564  0.0002071925
C   -0.5951137825  -1.0878246895  0.0008027033
C   -3.0813296608  0.4314274526  -0.0005176058
F   -5.0010101418  -1.1781768703  0.0051820629
F   -3.2484480901  1.8752478184  2.0305819741
F   -3.2524240128  1.8648995363  -2.0385827343
F   -0.6251228065  -2.5784983163  -2.0538061868
F   -0.6231369275  -2.5750781880  2.0579408347
F   1.8830385440  1.9308553023  2.0569933002
F   1.8771926539  1.9405459716  -2.0498516026
O   6.2994642475  0.3496423013  -0.0010599610
H   7.8171023278  -0.6327070064  0.0053196088
H   4.1282120963  -2.4281041285  -1.6911160083
H   4.1303648101  -2.4447429760  1.6634557902
momentum
54.3250697725333  19.602880383440127  14.756804740508219
-7.029351808848432  -51.167186098493374  -55.548338660127754
-13.045780437701747  14.557833230324686  19.246442225662662
-29.760047905596068  -80.85459520357384  -32.21544285702628
-29.408615775953983  70.7093334598196  3.6539274808063014
12.849678976285476  -31.28597896939125  7.744229307637901
5.586936685592112  -25.892235820973678  12.561300129341133
-4.226843231045268  49.525446477105305  -2.536123073730907
-4.2444340408828  35.74347475789662  2.2077618180375542
14.727134954316126  16.556130975301922  13.81235650094846
22.264795870797492  -33.89722182666083  16.89276878908766
-12.069633091180043  13.904583621176704  -5.570173810904492
-4.852586076896545  7.437635331524232  5.587969098447739
-9.451930938532612  12.658499710884493  6.343864956381866
5.611516017294618  -17.2761012557704  -7.580662306239538
