C   4.1992585114  -1.2492114839  -0.0080420459
C   1.8834855674  0.4373184564  0.0002071925
C   -0.5951137825  -1.0878246895  0.0008027033
C   -3.0813296608  0.4314274526  -0.0005176058
F   -5.0010101418  -1.1781768703  0.0051820629
F   -3.2484480901  1.8752478184  2.0305819741
F   -3.2524240128  1.8648995363  -2.0385827343
F   -0.6251228065  -2.5784983163  -2.0538061868
F   -0.6231369275  -2.5750781880  2.0579408347
F   1.8830385440  1.9308553023  2.0569933002
F   1.8771926539  1.9405459716  -2.0498516026
O   6.2994642475  0.3496423013  -0.0010599610
H   7.8171023278  -0.6327070064  0.0053196088
H   4.1282120963  -2.4281041285  -1.6911160083
H   4.1303648101  -2.4447429760  1.6634557902
momentum
-10.997843751498575  3.531974485650487  -29.39026822653934
7.01198119361866  18.606156600603484  56.21264080830871
35.82542073155884  7.389833398736299  6.621273981410212
10.380583101094869  -8.830171842352183  17.285840356428952
-28.29351890097192  17.69180765402068  -14.60612565259326
30.585322277821255  18.491703724494158  0.26886351671958625
24.466005347353946  11.858096291923836  3.8689206597202053
53.19488422600088  1.255603350536051  11.147073537860338
7.260903104842882  -49.14791528668924  -11.386910477128836
-17.01014307141401  23.34091587663777  -8.767357988832709
-36.12692712521045  -31.924442487873527  -33.221865315480755
-55.22172733725325  13.77954855511354  0.7466784221501176
-8.055763061075412  -0.621017066009337  7.17437914032773
-2.5257323056768057  -10.01392735452242  13.840160354974698
-10.171065109176023  -14.571526353487855  -19.49198127706531
