C   4.1992585114  -1.2492114839  -0.0080420459
C   1.8834855674  0.4373184564  0.0002071925
C   -0.5951137825  -1.0878246895  0.0008027033
C   -3.0813296608  0.4314274526  -0.0005176058
F   -5.0010101418  -1.1781768703  0.0051820629
F   -3.2484480901  1.8752478184  2.0305819741
F   -3.2524240128  1.8648995363  -2.0385827343
F   -0.6251228065  -2.5784983163  -2.0538061868
F   -0.6231369275  -2.5750781880  2.0579408347
F   1.8830385440  1.9308553023  2.0569933002
F   1.8771926539  1.9405459716  -2.0498516026
O   6.2994642475  0.3496423013  -0.0010599610
H   7.8171023278  -0.6327070064  0.0053196088
H   4.1282120963  -2.4281041285  -1.6911160083
H   4.1303648101  -2.4447429760  1.6634557902
momentum
10.661472869529538  23.32678329130965  52.03978249979625
-45.752084863143736  6.722748002430062  22.377867189051933
-6.646928776775785  17.11382805831548  -11.061478518007403
12.803895142182126  -2.6329399693923508  -2.050585498553767
14.797083594880435  17.011651149471252  -3.8478080329568884
40.186933511047116  -9.583983588444056  68.91582458843381
-51.30062458916602  -50.56907302555351  -59.1578865476869
-18.657863036892884  -4.690882351860325  -5.722424664596486
-0.6765459009768595  25.811056371655386  -45.8784295850659
13.780523573886388  -7.889516035808219  12.588115989819409
7.107024065440587  15.555676274103506  -19.027008372500227
24.333463408783107  -12.904266250091442  -8.04869828996366
12.971679340697055  -0.48283570061714703  -4.069307838971542
0.7327205398425157  -6.202559973795381  -2.1537375164469617
-14.5683224372536  -9.805703498334973  5.420696358977339
