C   4.1992585114  -1.2492114839  -0.0080420459
C   1.8834855674  0.4373184564  0.0002071925
C   -0.5951137825  -1.0878246895  0.0008027033
C   -3.0813296608  0.4314274526  -0.0005176058
F   -5.0010101418  -1.1781768703  0.0051820629
F   -3.2484480901  1.8752478184  2.0305819741
F   -3.2524240128  1.8648995363  -2.0385827343
F   -0.6251228065  -2.5784983163  -2.0538061868
F   -0.6231369275  -2.5750781880  2.0579408347
F   1.8830385440  1.9308553023  2.0569933002
F   1.8771926539  1.9405459716  -2.0498516026
O   6.2994642475  0.3496423013  -0.0010599610
H   7.8171023278  -0.6327070064  0.0053196088
H   4.1282120963  -2.4281041285  -1.6911160083
H   4.1303648101  -2.4447429760  1.6634557902
momentum
-33.53901360091591  18.64691976942749  20.429966303675513
7.260547022968015  -14.536587723457998  -16.712994918581803
-46.88900193414813  -8.12636136261808  2.945870155332806
-30.8033570592819  -4.010223192528279  34.89365952691795
37.520864699029396  6.258654278590333  -16.48238709042048
12.649412932472847  -26.324573682950255  -42.821287883975096
33.28354275072243  -11.9073328071922  6.340015583406467
-0.12976215880473796  14.632905285504915  -10.14187213810388
12.825257283958866  40.39394745321209  6.798506956143109
36.47810273360898  -21.642100096395733  27.273992498839256
-39.33909902883024  14.496082689409366  -15.871879344828317
3.8008780055693396  -21.095407463964797  6.445174727624369
-1.5203709980565674  8.193726100189688  -10.006230906771647
-1.161843853927638  1.7839877135926692  9.230176715268547
9.61792262210144  3.317532833237386  -2.661855578317601
