C   4.1992585114  -1.2492114839  -0.0080420459
C   1.8834855674  0.4373184564  0.0002071925
C   -0.5951137825  -1.0878246895  0.0008027033
C   -3.0813296608  0.4314274526  -0.0005176058
F   -5.0010101418  -1.1781768703  0.0051820629
F   -3.2484480901  1.8752478184  2.0305819741
F   -3.2524240128  1.8648995363  -2.0385827343
F   -0.6251228065  -2.5784983163  -2.0538061868
F   -0.6231369275  -2.5750781880  2.0579408347
F   1.8830385440  1.9308553023  2.0569933002
F   1.8771926539  1.9405459716  -2.0498516026
O   6.2994642475  0.3496423013  -0.0010599610
H   7.8171023278  -0.6327070064  0.0053196088
H   4.1282120963  -2.4281041285  -1.6911160083
H   4.1303648101  -2.4447429760  1.6634557902
momentum
-9.62781686497016  7.856439025699281  36.04116233814862
37.18829397903539  -2.880148633963742  -1.4731323035610195
-23.404084041028636  -23.363426493227614  -3.28601663944427
-1.0314854980656512  12.270359456730866  -7.889414775977231
-20.850829757546784  -38.407304404331846  -43.612656103240894
38.88677043600793  57.03022074118828  17.914547196128055
-47.24855456339431  -31.847045156790525  19.09672782865916
-12.300117606632645  17.855238024764077  -16.323521280226274
9.63530500575011  -6.081623773353598  9.742552791769075
18.493799788334556  14.036061463435976  26.281152982313777
-24.038881863129195  10.551302367447235  -36.03348247201981
21.914043587286447  6.629313845705724  17.784687212922478
8.502084084964064  -13.27604411255517  0.9382726989994873
4.332320072755723  -1.1607565121503483  -10.398533170161828
-0.4174023338395944  -8.42734500539537  -8.58454007091999
