C   4.1992585114  -1.2492114839  -0.0080420459
C   1.8834855674  0.4373184564  0.0002071925
C   -0.5951137825  -1.0878246895  0.0008027033
C   -3.0813296608  0.4314274526  -0.0005176058
F   -5.0010101418  -1.1781768703  0.0051820629
F   -3.2484480901  1.8752478184  2.0305819741
F   -3.2524240128  1.8648995363  -2.0385827343
F   -0.6251228065  -2.5784983163  -2.0538061868
F   -0.6231369275  -2.5750781880  2.0579408347
F   1.8830385440  1.9308553023  2.0569933002
F   1.8771926539  1.9405459716  -2.0498516026
O   6.2994642475  0.3496423013  -0.0010599610
H   7.8171023278  -0.6327070064  0.0053196088
H   4.1282120963  -2.4281041285  -1.6911160083
H   4.1303648101  -2.4447429760  1.6634557902
momentum
4.881355188851941  -23.234815352381087  1.86086462764673
-12.167363573058646  27.10134595147877  1.4719890591535296
43.47188458187478  -47.86081728944943  36.80144978988099
30.98802242450514  15.115308702212534  -34.53785618376598
-31.217980109386612  -14.658191173772623  -30.294203221010104
-46.779666221180115  23.82024678080765  5.12729321878904
-35.764244533603595  -53.790044638780216  -0.04703819944309004
-30.160582085314335  42.57954784867457  22.61227091868152
23.19061004664331  -10.812260443874102  13.790513108951403
36.35100294052648  -5.19042438742302  27.957762624217025
50.82347594123995  79.08182176039105  -19.692171493236664
-28.754850869100924  -38.17997058818756  -25.296663587027837
-3.083818323609286  3.4042501413935486  -1.5583320623075576
-0.3999095538123006  -5.72174191975217  -3.7595415910330687
-1.3534657843191402  8.152627397640572  5.30590481516631
