C   4.1992585114  -1.2492114839  -0.0080420459
C   1.8834855674  0.4373184564  0.0002071925
C   -0.5951137825  -1.0878246895  0.0008027033
C   -3.0813296608  0.4314274526  -0.0005176058
F   -5.0010101418  -1.1781768703  0.0051820629
F   -3.2484480901  1.8752478184  2.0305819741
F   -3.2524240128  1.8648995363  -2.0385827343
F   -0.6251228065  -2.5784983163  -2.0538061868
F   -0.6231369275  -2.5750781880  2.0579408347
F   1.8830385440  1.9308553023  2.0569933002
F   1.8771926539  1.9405459716  -2.0498516026
O   6.2994642475  0.3496423013  -0.0010599610
H   7.8171023278  -0.6327070064  0.0053196088
H   4.1282120963  -2.4281041285  -1.6911160083
H   4.1303648101  -2.4447429760  1.6634557902
momentum
16.214191196609264  19.87187508863832  -29.18609761782156
-25.462950589509028  -1.3120690894168843  34.584795549804326
46.37445893433708  38.594864167828945  8.675999563354178
-9.231926479833986  -14.291465905843912  3.241260591552052
-62.18500451212866  4.999015824294526  0.10805801831587919
45.76831826580426  -33.45548105726403  1.0145151172106828
55.327898600029116  -25.410672671450442  36.88901766632126
0.0945874811474824  1.4863066561389051  0.13541022776049547
-55.58925555442915  31.865850446976324  -14.184176542616767
-24.85125961818355  -26.77746097470334  -16.850531428458403
26.188047258951155  -11.484822905945393  -25.644222933195163
-26.201976081954157  22.61800478493013  -23.050122656002856
-0.8049359612312542  -3.362740564234112  17.161517652773448
9.323799598704241  -6.301063898590094  4.62272212598822
5.110169960162632  3.401662457914446  2.5162984902999557
