C   4.1992585114  -1.2492114839  -0.0080420459
C   1.8834855674  0.4373184564  0.0002071925
C   -0.5951137825  -1.0878246895  0.0008027033
C   -3.0813296608  0.4314274526  -0.0005176058
F   -5.0010101418  -1.1781768703  0.0051820629
F   -3.2484480901  1.8752478184  2.0305819741
F   -3.2524240128  1.8648995363  -2.0385827343
F   -0.6251228065  -2.5784983163  -2.0538061868
F   -0.6231369275  -2.5750781880  2.0579408347
F   1.8830385440  1.9308553023  2.0569933002
F   1.8771926539  1.9405459716  -2.0498516026
O   6.2994642475  0.3496423013  -0.0010599610
H   7.8171023278  -0.6327070064  0.0053196088
H   4.1282120963  -2.4281041285  -1.6911160083
H   4.1303648101  -2.4447429760  1.6634557902
momentum
-25.628097846933812  16.7707779731819  36.080796185131945
13.986708790187485  7.3523515105643975  -22.398049853220602
-24.782182884462404  -31.26437233320893  12.921118298591704
12.001479675230312  8.886191279360698  27.07720489680277
-29.63609862111123  38.4395367028195  29.099053839900833
32.552907499092704  -25.181959310254243  -19.78321322147724
-7.57377695831429  -14.158566803558767  -12.242566851035313
35.10963373253938  12.574730915270818  -33.81093458072937
15.876831539083483  4.723734406138975  -20.833102672574057
2.795503012092851  -20.686558653846404  -49.91882673581457
-53.25437418546595  8.70937429445453  20.027121730054407
17.232344985416518  -17.34374019359353  30.295625225369665
10.935254866007005  2.295703310029182  2.6306267700230337
-3.029785409520576  -7.168953134231156  4.780736745716807
2.898546574008901  15.933655261218043  -4.294998853808785
