C   4.1992585114  -1.2492114839  -0.0080420459
C   1.8834855674  0.4373184564  0.0002071925
C   -0.5951137825  -1.0878246895  0.0008027033
C   -3.0813296608  0.4314274526  -0.0005176058
F   -5.0010101418  -1.1781768703  0.0051820629
F   -3.2484480901  1.8752478184  2.0305819741
F   -3.2524240128  1.8648995363  -2.0385827343
F   -0.6251228065  -2.5784983163  -2.0538061868
F   -0.6231369275  -2.5750781880  2.0579408347
F   1.8830385440  1.9308553023  2.0569933002
F   1.8771926539  1.9405459716  -2.0498516026
O   6.2994642475  0.3496423013  -0.0010599610
H   7.8171023278  -0.6327070064  0.0053196088
H   4.1282120963  -2.4281041285  -1.6911160083
H   4.1303648101  -2.4447429760  1.6634557902
momentum
-17.650145515442073  8.388637766602516  17.522541310562815
-10.043764016759747  10.426187814092104  -8.205322100534332
1.5206048093431919  61.93374167830855  24.579825763545546
25.556048393238868  -30.898223177821986  26.953836413789055
18.31210930556521  -22.640092503654444  20.69299343890952
17.65456797123471  -16.175151373611918  13.411822446251879
-6.549387123749373  5.38239411068368  -51.618912986189436
-19.42601129528666  34.03298453523337  -14.3059020613884
-26.014401587270825  9.376629292625418  -16.4794541364211
3.9412070561619146  -44.709516340521084  -63.31041141650527
-11.987268676350505  -16.593493449224635  22.49085137344002
22.20673113622805  -1.3462654311607003  21.24693053409339
-3.181454234688572  0.5051220925236313  1.5094342400975675
-3.5508286794607837  -2.3961313269674793  3.4520561297667767
9.022801159821952  4.499764767649753  1.665342731829649
