C   4.1992585114  -1.2492114839  -0.0080420459
C   1.8834855674  0.4373184564  0.0002071925
C   -0.5951137825  -1.0878246895  0.0008027033
C   -3.0813296608  0.4314274526  -0.0005176058
F   -5.0010101418  -1.1781768703  0.0051820629
F   -3.2484480901  1.8752478184  2.0305819741
F   -3.2524240128  1.8648995363  -2.0385827343
F   -0.6251228065  -2.5784983163  -2.0538061868
F   -0.6231369275  -2.5750781880  2.0579408347
F   1.8830385440  1.9308553023  2.0569933002
F   1.8771926539  1.9405459716  -2.0498516026
O   6.2994642475  0.3496423013  -0.0010599610
H   7.8171023278  -0.6327070064  0.0053196088
H   4.1282120963  -2.4281041285  -1.6911160083
H   4.1303648101  -2.4447429760  1.6634557902
momentum
-27.4022139741611  -0.7379783686268406  51.915957728295936
16.437161574636633  -19.825256553496697  -42.409051307004816
2.885297498275813  -17.11958333969805  -8.573957859575154
4.598388415292628  31.21742548563324  15.208495248182025
-28.773695406238183  -8.987424163726168  -10.85143533323713
-39.06435149666025  -23.49222664012581  11.754861642336865
21.03883527427089  48.75431682015318  -9.655706042807221
8.041655895574252  -9.889722369890567  -3.080155289195668
1.5468768090041654  -22.829457104982076  3.0692167117435822
55.98517292504058  27.018830170518346  1.9809335924245597
13.368438210253947  -58.94959585646063  35.028207788841236
-29.138393345284634  43.51178750367436  -43.5437447736672
8.624604529785323  9.727872107778332  1.3151543286661926
-1.4234450402740668  -1.7089866853011262  7.5035417500968755
-6.920630656272172  3.332654926323818  -9.449235902993939
