C   4.1992585114  -1.2492114839  -0.0080420459
C   1.8834855674  0.4373184564  0.0002071925
C   -0.5951137825  -1.0878246895  0.0008027033
C   -3.0813296608  0.4314274526  -0.0005176058
F   -5.0010101418  -1.1781768703  0.0051820629
F   -3.2484480901  1.8752478184  2.0305819741
F   -3.2524240128  1.8648995363  -2.0385827343
F   -0.6251228065  -2.5784983163  -2.0538061868
F   -0.6231369275  -2.5750781880  2.0579408347
F   1.8830385440  1.9308553023  2.0569933002
F   1.8771926539  1.9405459716  -2.0498516026
O   6.2994642475  0.3496423013  -0.0010599610
H   7.8171023278  -0.6327070064  0.0053196088
H   4.1282120963  -2.4281041285  -1.6911160083
H   4.1303648101  -2.4447429760  1.6634557902
momentum
8.711995574687315  -3.7194104468894174  -0.3797241856684396
33.065417785516864  11.441398476686784  1.622526026963583
-17.846827409078937  36.150135168028115  15.38563712084236
14.61880013114199  -48.03598510490687  -17.645931788599587
6.709901994696415  -3.932031781078077  26.59781944218835
-14.917808885879598  7.141517438123786  -10.469857176644641
-34.130695888323  55.596208626943586  -21.287116343723454
-44.98947825234285  -1.032911608813808  -7.615854042449707
38.283158343196874  -22.877385094187147  -12.83917056594766
-14.578335365820283  -5.542197395120237  -7.568162335893024
-33.59259475496685  -17.02506660671111  -17.568356038180912
52.24391250078291  1.391714711106697  57.02740493334345
-3.8043476798112237  -10.24865580827697  -13.247240536419993
0.13312424935629993  -5.940656372297042  -4.163950475098462
9.651187625542102  6.071944217253602  11.719450285810334
