C   4.1992585114  -1.2492114839  -0.0080420459
C   1.8834855674  0.4373184564  0.0002071925
C   -0.5951137825  -1.0878246895  0.0008027033
C   -3.0813296608  0.4314274526  -0.0005176058
F   -5.0010101418  -1.1781768703  0.0051820629
F   -3.2484480901  1.8752478184  2.0305819741
F   -3.2524240128  1.8648995363  -2.0385827343
F   -0.6251228065  -2.5784983163  -2.0538061868
F   -0.6231369275  -2.5750781880  2.0579408347
F   1.8830385440  1.9308553023  2.0569933002
F   1.8771926539  1.9405459716  -2.0498516026
O   6.2994642475  0.3496423013  -0.0010599610
H   7.8171023278  -0.6327070064  0.0053196088
H   4.1282120963  -2.4281041285  -1.6911160083
H   4.1303648101  -2.4447429760  1.6634557902
momentum
-34.45135899035531  29.290854969847167  -66.6035437710562
11.304719324336952  -11.783340920327817  -4.042959170707166
34.39490145396652  -25.360162395392976  -19.921396865643462
-20.143238316278474  10.7103328532194  7.6751074628813845
8.365070367026142  16.888440551375858  -17.632093124011472
24.291255437870337  -43.07663936039033  19.499834700219484
-15.75294012634102  27.983524498553724  34.44925700755299
-0.9100442569463048  -45.54758557552228  5.162412369528972
-27.277804864391722  35.634439052226455  13.350569407181498
-64.80630477058372  34.23177414185844  20.698715603923112
66.72634066468078  -29.881735860853794  -23.773724121298734
14.316202297127807  -4.194030792776527  24.323662894165075
-2.138532523453329  5.8608496890381385  -4.124740216972776
1.8163749797587712  -1.4240758446391824  3.023424276854271
4.06589115118694  0.2700310733626176  7.75439264092208
