C   4.1992585114  -1.2492114839  -0.0080420459
C   1.8834855674  0.4373184564  0.0002071925
C   -0.5951137825  -1.0878246895  0.0008027033
C   -3.0813296608  0.4314274526  -0.0005176058
F   -5.0010101418  -1.1781768703  0.0051820629
F   -3.2484480901  1.8752478184  2.0305819741
F   -3.2524240128  1.8648995363  -2.0385827343
F   -0.6251228065  -2.5784983163  -2.0538061868
F   -0.6231369275  -2.5750781880  2.0579408347
F   1.8830385440  1.9308553023  2.0569933002
F   1.8771926539  1.9405459716  -2.0498516026
O   6.2994642475  0.3496423013  -0.0010599610
H   7.8171023278  -0.6327070064  0.0053196088
H   4.1282120963  -2.4281041285  -1.6911160083
H   4.1303648101  -2.4447429760  1.6634557902
momentum
-25.01709056865161  12.907257337038914  11.348097407487463
5.945769962471097  59.48712871533078  0.5475901377644358
-0.4668226107413337  -74.28453640313961  -4.450465211052237
10.683324256000848  -20.16953158976686  -21.871337015257836
2.0050258941309274  44.97238950256225  31.398487267606967
-24.12312033252579  2.1191749268693956  21.101581741997236
79.2919880223711  20.769172025653134  6.8867901379475684
-13.599888654767808  -39.8533067591529  12.477321683791995
-25.042946750469298  -25.713045198510475  -33.97051833861563
16.115390647114058  -2.5247280227800832  1.357674907964577
4.008947856480071  -18.204803752346134  -11.098654439525319
-56.133844452613104  32.75223162646303  -9.580245086400085
7.015011294668352  -1.6015329723910487  -2.2042478662965865
13.018643056192097  0.7993748903135105  -5.022427004633242
6.1434105129879795  8.14161536368456  3.2126295252659656
