C   4.1992585114  -1.2492114839  -0.0080420459
C   1.8834855674  0.4373184564  0.0002071925
C   -0.5951137825  -1.0878246895  0.0008027033
C   -3.0813296608  0.4314274526  -0.0005176058
F   -5.0010101418  -1.1781768703  0.0051820629
F   -3.2484480901  1.8752478184  2.0305819741
F   -3.2524240128  1.8648995363  -2.0385827343
F   -0.6251228065  -2.5784983163  -2.0538061868
F   -0.6231369275  -2.5750781880  2.0579408347
F   1.8830385440  1.9308553023  2.0569933002
F   1.8771926539  1.9405459716  -2.0498516026
O   6.2994642475  0.3496423013  -0.0010599610
H   7.8171023278  -0.6327070064  0.0053196088
H   4.1282120963  -2.4281041285  -1.6911160083
H   4.1303648101  -2.4447429760  1.6634557902
momentum
-24.637972431866846  -31.860603092991344  32.35435343291271
9.433454409715766  43.37196312557605  -6.495215493699678
-11.879506269038288  -6.660295472950292  43.7325115558747
-20.01476193234183  -5.685266006109785  7.711559372183956
32.98789458475173  -2.7344749117632516  -1.422822502059717
5.3634146813704255  27.417843324190443  8.698221803434272
-20.80666326665383  36.67324563009392  -12.506704909794568
14.204066907364414  -15.580350453890533  -16.10451108886316
11.21140410839384  -15.336277072437355  -27.46135832940964
2.9754116639650725  -16.306761883149523  10.06590191302414
-3.0739325251157963  -35.30503579813269  -35.66485967319292
-21.770150005365856  30.11550949296895  23.364803371826994
9.289373843503439  -0.31520094498550655  -12.859519905197661
7.657123715529701  -3.4319195729507626  -3.784532528441359
8.882828416731728  -4.3952450385035196  -9.348854289647425
