C   4.1992585114  -1.2492114839  -0.0080420459
C   1.8834855674  0.4373184564  0.0002071925
C   -0.5951137825  -1.0878246895  0.0008027033
C   -3.0813296608  0.4314274526  -0.0005176058
F   -5.0010101418  -1.1781768703  0.0051820629
F   -3.2484480901  1.8752478184  2.0305819741
F   -3.2524240128  1.8648995363  -2.0385827343
F   -0.6251228065  -2.5784983163  -2.0538061868
F   -0.6231369275  -2.5750781880  2.0579408347
F   1.8830385440  1.9308553023  2.0569933002
F   1.8771926539  1.9405459716  -2.0498516026
O   6.2994642475  0.3496423013  -0.0010599610
H   7.8171023278  -0.6327070064  0.0053196088
H   4.1282120963  -2.4281041285  -1.6911160083
H   4.1303648101  -2.4447429760  1.6634557902
momentum
-25.58771753442917  -8.846836829894688  9.277331474295044
14.93684053086103  -5.67715062743044  16.403022077803424
-76.52751247939506  43.82342525030671  -31.341587023379322
2.3316669793379194  -7.570924317368331  17.103239254637078
10.389737797340048  -36.78065236204315  29.794245091193897
47.59583578272068  36.622980984265084  -7.6024951876287465
-4.387711903478144  -50.826068215012505  -5.351316883571792
21.31699846942343  35.95363902228568  -15.766954314790448
9.944211404663884  -24.336298378061123  -21.607987833203165
-16.841086802584737  21.17796316753339  -16.22588701816074
6.336510892552602  19.614001343956254  1.2735239273905468
-4.305320362331084  -32.87573607581665  20.977327825379323
18.624961521515317  1.6313004319557591  -2.8265322230985355
-8.857732109048273  9.045437636066456  -7.785464643346458
4.470135713528334  -1.3192768274759532  13.627316420733464
