C   4.1992585114  -1.2492114839  -0.0080420459
C   1.8834855674  0.4373184564  0.0002071925
C   -0.5951137825  -1.0878246895  0.0008027033
C   -3.0813296608  0.4314274526  -0.0005176058
F   -5.0010101418  -1.1781768703  0.0051820629
F   -3.2484480901  1.8752478184  2.0305819741
F   -3.2524240128  1.8648995363  -2.0385827343
F   -0.6251228065  -2.5784983163  -2.0538061868
F   -0.6231369275  -2.5750781880  2.0579408347
F   1.8830385440  1.9308553023  2.0569933002
F   1.8771926539  1.9405459716  -2.0498516026
O   6.2994642475  0.3496423013  -0.0010599610
H   7.8171023278  -0.6327070064  0.0053196088
H   4.1282120963  -2.4281041285  -1.6911160083
H   4.1303648101  -2.4447429760  1.6634557902
momentum
18.737840820617166  -6.1189351237857865  -3.356523666539057
-10.842282999629342  -18.82601924302406  5.437073039138494
-8.814119447015411  9.101119215196343  29.373457247859008
1.5426995931542562  -61.199333522351786  -12.898875668816906
2.760565024493423  -11.413294784097854  42.54736032356727
-1.9590283804472097  65.73576197079902  -17.73502176268296
-14.325152622192121  -37.5091092782502  -9.049405971945264
-28.593551330468667  36.32756424514485  -29.907904938731267
-18.825321976792612  21.88998139142015  -18.392418080811467
-9.903617000842024  -45.728618628863515  27.86932716135486
24.746167530041106  27.795474110725436  -16.730273587334825
47.99400109620561  -7.606261703975256  13.108634271422744
10.56514755507697  16.674408341902783  -6.753826714606497
-2.0286112579011606  3.889976562933781  -8.300893938500666
-11.471592244836367  6.299651998344357  4.692355579200703
