C   4.1992585114  -1.2492114839  -0.0080420459
C   1.8834855674  0.4373184564  0.0002071925
C   -0.5951137825  -1.0878246895  0.0008027033
C   -3.0813296608  0.4314274526  -0.0005176058
F   -5.0010101418  -1.1781768703  0.0051820629
F   -3.2484480901  1.8752478184  2.0305819741
F   -3.2524240128  1.8648995363  -2.0385827343
F   -0.6251228065  -2.5784983163  -2.0538061868
F   -0.6231369275  -2.5750781880  2.0579408347
F   1.8830385440  1.9308553023  2.0569933002
F   1.8771926539  1.9405459716  -2.0498516026
O   6.2994642475  0.3496423013  -0.0010599610
H   7.8171023278  -0.6327070064  0.0053196088
H   4.1282120963  -2.4281041285  -1.6911160083
H   4.1303648101  -2.4447429760  1.6634557902
momentum
14.094238253971703  61.06178664549154  -13.701439503152434
13.330780074496031  -7.528558344727039  3.8805701160184025
-13.326351645977098  54.08912549846402  16.415777237066774
21.651553226119702  -30.580224322148915  -7.3584021821445305
-38.95879721266124  -49.02786071730567  2.2205775166816624
-4.855054420686208  40.25030637571693  10.813830813459251
-1.0459387125893185  28.879211065477985  -10.541721806525365
0.3647699393709499  -17.129515781806425  -14.381846302931745
-17.689568337577896  2.8340880764274834  12.976493182521253
10.104978379513492  -42.773230327531344  -13.461828306805302
-39.34098201745483  -15.797280077600742  4.707264288230243
47.53340356883513  -30.518518756929165  -3.634369042472897
5.827469070165101  -4.635577449663918  14.05840826999227
12.648293468195812  14.159188367621871  3.591894990052709
-10.221521910810429  -3.3067223945955826  -5.434981661106453
