C   4.1992585114  -1.2492114839  -0.0080420459
C   1.8834855674  0.4373184564  0.0002071925
C   -0.5951137825  -1.0878246895  0.0008027033
C   -3.0813296608  0.4314274526  -0.0005176058
F   -5.0010101418  -1.1781768703  0.0051820629
F   -3.2484480901  1.8752478184  2.0305819741
F   -3.2524240128  1.8648995363  -2.0385827343
F   -0.6251228065  -2.5784983163  -2.0538061868
F   -0.6231369275  -2.5750781880  2.0579408347
F   1.8830385440  1.9308553023  2.0569933002
F   1.8771926539  1.9405459716  -2.0498516026
O   6.2994642475  0.3496423013  -0.0010599610
H   7.8171023278  -0.6327070064  0.0053196088
H   4.1282120963  -2.4281041285  -1.6911160083
H   4.1303648101  -2.4447429760  1.6634557902
momentum
14.3424898452601  15.243602839971517  -6.56244980253588
-1.2022168243667364  8.690536232824215  -18.689617113223637
12.042210559974706  -14.220442868229272  29.664710137926367
-2.7683989127744457  62.68904078482785  -57.10767250011926
7.221989084520516  40.960561592125  6.232638913488787
9.853430738072005  -28.218980088019826  31.785386589912022
9.15354939308245  -21.831273590347898  12.74873859635614
-4.1205134470126055  22.064127941934004  -15.33174667564261
-14.370404084789321  -30.375585101633444  19.18924789073667
-21.088107972218882  -34.170072041044676  -43.938212173053934
-22.33763935097434  -70.78347918677255  27.7855758603775
8.603036453102927  28.092762038693845  -0.15032577021197907
2.1696259667911932  7.786230027392039  2.8218815895315754
8.269994824202588  8.80865445048672  7.182870528355842
-6.281046712549685  4.865529634943804  4.558734751204519
