C   4.1992585114  -1.2492114839  -0.0080420459
C   1.8834855674  0.4373184564  0.0002071925
C   -0.5951137825  -1.0878246895  0.0008027033
C   -3.0813296608  0.4314274526  -0.0005176058
F   -5.0010101418  -1.1781768703  0.0051820629
F   -3.2484480901  1.8752478184  2.0305819741
F   -3.2524240128  1.8648995363  -2.0385827343
F   -0.6251228065  -2.5784983163  -2.0538061868
F   -0.6231369275  -2.5750781880  2.0579408347
F   1.8830385440  1.9308553023  2.0569933002
F   1.8771926539  1.9405459716  -2.0498516026
O   6.2994642475  0.3496423013  -0.0010599610
H   7.8171023278  -0.6327070064  0.0053196088
H   4.1282120963  -2.4281041285  -1.6911160083
H   4.1303648101  -2.4447429760  1.6634557902
momentum
44.36822616115099  19.45208884003386  2.1343897176978586
-0.9313097567020037  -6.830744667247489  -5.688103615573872
-54.721464983090705  -16.607661239818043  -7.169270904284894
-16.330239256083154  18.101012131193556  15.89919543533243
1.7323529538092004  -59.32072459997571  -19.42395531419251
46.35847143855041  -3.8438859427218364  -35.233414745961966
12.305070408602164  22.097212430118102  -0.4510531261126039
-28.727125840442508  22.988195830689975  34.285706779062735
-8.269956958081783  4.238220093432635  0.825563093355879
11.749424242070749  -0.4970173705272492  18.080297298425037
-40.20384708392659  24.94341643100942  -12.637540448865222
16.516189197089773  -33.096267173560584  -2.243063874491951
10.623231541433364  3.6550972513069633  2.7056568844342217
8.032492827787305  1.1469351667132597  3.669075213553761
-2.671607167328934  3.7503844101564106  5.156346310566826
