C   4.1992585114  -1.2492114839  -0.0080420459
C   1.8834855674  0.4373184564  0.0002071925
C   -0.5951137825  -1.0878246895  0.0008027033
C   -3.0813296608  0.4314274526  -0.0005176058
F   -5.0010101418  -1.1781768703  0.0051820629
F   -3.2484480901  1.8752478184  2.0305819741
F   -3.2524240128  1.8648995363  -2.0385827343
F   -0.6251228065  -2.5784983163  -2.0538061868
F   -0.6231369275  -2.5750781880  2.0579408347
F   1.8830385440  1.9308553023  2.0569933002
F   1.8771926539  1.9405459716  -2.0498516026
O   6.2994642475  0.3496423013  -0.0010599610
H   7.8171023278  -0.6327070064  0.0053196088
H   4.1282120963  -2.4281041285  -1.6911160083
H   4.1303648101  -2.4447429760  1.6634557902
momentum
-35.082381801370204  -5.048783794714067  21.346370114135755
40.74077209087364  21.425701727696108  -17.654262193215573
-2.1359011404003927  -8.12303776721631  -51.294156232215165
25.98491977183173  -2.9443654524503424  19.9674474060824
-7.733880398596072  -2.651747379226012  -10.718150615487962
50.24403653821479  -75.75432643875702  22.225805134559916
-46.17652524399405  26.86453170162337  -29.954285608592954
41.516353050427114  13.437174723402359  6.764140677136003
-54.94432883856371  16.80727119085208  79.28848652445258
-48.37424688596725  14.120028378515679  -28.074331031630443
45.50955944722419  26.53139556448725  24.829616409494534
-13.6537728319684  -31.956234545183676  -38.20491378762421
1.5763020639945198  4.830378693174728  -2.7676545454144024
2.85610437684139  -0.3628826611378499  9.545598947377355
-0.03757704492679687  2.7223784813429917  -5.11774760190166
