C   4.1992585114  -1.2492114839  -0.0080420459
C   1.8834855674  0.4373184564  0.0002071925
C   -0.5951137825  -1.0878246895  0.0008027033
C   -3.0813296608  0.4314274526  -0.0005176058
F   -5.0010101418  -1.1781768703  0.0051820629
F   -3.2484480901  1.8752478184  2.0305819741
F   -3.2524240128  1.8648995363  -2.0385827343
F   -0.6251228065  -2.5784983163  -2.0538061868
F   -0.6231369275  -2.5750781880  2.0579408347
F   1.8830385440  1.9308553023  2.0569933002
F   1.8771926539  1.9405459716  -2.0498516026
O   6.2994642475  0.3496423013  -0.0010599610
H   7.8171023278  -0.6327070064  0.0053196088
H   4.1282120963  -2.4281041285  -1.6911160083
H   4.1303648101  -2.4447429760  1.6634557902
momentum
13.68214987852377  -36.988423436578614  18.40587792770289
5.560195442937728  -24.150547192055317  -12.952641478558464
-15.533074091537586  13.007976560348084  -36.084232949737675
62.98728553749331  3.479859574145387  0.5177164757115603
-33.22263588334515  -12.821772559357102  66.75286678339369
-34.08276424720279  -17.745878940160082  -5.02165206932511
2.2700896397542154  16.471071440791803  -34.309562886369164
11.683142700111294  55.329977062057324  -12.128681909743486
48.87805225125995  19.375058007717357  -3.6627491762913316
-39.99610646134733  27.944811891203173  2.926522466262506
-3.7371779215645327  -35.376081977030736  14.215274742225084
-32.71216251245423  -11.523337452176767  18.554632225850305
0.5487015763278407  -1.0085069881143376  -6.703440357604077
6.062248985254123  7.024715288561577  -3.991388303143771
7.438470406424963  -3.4506545011690664  -6.184549610281734
