C   4.1992585114  -1.2492114839  -0.0080420459
C   1.8834855674  0.4373184564  0.0002071925
C   -0.5951137825  -1.0878246895  0.0008027033
C   -3.0813296608  0.4314274526  -0.0005176058
F   -5.0010101418  -1.1781768703  0.0051820629
F   -3.2484480901  1.8752478184  2.0305819741
F   -3.2524240128  1.8648995363  -2.0385827343
F   -0.6251228065  -2.5784983163  -2.0538061868
F   -0.6231369275  -2.5750781880  2.0579408347
F   1.8830385440  1.9308553023  2.0569933002
F   1.8771926539  1.9405459716  -2.0498516026
O   6.2994642475  0.3496423013  -0.0010599610
H   7.8171023278  -0.6327070064  0.0053196088
H   4.1282120963  -2.4281041285  -1.6911160083
H   4.1303648101  -2.4447429760  1.6634557902
momentum
-7.076810113368509  18.120771568947408  -25.437646044481475
-32.86888359156395  25.13645904462791  -12.228497698975731
14.202487169868633  26.97275369965824  -0.4900779118028439
-6.011941937615043  -80.54891135276632  -17.366814481684823
10.154242561900276  -33.1865831369157  -47.28685008897859
18.568185311822607  60.245620148953215  24.29608731586459
-14.465419175006824  42.77541083098536  52.989144199622196
-10.85957813812233  -52.879554754629794  12.784390142142637
-60.63534327796989  7.450267488293462  -12.794583182628894
28.583407292562022  4.665573017962241  12.40048964871986
39.44027027492639  -37.36123203953783  8.932495927566926
27.27644267984679  28.315415205195716  12.555841114770523
-9.81854743837589  0.07056236133266443  -7.197627671160368
-4.030502659969377  -13.370240199778905  -1.4238712027737364
8.271813426150747  3.492448164174871  -0.13438758319331506
