C   4.1992585114  -1.2492114839  -0.0080420459
C   1.8834855674  0.4373184564  0.0002071925
C   -0.5951137825  -1.0878246895  0.0008027033
C   -3.0813296608  0.4314274526  -0.0005176058
F   -5.0010101418  -1.1781768703  0.0051820629
F   -3.2484480901  1.8752478184  2.0305819741
F   -3.2524240128  1.8648995363  -2.0385827343
F   -0.6251228065  -2.5784983163  -2.0538061868
F   -0.6231369275  -2.5750781880  2.0579408347
F   1.8830385440  1.9308553023  2.0569933002
F   1.8771926539  1.9405459716  -2.0498516026
O   6.2994642475  0.3496423013  -0.0010599610
H   7.8171023278  -0.6327070064  0.0053196088
H   4.1282120963  -2.4281041285  -1.6911160083
H   4.1303648101  -2.4447429760  1.6634557902
momentum
46.07620506176165  -6.702817879025315  1.601141443752077
3.9818757437676044  -18.47334944982376  10.194557421955018
-30.30878220122958  -14.852237491829573  16.24742466578016
-23.049035967282276  -5.388622622120411  -2.7283252464130543
-9.588500670072598  -2.9851807999244855  -8.932857812629564
-46.09961050773625  -24.467493459099465  10.775549687236145
54.246223282899685  20.347396966203128  -20.332440635871674
-61.82844887748734  -24.612329264002906  15.760805888100759
27.449705507307648  33.44911762623914  -11.088681542061172
5.209484466058011  -17.39999292365912  1.2802259877689897
0.08223823194326567  48.54099029530592  -13.703159780517545
41.175478762414116  22.57998143967337  -14.192503432887193
3.6686631249533077  -3.5194372108830945  -5.720409845981443
-15.321988718666587  -1.6262147283124513  -0.656237600494964
3.6250102475317534  -4.500967008665661  20.819549020053522
