C   4.1992585114  -1.2492114839  -0.0080420459
C   1.8834855674  0.4373184564  0.0002071925
C   -0.5951137825  -1.0878246895  0.0008027033
C   -3.0813296608  0.4314274526  -0.0005176058
F   -5.0010101418  -1.1781768703  0.0051820629
F   -3.2484480901  1.8752478184  2.0305819741
F   -3.2524240128  1.8648995363  -2.0385827343
F   -0.6251228065  -2.5784983163  -2.0538061868
F   -0.6231369275  -2.5750781880  2.0579408347
F   1.8830385440  1.9308553023  2.0569933002
F   1.8771926539  1.9405459716  -2.0498516026
O   6.2994642475  0.3496423013  -0.0010599610
H   7.8171023278  -0.6327070064  0.0053196088
H   4.1282120963  -2.4281041285  -1.6911160083
H   4.1303648101  -2.4447429760  1.6634557902
momentum
53.6645710990729  -36.30368566035217  -25.49327389108946
24.337186976841693  7.571667850454981  9.218858795603957
-19.889980100068943  22.606901535699617  -23.980714515515782
-22.43510358232468  11.746854807060913  23.03253821342222
-21.178804211021465  -38.10215075302369  24.72556508287559
31.411392900004827  45.27792859069174  -25.06792313051283
-50.38465876426448  -4.903113835111612  -8.221040100107635
-22.381418125446146  -11.545525509654757  2.6433884678128803
-5.948733489676968  9.020756389706047  -21.975778429880517
-64.84800593912568  -4.9057665861056865  -2.1713660401695636
17.08468216752626  -10.162841647869438  37.915755629062105
61.85961995585091  17.91842612575504  23.365459461558157
11.596076534189262  0.12116520679380079  -0.47481394023589263
10.43348853377251  0.15591525154911245  -1.911477483142035
-3.482121863020531  -8.385725617864884  -11.113167946069083
