C   4.1992585114  -1.2492114839  -0.0080420459
C   1.8834855674  0.4373184564  0.0002071925
C   -0.5951137825  -1.0878246895  0.0008027033
C   -3.0813296608  0.4314274526  -0.0005176058
F   -5.0010101418  -1.1781768703  0.0051820629
F   -3.2484480901  1.8752478184  2.0305819741
F   -3.2524240128  1.8648995363  -2.0385827343
F   -0.6251228065  -2.5784983163  -2.0538061868
F   -0.6231369275  -2.5750781880  2.0579408347
F   1.8830385440  1.9308553023  2.0569933002
F   1.8771926539  1.9405459716  -2.0498516026
O   6.2994642475  0.3496423013  -0.0010599610
H   7.8171023278  -0.6327070064  0.0053196088
H   4.1282120963  -2.4281041285  -1.6911160083
H   4.1303648101  -2.4447429760  1.6634557902
momentum
-5.871030918381042  -62.334366960777515  11.334212157407855
33.7976325564062  17.888739230754137  28.77741940735439
-29.586725901791166  -25.433536384036284  -37.85641015601392
-44.138655951859356  15.484453467140497  20.817583741290978
1.585226977886234  -10.302337281264679  -23.704165191462298
56.89025264022522  5.161123764078398  41.42786034349691
-13.848554324121412  15.689163515888957  -25.362176577005265
20.112210324913956  -50.44029870217256  -7.337544933170476
41.568194013823636  46.451247426784604  -20.36285954911904
23.383636705760697  2.878407323077016  15.997188394427564
-11.567881604703686  17.44565492821388  -21.34031683683123
-74.46705657257037  34.330825673943345  19.401663763542942
5.339953873684529  1.507338883276413  0.5424433394719869
1.6488966632316377  -13.583349364824482  -10.68725286964454
-5.168102390294506  5.449968522909336  8.275500600353308
