C   4.1992585114  -1.2492114839  -0.0080420459
C   1.8834855674  0.4373184564  0.0002071925
C   -0.5951137825  -1.0878246895  0.0008027033
C   -3.0813296608  0.4314274526  -0.0005176058
F   -5.0010101418  -1.1781768703  0.0051820629
F   -3.2484480901  1.8752478184  2.0305819741
F   -3.2524240128  1.8648995363  -2.0385827343
F   -0.6251228065  -2.5784983163  -2.0538061868
F   -0.6231369275  -2.5750781880  2.0579408347
F   1.8830385440  1.9308553023  2.0569933002
F   1.8771926539  1.9405459716  -2.0498516026
O   6.2994642475  0.3496423013  -0.0010599610
H   7.8171023278  -0.6327070064  0.0053196088
H   4.1282120963  -2.4281041285  -1.6911160083
H   4.1303648101  -2.4447429760  1.6634557902
momentum
31.277526267950076  23.634866464378657  -10.374852801416054
4.329278753205358  27.924228696050946  10.740894544846816
-18.725694016798077  17.557955736207866  17.688040442071014
-76.25637923490812  -77.4118662860492  22.5754090439672
40.385193054180874  34.16210540582623  3.4082275471890107
1.7119320222460046  -11.04165251990872  -35.54856049675481
-13.043228208791266  -1.3841631086730475  2.393264288197506
17.940677969699692  14.288448033539929  -3.4100606061276584
-2.4833976222046914  40.55594657026062  -1.7697461430185928
13.977319058462607  -26.61726362007576  -19.66640641773905
13.129655650236892  8.384111738581703  14.585416898122407
0.23470404299229214  -41.94536178434507  12.314630172206734
-6.598422957060194  7.325581909576675  -6.115353603092492
-0.04972399873368938  -9.926930700501059  -13.748528585391211
-5.2745826844724455  -5.359622189654665  6.9608890815431845
