C   4.1992585114  -1.2492114839  -0.0080420459
C   1.8834855674  0.4373184564  0.0002071925
C   -0.5951137825  -1.0878246895  0.0008027033
C   -3.0813296608  0.4314274526  -0.0005176058
F   -5.0010101418  -1.1781768703  0.0051820629
F   -3.2484480901  1.8752478184  2.0305819741
F   -3.2524240128  1.8648995363  -2.0385827343
F   -0.6251228065  -2.5784983163  -2.0538061868
F   -0.6231369275  -2.5750781880  2.0579408347
F   1.8830385440  1.9308553023  2.0569933002
F   1.8771926539  1.9405459716  -2.0498516026
O   6.2994642475  0.3496423013  -0.0010599610
H   7.8171023278  -0.6327070064  0.0053196088
H   4.1282120963  -2.4281041285  -1.6911160083
H   4.1303648101  -2.4447429760  1.6634557902
momentum
41.39370924957071  2.1287311778338847  10.817922734911395
5.3175380257366  -37.761592461304744  31.835203719964802
-28.1493680543171  27.181103566648904  -19.38935604966008
10.232582936882588  -6.357556198182514  -8.117032418475134
41.69048852746267  -3.1851918211961605  -5.131447374689526
-11.148428094508228  5.761727244575267  10.938909892556724
4.451657394275358  34.50483856913796  -13.05585836855814
3.034362730329127  -39.1892653245787  -21.60958606082392
-13.80262408979475  -7.616178566119321  30.7049068689539
-41.77105032148217  -4.096073778837002  14.096835345750206
-21.65259915353463  50.65512075126871  8.571345819587506
-1.4843026815248725  -27.243103305523782  -67.04539430643516
3.424169586586904  3.8792563334509675  -1.0653438596283291
2.6502437731992443  -15.612975648449487  17.893279989849567
5.339215587917464  16.946892238651078  10.130256770785797
