C   4.1992585114  -1.2492114839  -0.0080420459
C   1.8834855674  0.4373184564  0.0002071925
C   -0.5951137825  -1.0878246895  0.0008027033
C   -3.0813296608  0.4314274526  -0.0005176058
F   -5.0010101418  -1.1781768703  0.0051820629
F   -3.2484480901  1.8752478184  2.0305819741
F   -3.2524240128  1.8648995363  -2.0385827343
F   -0.6251228065  -2.5784983163  -2.0538061868
F   -0.6231369275  -2.5750781880  2.0579408347
F   1.8830385440  1.9308553023  2.0569933002
F   1.8771926539  1.9405459716  -2.0498516026
O   6.2994642475  0.3496423013  -0.0010599610
H   7.8171023278  -0.6327070064  0.0053196088
H   4.1282120963  -2.4281041285  -1.6911160083
H   4.1303648101  -2.4447429760  1.6634557902
momentum
-49.844652048481166  -19.267865034873644  9.106774693661963
15.819018142294626  4.987890398808808  -20.412136739706774
11.324228110297065  -17.16568530369281  17.82149695497265
12.91308717172652  -4.898126061929156  -14.623453677038157
4.794221002541368  28.755232278659037  -3.1137954281271156
27.14551293252256  -30.386340250789694  38.18146667022944
-49.527461936492074  9.009703892705021  -31.82188140277945
-12.487326743597249  -18.29765515882141  -35.61537020233348
24.997339306465296  21.81533179095964  21.563502897172125
-2.8599851999286727  -7.803145298529411  6.071615562335553
37.15099331641814  -6.17936197988701  -0.14450179977839367
-16.816427306287416  6.846647838056778  5.365576419626882
4.162210422621583  9.116885356641975  6.366360108022521
1.0482859960659436  6.793345915423836  -1.1864411459204636
-8.055577202605193  15.642060375425324  2.118649262327741
