C   4.1992585114  -1.2492114839  -0.0080420459
C   1.8834855674  0.4373184564  0.0002071925
C   -0.5951137825  -1.0878246895  0.0008027033
C   -3.0813296608  0.4314274526  -0.0005176058
F   -5.0010101418  -1.1781768703  0.0051820629
F   -3.2484480901  1.8752478184  2.0305819741
F   -3.2524240128  1.8648995363  -2.0385827343
F   -0.6251228065  -2.5784983163  -2.0538061868
F   -0.6231369275  -2.5750781880  2.0579408347
F   1.8830385440  1.9308553023  2.0569933002
F   1.8771926539  1.9405459716  -2.0498516026
O   6.2994642475  0.3496423013  -0.0010599610
H   7.8171023278  -0.6327070064  0.0053196088
H   4.1282120963  -2.4281041285  -1.6911160083
H   4.1303648101  -2.4447429760  1.6634557902
momentum
-30.602063908884812  -12.080181797818227  -12.161844671516867
14.35135508184054  16.19545373055612  -12.722975221112618
-27.660718819715456  15.80472955263039  -53.84866937476906
-7.148424197688809  0.7659414102851483  -14.762594882145176
38.3771659470828  -41.87412351413721  -15.71338151208512
6.306263556699355  -30.60330307541724  51.15560595907351
16.787815901921505  18.27511572812875  -18.59120964349881
-15.084033190076074  -3.1144546562078994  55.80513737258484
-21.07269341271711  13.027212292804657  24.834145371837188
-22.184376685296254  22.005517686355457  16.236983919903597
25.025891565121807  10.909853095843163  -8.175498118405063
27.002244274372284  -20.376056268863486  0.16333838850498675
-10.503564384068582  -5.815464798943197  -6.8252002140117165
4.50324955116405  5.468474469861774  -9.217791183881033
2.130000861411087  10.62948841077073  4.0139740344453205
