C   4.1992585114  -1.2492114839  -0.0080420459
C   1.8834855674  0.4373184564  0.0002071925
C   -0.5951137825  -1.0878246895  0.0008027033
C   -3.0813296608  0.4314274526  -0.0005176058
F   -5.0010101418  -1.1781768703  0.0051820629
F   -3.2484480901  1.8752478184  2.0305819741
F   -3.2524240128  1.8648995363  -2.0385827343
F   -0.6251228065  -2.5784983163  -2.0538061868
F   -0.6231369275  -2.5750781880  2.0579408347
F   1.8830385440  1.9308553023  2.0569933002
F   1.8771926539  1.9405459716  -2.0498516026
O   6.2994642475  0.3496423013  -0.0010599610
H   7.8171023278  -0.6327070064  0.0053196088
H   4.1282120963  -2.4281041285  -1.6911160083
H   4.1303648101  -2.4447429760  1.6634557902
momentum
-3.3572923035568625  -26.818236128276794  -4.236540269005601
-16.686566285578195  -7.911057028348045  -14.431117655752821
-14.328966568688108  7.447820251031672  18.12098070857053
-30.18600094899301  28.42420003248791  -12.326045983950884
65.70022443686379  -13.83178563782854  -19.82749754841157
-14.045789925807613  40.722953325135926  45.2200134441299
-15.257526886032242  -37.28150580474344  -12.26801756410049
24.66136276495776  -4.790596910080466  13.15630177615016
-24.75355968466596  0.4793983908399336  -10.904301075900882
11.344524368876513  7.803496630099323  -27.151309859727945
11.214332965023264  17.900524139855467  50.81808690371756
-7.3858673666728025  21.985772052237184  -13.93108189578823
-0.9622337596894955  -4.676306286696556  5.790244163791208
6.557386670316249  -9.936385677505713  -7.188627348258638
7.8460354244351125  -18.575275557443348  -10.543070248545137
