C   4.1992585114  -1.2492114839  -0.0080420459
C   1.8834855674  0.4373184564  0.0002071925
C   -0.5951137825  -1.0878246895  0.0008027033
C   -3.0813296608  0.4314274526  -0.0005176058
F   -5.0010101418  -1.1781768703  0.0051820629
F   -3.2484480901  1.8752478184  2.0305819741
F   -3.2524240128  1.8648995363  -2.0385827343
F   -0.6251228065  -2.5784983163  -2.0538061868
F   -0.6231369275  -2.5750781880  2.0579408347
F   1.8830385440  1.9308553023  2.0569933002
F   1.8771926539  1.9405459716  -2.0498516026
O   6.2994642475  0.3496423013  -0.0010599610
H   7.8171023278  -0.6327070064  0.0053196088
H   4.1282120963  -2.4281041285  -1.6911160083
H   4.1303648101  -2.4447429760  1.6634557902
momentum
17.223405484829517  3.488623556672193  15.021295631076319
10.650259868160436  2.910824149800304  -21.99854495220907
-39.613819912291824  40.529866637790875  10.681280555694467
34.53282263879777  26.3547557129819  -17.80088134942181
-12.446579773989109  -4.760689018686512  1.110924529858528
4.562027999605718  -14.57780103537965  24.319189721391986
25.488951927976938  5.623317508026145  -10.52819090353243
-27.188232063656933  -55.95568647728131  -10.177182036151887
-9.339931011454922  -26.924701618268823  3.976927711017029
-0.4844691640264188  -8.075460607751483  -1.6365926436191094
-45.352551489833054  23.023187866094645  -7.377821260812877
36.75988863088404  8.604565592482741  8.673101251885782
1.1262783791172848  4.847278653927969  -2.7554354472183227
5.1670746538588865  -3.9536205945016496  6.621349942834602
-1.5645141757084384  -0.7601315585293756  1.7677899142978062
