C   4.1992585114  -1.2492114839  -0.0080420459
C   1.8834855674  0.4373184564  0.0002071925
C   -0.5951137825  -1.0878246895  0.0008027033
C   -3.0813296608  0.4314274526  -0.0005176058
F   -5.0010101418  -1.1781768703  0.0051820629
F   -3.2484480901  1.8752478184  2.0305819741
F   -3.2524240128  1.8648995363  -2.0385827343
F   -0.6251228065  -2.5784983163  -2.0538061868
F   -0.6231369275  -2.5750781880  2.0579408347
F   1.8830385440  1.9308553023  2.0569933002
F   1.8771926539  1.9405459716  -2.0498516026
O   6.2994642475  0.3496423013  -0.0010599610
H   7.8171023278  -0.6327070064  0.0053196088
H   4.1282120963  -2.4281041285  -1.6911160083
H   4.1303648101  -2.4447429760  1.6634557902
momentum
24.109748358051046  -0.7536229554297401  0.3751760444935632
3.617809386723146  32.55419896108489  31.219825175010424
24.994427238226216  24.031078286300826  -36.89958822357933
-13.037409969149842  11.439023437984693  7.384530630741811
-24.019960461679585  19.193403188941787  -23.263199625841875
4.484434476498712  -18.77964930795308  -26.272580617129325
13.911373691377815  -19.632698105991754  -1.1677406650579099
-47.041537809262564  -24.584996853632916  42.404511162033856
-30.09829861181677  -5.339794890322536  5.306819561138464
29.10599327945944  -49.51313195125083  14.947954949713596
34.53292808046152  -27.992709093520684  30.955886941305966
-1.4701433541105986  80.23874564572435  -33.76068446310657
-8.302645424187563  6.39410490852207  -13.254750619159966
-8.474981789126833  -10.86980026510245  -7.153408100460616
-2.186508627827531  -15.58165107320988  9.595447966112458
