C   4.1992585114  -1.2492114839  -0.0080420459
C   1.8834855674  0.4373184564  0.0002071925
C   -0.5951137825  -1.0878246895  0.0008027033
C   -3.0813296608  0.4314274526  -0.0005176058
F   -5.0010101418  -1.1781768703  0.0051820629
F   -3.2484480901  1.8752478184  2.0305819741
F   -3.2524240128  1.8648995363  -2.0385827343
F   -0.6251228065  -2.5784983163  -2.0538061868
F   -0.6231369275  -2.5750781880  2.0579408347
F   1.8830385440  1.9308553023  2.0569933002
F   1.8771926539  1.9405459716  -2.0498516026
O   6.2994642475  0.3496423013  -0.0010599610
H   7.8171023278  -0.6327070064  0.0053196088
H   4.1282120963  -2.4281041285  -1.6911160083
H   4.1303648101  -2.4447429760  1.6634557902
momentum
-9.575292279810334  -15.504986921074524  -27.1663818571292
26.268859983512172  18.482791213202287  25.778212182290815
-12.724394935231476  17.899449996031954  -26.888966583736327
22.10395107199751  -25.35825016573388  9.839091025713747
10.254137295744039  14.214228187242684  -52.25521600382069
-9.465045166086474  14.744956383710907  9.705424076180508
-57.25057183291661  -33.17395884335044  -3.2436650663909776
-7.536975509309461  3.015950413422624  67.0947358057656
-13.723601180060733  26.38831874673907  -5.77026828378517
6.972907957387554  -38.61856493214459  -10.765444685555119
-17.4051296227398  21.118499258643578  18.182771836631392
30.853883308186088  -12.894229723465088  -6.005333130972022
20.576592633389538  -3.9765976591293  4.270156842201095
9.7733073304206  10.083055567203727  4.304130757928593
0.8366572464298141  3.1083088353356456  -6.9570200806133515
