C   4.1992585114  -1.2492114839  -0.0080420459
C   1.8834855674  0.4373184564  0.0002071925
C   -0.5951137825  -1.0878246895  0.0008027033
C   -3.0813296608  0.4314274526  -0.0005176058
F   -5.0010101418  -1.1781768703  0.0051820629
F   -3.2484480901  1.8752478184  2.0305819741
F   -3.2524240128  1.8648995363  -2.0385827343
F   -0.6251228065  -2.5784983163  -2.0538061868
F   -0.6231369275  -2.5750781880  2.0579408347
F   1.8830385440  1.9308553023  2.0569933002
F   1.8771926539  1.9405459716  -2.0498516026
O   6.2994642475  0.3496423013  -0.0010599610
H   7.8171023278  -0.6327070064  0.0053196088
H   4.1282120963  -2.4281041285  -1.6911160083
H   4.1303648101  -2.4447429760  1.6634557902
momentum
-13.179794159312443  -2.313254457981304  -1.1095863985358507
-10.191351038494645  28.46834962988041  -13.889565881484605
13.156227583610109  -8.986956859080573  -8.242197748293426
-12.391767944639563  -3.6634838658045057  -4.688386519744239
-36.32818798815893  -0.2622755538976319  -21.201756921330574
-20.464835457390972  -2.8481116700257134  25.429471442476896
-15.088114697837053  -7.155864029042492  16.812371140167834
5.964191217989548  -12.777998742742739  -48.188115317520506
4.631757415794044  18.293606893377998  53.160467330421845
39.40211886262197  -3.051300279445853  1.8772737616738613
38.70738682811164  -13.391480755930177  -7.5850100560088585
-0.0516747977175784  4.880081315152433  16.654496337910178
5.144529596876589  -4.159428533112037  -3.4443428760378265
-2.1450830920311637  0.31885011713862654  -15.194485471387909
2.6751791830437512  6.574864999944006  9.650546668496512
