C   4.1992585114  -1.2492114839  -0.0080420459
C   1.8834855674  0.4373184564  0.0002071925
C   -0.5951137825  -1.0878246895  0.0008027033
C   -3.0813296608  0.4314274526  -0.0005176058
F   -5.0010101418  -1.1781768703  0.0051820629
F   -3.2484480901  1.8752478184  2.0305819741
F   -3.2524240128  1.8648995363  -2.0385827343
F   -0.6251228065  -2.5784983163  -2.0538061868
F   -0.6231369275  -2.5750781880  2.0579408347
F   1.8830385440  1.9308553023  2.0569933002
F   1.8771926539  1.9405459716  -2.0498516026
O   6.2994642475  0.3496423013  -0.0010599610
H   7.8171023278  -0.6327070064  0.0053196088
H   4.1282120963  -2.4281041285  -1.6911160083
H   4.1303648101  -2.4447429760  1.6634557902
momentum
59.018518173447255  8.180310656239161  7.010481331061492
-15.39389844483437  -25.08588324023296  84.17946759347265
-20.107261295225445  16.491419391061754  17.864134307650136
14.658011002090138  11.264312473935707  -52.124223603240246
27.11675073506835  21.377028975665517  0.693192475239615
-14.539495740292029  -24.974617430865308  59.015034275738664
33.54147464244999  -3.6469780789407795  -47.474907549510135
-76.73094284620747  -11.146804441599626  15.535204816374081
24.691577909512393  -1.7471801465961998  -21.820246610142018
-15.069798792295536  -17.394232831140013  -82.25926804026021
-11.337228800832793  12.800244714927638  35.43225612184143
-20.807651240040272  -0.6507552176052972  -28.23591381817443
9.523650762960346  7.60578392576549  5.960541003486669
1.2746653892539974  5.855861744627001  7.740307432872045
3.2363755357974897  1.1949418615661955  -1.56164258121358
