C   4.1992585114  -1.2492114839  -0.0080420459
C   1.8834855674  0.4373184564  0.0002071925
C   -0.5951137825  -1.0878246895  0.0008027033
C   -3.0813296608  0.4314274526  -0.0005176058
F   -5.0010101418  -1.1781768703  0.0051820629
F   -3.2484480901  1.8752478184  2.0305819741
F   -3.2524240128  1.8648995363  -2.0385827343
F   -0.6251228065  -2.5784983163  -2.0538061868
F   -0.6231369275  -2.5750781880  2.0579408347
F   1.8830385440  1.9308553023  2.0569933002
F   1.8771926539  1.9405459716  -2.0498516026
O   6.2994642475  0.3496423013  -0.0010599610
H   7.8171023278  -0.6327070064  0.0053196088
H   4.1282120963  -2.4281041285  -1.6911160083
H   4.1303648101  -2.4447429760  1.6634557902
momentum
-21.149702566167235  62.54171920135773  -29.289767107504424
10.701799811725103  24.179700001825733  -36.03191018463631
-21.59524204746983  -28.657017477345697  -13.487759861427186
10.899977765743937  25.877963963410483  32.91815177168403
-38.46541700803172  13.89918606165531  8.864093072131347
0.4556124390809779  1.2359987318982102  -29.568283148881488
26.793267729433364  2.0838879725680424  -4.473388983373465
35.62883986172526  -2.60773723853704  35.57657569220717
11.816576824035469  -63.21376670211022  22.22185715872111
1.5652896671147003  -21.25733045344293  17.76644523627953
23.197363422487843  -5.778772821910124  -23.685670065308702
-19.0942025933109  -9.967392976044264  9.26364788454471
-7.953994779944909  2.348512913511036  6.398315157579358
-8.16228054491398  10.61658209947681  -2.631854603154884
-4.167579346240933  -11.307638132703664  6.030641707107448
