C   4.1992585114  -1.2492114839  -0.0080420459
C   1.8834855674  0.4373184564  0.0002071925
C   -0.5951137825  -1.0878246895  0.0008027033
C   -3.0813296608  0.4314274526  -0.0005176058
F   -5.0010101418  -1.1781768703  0.0051820629
F   -3.2484480901  1.8752478184  2.0305819741
F   -3.2524240128  1.8648995363  -2.0385827343
F   -0.6251228065  -2.5784983163  -2.0538061868
F   -0.6231369275  -2.5750781880  2.0579408347
F   1.8830385440  1.9308553023  2.0569933002
F   1.8771926539  1.9405459716  -2.0498516026
O   6.2994642475  0.3496423013  -0.0010599610
H   7.8171023278  -0.6327070064  0.0053196088
H   4.1282120963  -2.4281041285  -1.6911160083
H   4.1303648101  -2.4447429760  1.6634557902
momentum
-22.728366952526567  -17.736516634293547  50.632318154161986
-51.85566155156418  -30.082538753689658  -23.37024421873036
3.4357238851879313  -25.205044746152435  -35.96127849075949
18.37877034884654  12.086538728023823  -24.164734035763622
16.35695594676717  38.23367334859184  21.721075441248765
4.672151679784607  -51.69480548657552  9.078843337558034
17.38299693631  -52.45538089577125  -0.6841343979794657
-40.92891277566528  27.958927190802573  4.350635613301204
41.17769304081053  71.17672391722331  -15.593692814753592
-1.4359118691473371  -22.125177726390717  -3.029126088830255
32.664665993884064  25.828589674848544  23.795297673258904
-14.102597278117747  1.5818323553154068  -5.938320528962288
-3.3398048836091725  12.98529201890669  -8.5837115543787
-7.541954128680318  2.562040512989539  6.717281144399842
7.835316510096444  6.7505013343792255  0.5848349878682388
