C   4.1992585114  -1.2492114839  -0.0080420459
C   1.8834855674  0.4373184564  0.0002071925
C   -0.5951137825  -1.0878246895  0.0008027033
C   -3.0813296608  0.4314274526  -0.0005176058
F   -5.0010101418  -1.1781768703  0.0051820629
F   -3.2484480901  1.8752478184  2.0305819741
F   -3.2524240128  1.8648995363  -2.0385827343
F   -0.6251228065  -2.5784983163  -2.0538061868
F   -0.6231369275  -2.5750781880  2.0579408347
F   1.8830385440  1.9308553023  2.0569933002
F   1.8771926539  1.9405459716  -2.0498516026
O   6.2994642475  0.3496423013  -0.0010599610
H   7.8171023278  -0.6327070064  0.0053196088
H   4.1282120963  -2.4281041285  -1.6911160083
H   4.1303648101  -2.4447429760  1.6634557902
momentum
-23.285542997336787  -2.5648712310999913  -10.829228232269056
-1.972199094373966  -39.0245282378915  -9.662754488023717
-13.98326074844  24.04649069308356  47.163915945649585
-6.3380638640952505  62.14096259118881  25.95839152152623
12.393082925175447  4.686372839868887  1.551949446687801
7.103450361895618  -32.270035715295144  -49.681226193272
20.64005763657089  -12.685722240283846  18.027862908187355
12.407632136660112  19.276397954075644  11.014533323208529
37.797568427911635  25.022670125008844  0.028378453340870212
-59.51809221551904  -55.34986391898471  -36.98794913632275
10.161906992406832  -18.489821963890464  19.44191418990618
3.4523553188371934  27.445551545238473  9.324032799587968
-6.987795205738519  3.4437084958281754  -0.2690302768462053
15.172959789931133  -6.560866188587876  -23.95978328078698
-7.700462047068725  0.6838884188445734  -0.0676898892674871
