C   4.1992585114  -1.2492114839  -0.0080420459
C   1.8834855674  0.4373184564  0.0002071925
C   -0.5951137825  -1.0878246895  0.0008027033
C   -3.0813296608  0.4314274526  -0.0005176058
F   -5.0010101418  -1.1781768703  0.0051820629
F   -3.2484480901  1.8752478184  2.0305819741
F   -3.2524240128  1.8648995363  -2.0385827343
F   -0.6251228065  -2.5784983163  -2.0538061868
F   -0.6231369275  -2.5750781880  2.0579408347
F   1.8830385440  1.9308553023  2.0569933002
F   1.8771926539  1.9405459716  -2.0498516026
O   6.2994642475  0.3496423013  -0.0010599610
H   7.8171023278  -0.6327070064  0.0053196088
H   4.1282120963  -2.4281041285  -1.6911160083
H   4.1303648101  -2.4447429760  1.6634557902
momentum
22.919330234082558  -1.5929887239746636  9.135736914498558
-20.63207080370738  -13.220754798721357  0.9832286393464835
26.674050926340158  -47.74310902032924  -7.975607190871362
23.595092298439578  -27.507727289111116  30.651383841417164
-48.57268809604203  -32.94141539788473  28.0264949848049
-4.315947280137132  -17.294094600934994  -37.686538910121726
-6.847479872061225  73.40435298775965  30.214263977491466
2.667020402172348  2.6688300181245457  28.508552358051762
-4.633014709895776  43.591302948782015  -33.25824686741143
-14.806214322904363  -6.540399631178939  -44.90862673929132
74.02223208490501  16.51606421305035  -20.377806510061326
-29.23590568819691  6.013335489822465  15.185494880136336
-16.007923515914143  0.6053555160596903  1.678876580603207
-6.322679325626558  1.1124692941138112  4.703303065478471
1.8885223658038115  2.6566307445358266  -5.102415750580409
