C   4.1992585114  -1.2492114839  -0.0080420459
C   1.8834855674  0.4373184564  0.0002071925
C   -0.5951137825  -1.0878246895  0.0008027033
C   -3.0813296608  0.4314274526  -0.0005176058
F   -5.0010101418  -1.1781768703  0.0051820629
F   -3.2484480901  1.8752478184  2.0305819741
F   -3.2524240128  1.8648995363  -2.0385827343
F   -0.6251228065  -2.5784983163  -2.0538061868
F   -0.6231369275  -2.5750781880  2.0579408347
F   1.8830385440  1.9308553023  2.0569933002
F   1.8771926539  1.9405459716  -2.0498516026
O   6.2994642475  0.3496423013  -0.0010599610
H   7.8171023278  -0.6327070064  0.0053196088
H   4.1282120963  -2.4281041285  -1.6911160083
H   4.1303648101  -2.4447429760  1.6634557902
momentum
-35.15471400143052  -4.354378869172846  15.310178229525018
-10.887154405721782  23.951984784374325  -32.94429014111148
-1.8852175518556333  20.65274266588894  -48.70199279652803
25.872831705631818  1.0757444057960246  3.390739448573568
43.481388670211004  1.3484146018682703  3.0195840201541237
-14.307751079872356  -57.164860140566304  24.169776072181357
40.515343891720754  -43.619041608224904  21.100674911057574
-12.202466641454976  27.675088919107434  9.296998538012682
-41.80440126985885  22.637956148258915  19.538726337663277
-50.802165350082845  28.956234706347317  -25.736315030774545
49.033846641784265  15.278887963036981  40.21814286879105
-4.504390207765972  -42.835608735724485  -42.277408870861166
-7.788622228176036  -0.6603099596859967  -2.5648466123810874
3.130709466357985  0.06492776889649028  1.2475753947116368
17.49224292490396  6.610338463767081  14.73583967714044
