C   4.1992585114  -1.2492114839  -0.0080420459
C   1.8834855674  0.4373184564  0.0002071925
C   -0.5951137825  -1.0878246895  0.0008027033
C   -3.0813296608  0.4314274526  -0.0005176058
F   -5.0010101418  -1.1781768703  0.0051820629
F   -3.2484480901  1.8752478184  2.0305819741
F   -3.2524240128  1.8648995363  -2.0385827343
F   -0.6251228065  -2.5784983163  -2.0538061868
F   -0.6231369275  -2.5750781880  2.0579408347
F   1.8830385440  1.9308553023  2.0569933002
F   1.8771926539  1.9405459716  -2.0498516026
O   6.2994642475  0.3496423013  -0.0010599610
H   7.8171023278  -0.6327070064  0.0053196088
H   4.1282120963  -2.4281041285  -1.6911160083
H   4.1303648101  -2.4447429760  1.6634557902
momentum
-33.491306796511765  -41.926542646407725  15.702455958857175
5.192279322746397  10.153889692081883  8.118996103587182
9.929634381023916  0.5244025725911137  -9.522869323599254
8.715639003931075  -4.6404032007161655  -0.03435299644656672
51.59540434620684  0.6280332410934464  47.30796237000316
-42.84327328940331  -30.77500331605489  23.529067413724263
30.99428438603886  5.60220452404725  -66.11798616989418
-68.27691983846907  12.039320959228734  -11.589895603973662
18.86262938855738  -7.708787432616936  20.93064060835536
-11.80521357797988  -9.297761229178334  -38.87742588208316
13.446686445206634  56.48305152185492  -0.3999925450960771
29.54610068849449  22.964612139624677  2.0856349034616595
-7.438958378461358  0.4001457444143586  8.668931499668878
-5.915447364485053  -8.24324919196076  -0.3758036787559296
0.9601121202726465  -5.708372864812119  0.11544323187503296
