C   4.1992585114  -1.2492114839  -0.0080420459
C   1.8834855674  0.4373184564  0.0002071925
C   -0.5951137825  -1.0878246895  0.0008027033
C   -3.0813296608  0.4314274526  -0.0005176058
F   -5.0010101418  -1.1781768703  0.0051820629
F   -3.2484480901  1.8752478184  2.0305819741
F   -3.2524240128  1.8648995363  -2.0385827343
F   -0.6251228065  -2.5784983163  -2.0538061868
F   -0.6231369275  -2.5750781880  2.0579408347
F   1.8830385440  1.9308553023  2.0569933002
F   1.8771926539  1.9405459716  -2.0498516026
O   6.2994642475  0.3496423013  -0.0010599610
H   7.8171023278  -0.6327070064  0.0053196088
H   4.1282120963  -2.4281041285  -1.6911160083
H   4.1303648101  -2.4447429760  1.6634557902
momentum
24.716074290530027  -16.239076532501187  -23.829074470629198
5.712690188037324  -9.052649345247625  14.467020887401425
36.81811074548226  44.78511274121285  -4.9062971096624075
19.650737293624257  30.098432141918405  0.21071071565848515
-32.424329076230116  -49.118612328500404  -43.469697290165726
40.54178147409427  -18.347244796266953  -35.42237265763117
-9.129616003371256  -21.993284263612658  46.294537624879894
9.68014328988147  62.63430726073217  18.374811328134278
-45.39632300639987  23.443051817903644  15.63187143445777
-10.383741408421148  3.190011491880322  43.95011348461459
1.1950020460251023  -68.31275863580215  -15.523789025276475
-37.642944832991624  27.625511595542438  -16.41416545673741
3.348655971546285  -5.682113127791355  -8.862958276502047
-16.810941012278363  3.85889334323405  4.584089922236919
10.23402825287427  -6.799338174803034  4.880562755206698
