C   4.1992585114  -1.2492114839  -0.0080420459
C   1.8834855674  0.4373184564  0.0002071925
C   -0.5951137825  -1.0878246895  0.0008027033
C   -3.0813296608  0.4314274526  -0.0005176058
F   -5.0010101418  -1.1781768703  0.0051820629
F   -3.2484480901  1.8752478184  2.0305819741
F   -3.2524240128  1.8648995363  -2.0385827343
F   -0.6251228065  -2.5784983163  -2.0538061868
F   -0.6231369275  -2.5750781880  2.0579408347
F   1.8830385440  1.9308553023  2.0569933002
F   1.8771926539  1.9405459716  -2.0498516026
O   6.2994642475  0.3496423013  -0.0010599610
H   7.8171023278  -0.6327070064  0.0053196088
H   4.1282120963  -2.4281041285  -1.6911160083
H   4.1303648101  -2.4447429760  1.6634557902
momentum
-16.22760206117445  56.52395328689207  14.166614447166543
15.196608496066998  39.43806690482403  -0.8170370924553122
35.383062206799565  14.416075196415308  -22.130667511679256
36.52059547817567  18.86805408848017  17.898260716476038
-21.89835883088611  29.375490176274177  17.96343003045751
27.281317079846776  -18.451320398739085  -19.873819199296427
-83.89061792871348  2.896920066169775  -27.50404512003039
-23.23291374554536  -40.4610608262601  0.5351352941427976
-8.772621626457546  -13.020705600820783  -39.24920971874521
15.124626740519629  -25.417962846921295  18.102173205860733
17.968314213136217  -75.97530923058018  34.11281106667495
-1.3186729083728046  18.581399702296462  6.076916512973785
1.3761938825768347  -6.822697950647978  5.997935550019685
-1.1828836828699985  -0.4486550972430815  -5.226302522349347
7.986666286133569  0.28682131526300736  -0.10776078846756576
