C   4.1992585114  -1.2492114839  -0.0080420459
C   1.8834855674  0.4373184564  0.0002071925
C   -0.5951137825  -1.0878246895  0.0008027033
C   -3.0813296608  0.4314274526  -0.0005176058
F   -5.0010101418  -1.1781768703  0.0051820629
F   -3.2484480901  1.8752478184  2.0305819741
F   -3.2524240128  1.8648995363  -2.0385827343
F   -0.6251228065  -2.5784983163  -2.0538061868
F   -0.6231369275  -2.5750781880  2.0579408347
F   1.8830385440  1.9308553023  2.0569933002
F   1.8771926539  1.9405459716  -2.0498516026
O   6.2994642475  0.3496423013  -0.0010599610
H   7.8171023278  -0.6327070064  0.0053196088
H   4.1282120963  -2.4281041285  -1.6911160083
H   4.1303648101  -2.4447429760  1.6634557902
momentum
34.15121433185173  2.470992613232299  -6.712091042761008
31.86277997769777  -1.6106569199817404  -3.88928602283463
-26.531168660737546  34.59444392343381  -6.716241029668071
-1.7579294205657663  -8.603757769689116  -13.71629491230283
8.475961131137177  -23.071143108069172  1.4867936682760914
-43.9516956563313  34.75541015297394  11.286127513131483
11.053705566950548  -38.53671179909513  29.847102908949022
-25.552412302108092  2.1902188741656885  -0.2470497549370307
-29.558680863543824  -16.889284178611806  -17.484891892726765
13.307620576651455  0.8589591059033307  35.65331678937825
15.83737925626922  8.913104946987524  -36.15162071258187
46.02028903653506  6.244583761675691  -0.10047021229188065
-12.140602568169248  -0.008228315596177016  -6.096890376524646
-13.154988454817493  -2.78930185729566  1.193189876785404
-8.15197479474243  1.3155218497595775  11.264851408536972
