C   4.1992585114  -1.2492114839  -0.0080420459
C   1.8834855674  0.4373184564  0.0002071925
C   -0.5951137825  -1.0878246895  0.0008027033
C   -3.0813296608  0.4314274526  -0.0005176058
F   -5.0010101418  -1.1781768703  0.0051820629
F   -3.2484480901  1.8752478184  2.0305819741
F   -3.2524240128  1.8648995363  -2.0385827343
F   -0.6251228065  -2.5784983163  -2.0538061868
F   -0.6231369275  -2.5750781880  2.0579408347
F   1.8830385440  1.9308553023  2.0569933002
F   1.8771926539  1.9405459716  -2.0498516026
O   6.2994642475  0.3496423013  -0.0010599610
H   7.8171023278  -0.6327070064  0.0053196088
H   4.1282120963  -2.4281041285  -1.6911160083
H   4.1303648101  -2.4447429760  1.6634557902
momentum
-2.3622879653762126  -14.760689647192898  27.867140885795838
20.682012621044176  -23.863711278663683  -9.043718422403233
-3.1711075475965456  4.892426988767051  -30.71098349372892
5.6179710464603305  25.02441131819631  5.885467082487435
45.3205480060253  -2.656488667255342  9.037578682949666
21.754144704517728  -4.6192589810888185  7.985489065747825
10.145130402182787  1.005955306365266  -1.4172627215026778
1.9035646826915096  -26.027052291310035  -0.17169581729701672
7.947939746635553  30.53838309444573  -2.8060021603933927
-93.73334544025263  -1.3741793602235537  8.000644945402657
-41.2817011630978  41.53030653785207  10.138450309765389
19.25726175489275  -13.117687733839118  -38.96073201634577
-0.3482561287946408  -10.23236918228369  12.840411990347958
3.0408670691414676  -2.807786313356934  -0.7627347622210613
5.308340460308685  -3.100408748809149  1.8915247941497533
