C   4.1992585114  -1.2492114839  -0.0080420459
C   1.8834855674  0.4373184564  0.0002071925
C   -0.5951137825  -1.0878246895  0.0008027033
C   -3.0813296608  0.4314274526  -0.0005176058
F   -5.0010101418  -1.1781768703  0.0051820629
F   -3.2484480901  1.8752478184  2.0305819741
F   -3.2524240128  1.8648995363  -2.0385827343
F   -0.6251228065  -2.5784983163  -2.0538061868
F   -0.6231369275  -2.5750781880  2.0579408347
F   1.8830385440  1.9308553023  2.0569933002
F   1.8771926539  1.9405459716  -2.0498516026
O   6.2994642475  0.3496423013  -0.0010599610
H   7.8171023278  -0.6327070064  0.0053196088
H   4.1282120963  -2.4281041285  -1.6911160083
H   4.1303648101  -2.4447429760  1.6634557902
momentum
4.019563759187994  -8.993156570740869  -26.29047308152658
-1.9034633081468766  0.3824848139604483  -35.035776981614525
40.87718350745311  32.751902476343595  2.4123740035733916
6.897537778957732  -17.63876312905025  -19.101045748775903
-21.721081982452706  50.31658133720466  -2.226818277675152
-44.85039155306981  -45.91853419556352  1.7224699893877
5.390759791379065  -13.009646005953307  57.513692581045646
-8.894361677344646  -8.395156170731717  -34.1837972068953
18.89262266338596  61.5613935798412  22.371488235246602
-43.622027948830215  -19.463106892515793  16.636474148775857
-5.62477170140475  -31.638035539003567  -18.05670906819897
46.16576543732876  14.140134813430095  22.363558154506567
7.124710691694641  -9.790431540203546  -3.4361132883980927
-1.8331955599804677  -7.318943750792466  11.583683563076697
-1.260906399333482  3.1146337056359905  3.2668446317352346
