C   4.1992585114  -1.2492114839  -0.0080420459
C   1.8834855674  0.4373184564  0.0002071925
C   -0.5951137825  -1.0878246895  0.0008027033
C   -3.0813296608  0.4314274526  -0.0005176058
F   -5.0010101418  -1.1781768703  0.0051820629
F   -3.2484480901  1.8752478184  2.0305819741
F   -3.2524240128  1.8648995363  -2.0385827343
F   -0.6251228065  -2.5784983163  -2.0538061868
F   -0.6231369275  -2.5750781880  2.0579408347
F   1.8830385440  1.9308553023  2.0569933002
F   1.8771926539  1.9405459716  -2.0498516026
O   6.2994642475  0.3496423013  -0.0010599610
H   7.8171023278  -0.6327070064  0.0053196088
H   4.1282120963  -2.4281041285  -1.6911160083
H   4.1303648101  -2.4447429760  1.6634557902
momentum
23.0804576722916  -5.33586200463954  12.588543851711467
21.121934566563006  8.148345413215997  -13.392497005122173
14.25843536909755  -12.667347005264133  -4.755878941077186
20.23850836567704  -18.663330011264105  -33.65574324523638
7.823177641363202  10.689064248979175  2.5115100219919966
12.09188079504174  -32.66729017976765  -32.835809774503964
-17.157813808398274  57.91796651222145  39.547269761309906
-24.200509426851742  31.064507433572476  -6.953755206434327
8.308883467436793  6.695671684845243  32.31305827646393
-33.27965411292088  -8.251032259635988  -14.43296054822865
-36.007463067264084  -37.210093725519  2.7621851069528818
-3.2563391724368773  -1.9186904936571558  -7.74826370413884
-0.38251292390973823  8.972334853746363  0.48874678773301483
9.328167627878383  -4.9240297873787755  9.567000474849488
-2.1488938072663935  -1.8766671515139943  13.644462328897808
