C   4.1992585114  -1.2492114839  -0.0080420459
C   1.8834855674  0.4373184564  0.0002071925
C   -0.5951137825  -1.0878246895  0.0008027033
C   -3.0813296608  0.4314274526  -0.0005176058
F   -5.0010101418  -1.1781768703  0.0051820629
F   -3.2484480901  1.8752478184  2.0305819741
F   -3.2524240128  1.8648995363  -2.0385827343
F   -0.6251228065  -2.5784983163  -2.0538061868
F   -0.6231369275  -2.5750781880  2.0579408347
F   1.8830385440  1.9308553023  2.0569933002
F   1.8771926539  1.9405459716  -2.0498516026
O   6.2994642475  0.3496423013  -0.0010599610
H   7.8171023278  -0.6327070064  0.0053196088
H   4.1282120963  -2.4281041285  -1.6911160083
H   4.1303648101  -2.4447429760  1.6634557902
momentum
15.791745124179615  37.93435263320373  -46.72641517476396
6.140857664340253  -4.387066759740908  2.489282016787303
24.512124540117153  -59.100276514319404  17.13719215548838
-46.129241423998906  32.76219041151215  42.32432227052785
-33.345671021729565  -23.199772038658935  -17.430818721117873
27.10332337671696  -1.235838319440761  -22.663793741345664
74.82469766266713  -27.076784396563152  33.709077846279015
-13.483468051039777  -24.049401323673933  -2.64595271612132
-28.202599413594196  61.09688751303352  -55.25619265570698
-5.501746901050347  25.3235030286468  -12.984388563564151
13.657216275184442  3.6188620890651193  50.09307689756059
-43.20059954956298  -18.7289630422768  -3.066094524291229
-12.050305368383201  9.48229996300011  0.9143141696814655
-0.9148805516012836  -9.584821641356443  5.913222498639135
20.969519630374922  -2.393136890011723  7.565398343869078
