C   4.1992585114  -1.2492114839  -0.0080420459
C   1.8834855674  0.4373184564  0.0002071925
C   -0.5951137825  -1.0878246895  0.0008027033
C   -3.0813296608  0.4314274526  -0.0005176058
F   -5.0010101418  -1.1781768703  0.0051820629
F   -3.2484480901  1.8752478184  2.0305819741
F   -3.2524240128  1.8648995363  -2.0385827343
F   -0.6251228065  -2.5784983163  -2.0538061868
F   -0.6231369275  -2.5750781880  2.0579408347
F   1.8830385440  1.9308553023  2.0569933002
F   1.8771926539  1.9405459716  -2.0498516026
O   6.2994642475  0.3496423013  -0.0010599610
H   7.8171023278  -0.6327070064  0.0053196088
H   4.1282120963  -2.4281041285  -1.6911160083
H   4.1303648101  -2.4447429760  1.6634557902
momentum
-16.640209267619323  -57.283180477564045  -20.444783051041185
11.000096327447771  67.29880552635171  25.566612274461615
-9.506795729335703  36.76468394311558  -3.4270929902123153
12.880979364564404  10.811304132011363  -21.909618651976373
-2.22068385220112  -15.79075329416174  9.20009417491714
23.413424632404787  10.220085125389605  -35.600514346097796
-35.039189245619916  -25.60719028426928  19.397692770433967
35.942720009750765  -6.197481424881469  -7.519916652218512
-11.735799274290251  -14.702476635344313  18.508224881610474
28.132170541712014  -32.9047667093442  -10.564513525720603
-40.307447621660586  42.82910183908096  1.91477366110432
-2.111411557715538  -19.25229230955752  -0.04489339446189424
-0.6808545906930444  8.89268339513486  16.333133277615648
-0.7910377285067227  -6.66956735581117  4.2647386988917155
7.7280157361274  1.7102536580137648  3.7611284000044876
