C   4.1992585114  -1.2492114839  -0.0080420459
C   1.8834855674  0.4373184564  0.0002071925
C   -0.5951137825  -1.0878246895  0.0008027033
C   -3.0813296608  0.4314274526  -0.0005176058
F   -5.0010101418  -1.1781768703  0.0051820629
F   -3.2484480901  1.8752478184  2.0305819741
F   -3.2524240128  1.8648995363  -2.0385827343
F   -0.6251228065  -2.5784983163  -2.0538061868
F   -0.6231369275  -2.5750781880  2.0579408347
F   1.8830385440  1.9308553023  2.0569933002
F   1.8771926539  1.9405459716  -2.0498516026
O   6.2994642475  0.3496423013  -0.0010599610
H   7.8171023278  -0.6327070064  0.0053196088
H   4.1282120963  -2.4281041285  -1.6911160083
H   4.1303648101  -2.4447429760  1.6634557902
momentum
-9.070262096535247  41.70386747999867  -45.82839798421973
41.643414511896296  -57.027981861702685  27.99118906278473
26.979329230524716  42.170203107113075  -12.526271541556344
-41.761916281862334  -6.27077816075291  -27.269141690236587
-6.568911171396253  26.616136879127364  -21.522833595738554
9.661636703925126  19.09085075753044  6.48565318974762
36.424963943397756  -36.36399780175766  -2.5968257554182435
-4.76997628713583  1.8364716708229356  21.141448416381188
44.39030409185038  0.2843393476575187  18.30470129864796
-27.758552432651314  -3.8387878782372162  -23.82779289569037
-58.8699740079448  13.235793025642678  52.49030045787879
-6.285991885595914  -4.033737221504358  11.243522287020692
-2.8787824367895642  -4.727728083489035  -6.284637711689258
-0.06581791208824944  -11.499382815635636  4.596026431646939
-1.0461460220614962  -19.990951690470066  -2.3658994821093056
