C   4.1992585114  -1.2492114839  -0.0080420459
C   1.8834855674  0.4373184564  0.0002071925
C   -0.5951137825  -1.0878246895  0.0008027033
C   -3.0813296608  0.4314274526  -0.0005176058
F   -5.0010101418  -1.1781768703  0.0051820629
F   -3.2484480901  1.8752478184  2.0305819741
F   -3.2524240128  1.8648995363  -2.0385827343
F   -0.6251228065  -2.5784983163  -2.0538061868
F   -0.6231369275  -2.5750781880  2.0579408347
F   1.8830385440  1.9308553023  2.0569933002
F   1.8771926539  1.9405459716  -2.0498516026
O   6.2994642475  0.3496423013  -0.0010599610
H   7.8171023278  -0.6327070064  0.0053196088
H   4.1282120963  -2.4281041285  -1.6911160083
H   4.1303648101  -2.4447429760  1.6634557902
momentum
-9.665792353379464  9.134385212069407  6.930327982454896
20.61131925104291  -44.76365118731237  -39.65187446709139
26.401308548214764  0.009252688186975036  -20.856319809627813
39.57044723498595  13.96960378764745  7.005492423320636
-14.788324964349943  20.95379556979362  -22.032595246761755
12.49523030989015  27.400644162255514  36.26129121012486
-47.79527705954074  -18.695771318377048  -18.988878879290127
32.16514103193411  -9.73169116773152  -11.059091645964331
-31.212097785243074  -8.684409553734223  33.29753913673491
10.045477879084281  -21.55297348614056  34.45585330301021
-24.458529435310552  -4.692605790043553  -0.46614571373828756
-9.055502662077181  10.696732428975363  -6.218663470902881
7.3246959400964275  10.113365245210074  2.7770996254853855
4.375104439776214  5.809594394329186  0.041143793289198816
-16.0035746403659  9.55464611314641  -1.3321863202495388
