C   4.1992585114  -1.2492114839  -0.0080420459
C   1.8834855674  0.4373184564  0.0002071925
C   -0.5951137825  -1.0878246895  0.0008027033
C   -3.0813296608  0.4314274526  -0.0005176058
F   -5.0010101418  -1.1781768703  0.0051820629
F   -3.2484480901  1.8752478184  2.0305819741
F   -3.2524240128  1.8648995363  -2.0385827343
F   -0.6251228065  -2.5784983163  -2.0538061868
F   -0.6231369275  -2.5750781880  2.0579408347
F   1.8830385440  1.9308553023  2.0569933002
F   1.8771926539  1.9405459716  -2.0498516026
O   6.2994642475  0.3496423013  -0.0010599610
H   7.8171023278  -0.6327070064  0.0053196088
H   4.1282120963  -2.4281041285  -1.6911160083
H   4.1303648101  -2.4447429760  1.6634557902
momentum
-9.981694678314929  14.186607157029076  -55.14538135646836
39.381087365483296  14.299770538672846  39.859111680294184
-5.536480485148491  12.045907799095955  -22.644752260124317
-15.549285303232097  4.725453455938718  -45.54097992590503
30.947502967795263  28.68572340777963  -47.52697903477022
9.160777689042275  -51.19343143600045  19.037406803508656
-19.2762078259861  0.15326697799954567  32.79561023707028
4.672443315919115  34.49911558523837  25.26713489658615
12.052237185842275  -11.223431846526555  59.7246958374025
-27.148995196889945  25.459672995213104  -38.08207031230883
1.6921583238620668  -42.68065178715382  15.995251421585763
-28.001816149934726  -33.48215434627969  -4.63663244063697
-2.3241132424811606  0.6356198159593515  3.84547680832948
-2.743271463145536  3.286125859097147  8.459700009889442
12.596278658440871  0.27308111554200587  8.172926544450851
