C   4.1992585114  -1.2492114839  -0.0080420459
C   1.8834855674  0.4373184564  0.0002071925
C   -0.5951137825  -1.0878246895  0.0008027033
C   -3.0813296608  0.4314274526  -0.0005176058
F   -5.0010101418  -1.1781768703  0.0051820629
F   -3.2484480901  1.8752478184  2.0305819741
F   -3.2524240128  1.8648995363  -2.0385827343
F   -0.6251228065  -2.5784983163  -2.0538061868
F   -0.6231369275  -2.5750781880  2.0579408347
F   1.8830385440  1.9308553023  2.0569933002
F   1.8771926539  1.9405459716  -2.0498516026
O   6.2994642475  0.3496423013  -0.0010599610
H   7.8171023278  -0.6327070064  0.0053196088
H   4.1282120963  -2.4281041285  -1.6911160083
H   4.1303648101  -2.4447429760  1.6634557902
momentum
-27.946128015501976  8.788282277904168  -21.747004326847645
-11.52003723706259  17.57408192070861  15.96375185246313
13.323586373894253  -10.84119513005273  16.227587212284547
-21.548646645730816  -4.070404629528154  -4.748029499610945
34.30632618275209  -11.390672991378706  -43.11435367147845
-20.341503620907517  -11.290403744132995  9.671373386319166
-29.281494615671203  27.66043972278326  45.089027670439684
3.3718829886290047  -34.911276085207696  -56.6599066614263
12.753079640053278  29.195322825898558  32.937410310774474
54.232105427696744  21.15305609061087  3.0601225092999065
22.225941970242754  -19.464077320604904  -28.277891917761114
-13.854686843733557  -10.85636470757807  11.612731595907926
-6.063576748789429  -5.9750315698997944  -1.1428699689674673
-2.9423845887226117  3.1878341738631786  16.774867124839513
-6.700924343303643  1.2312950304367218  4.05308695795011
