C   4.1992585114  -1.2492114839  -0.0080420459
C   1.8834855674  0.4373184564  0.0002071925
C   -0.5951137825  -1.0878246895  0.0008027033
C   -3.0813296608  0.4314274526  -0.0005176058
F   -5.0010101418  -1.1781768703  0.0051820629
F   -3.2484480901  1.8752478184  2.0305819741
F   -3.2524240128  1.8648995363  -2.0385827343
F   -0.6251228065  -2.5784983163  -2.0538061868
F   -0.6231369275  -2.5750781880  2.0579408347
F   1.8830385440  1.9308553023  2.0569933002
F   1.8771926539  1.9405459716  -2.0498516026
O   6.2994642475  0.3496423013  -0.0010599610
H   7.8171023278  -0.6327070064  0.0053196088
H   4.1282120963  -2.4281041285  -1.6911160083
H   4.1303648101  -2.4447429760  1.6634557902
momentum
-23.56260485320569  14.115380832248913  -29.18882882741011
8.804355570761453  -7.9418735767202975  37.31554424098735
30.328528750882835  -20.167243792563553  30.742864005965345
27.774202654630184  -11.035386052223208  -42.76230262282126
17.270700179004876  22.019899178200877  -14.696204281233012
-56.812991164175585  -76.2011848650255  7.59006107633499
-8.847968821799324  41.796956067081084  -8.785679013449329
-47.112882996620094  -36.58028287378229  15.31993645074708
-9.092654971753547  45.35994397866656  -15.696432858730374
49.154254541790024  52.03446060437766  -4.099357804024892
-2.046937466930259  -19.707076688900234  32.581410318246554
24.027757971153587  16.28317337174937  7.013184614021307
-12.275548622407781  -13.357633255221488  -14.366707828722916
-7.7951061538206305  -6.345161820584622  -5.699650196683581
9.904257427976468  -0.4540641550035012  4.702569321946735
