C   4.1992585114  -1.2492114839  -0.0080420459
C   1.8834855674  0.4373184564  0.0002071925
C   -0.5951137825  -1.0878246895  0.0008027033
C   -3.0813296608  0.4314274526  -0.0005176058
F   -5.0010101418  -1.1781768703  0.0051820629
F   -3.2484480901  1.8752478184  2.0305819741
F   -3.2524240128  1.8648995363  -2.0385827343
F   -0.6251228065  -2.5784983163  -2.0538061868
F   -0.6231369275  -2.5750781880  2.0579408347
F   1.8830385440  1.9308553023  2.0569933002
F   1.8771926539  1.9405459716  -2.0498516026
O   6.2994642475  0.3496423013  -0.0010599610
H   7.8171023278  -0.6327070064  0.0053196088
H   4.1282120963  -2.4281041285  -1.6911160083
H   4.1303648101  -2.4447429760  1.6634557902
momentum
12.6789119168296  -4.515315920113071  -33.296276516244156
15.604885300746172  -15.80885949377273  2.624447120359802
14.969939874065895  -21.930849714077585  -16.381083748279384
36.34502978039547  -14.015251002848292  39.9926682443869
1.2076813455552409  61.06769482347024  -30.77319208330028
29.858246875330895  13.659483932259647  -45.16986543551997
6.54354980778777  -34.48016355408151  13.41774943350634
-2.9258358184444457  -2.573752686451747  -23.07162744164293
-10.407839605981376  -6.355306510994735  50.75878642937789
-65.22725053869536  6.71095872944839  33.89387723516654
-29.719015260284305  7.6367721714513195  36.42065123590355
-5.113979621870891  7.1348565766923  -22.695481765342837
-6.752710749000549  10.955499323774815  3.0611013292487077
-1.1178449071594572  -16.532633160611237  -4.4274375987374235
4.190863154214215  9.08294519494466  -4.530402835240205
