C   4.1992585114  -1.2492114839  -0.0080420459
C   1.8834855674  0.4373184564  0.0002071925
C   -0.5951137825  -1.0878246895  0.0008027033
C   -3.0813296608  0.4314274526  -0.0005176058
F   -5.0010101418  -1.1781768703  0.0051820629
F   -3.2484480901  1.8752478184  2.0305819741
F   -3.2524240128  1.8648995363  -2.0385827343
F   -0.6251228065  -2.5784983163  -2.0538061868
F   -0.6231369275  -2.5750781880  2.0579408347
F   1.8830385440  1.9308553023  2.0569933002
F   1.8771926539  1.9405459716  -2.0498516026
O   6.2994642475  0.3496423013  -0.0010599610
H   7.8171023278  -0.6327070064  0.0053196088
H   4.1282120963  -2.4281041285  -1.6911160083
H   4.1303648101  -2.4447429760  1.6634557902
momentum
23.10284464656498  0.8971954156002001  18.90102845560449
-77.12868813166541  -37.2525005989728  4.295334216252635
3.870316322285813  -18.48948382814797  -45.24714931613513
38.67576622424241  11.606367957643728  11.941003534046587
-9.069047649280648  22.430860349563787  -40.14618117336337
-60.895428574973685  38.776805261945  7.465550426404884
37.38070624253182  -1.257071395626297  27.09991173488095
36.27208345527761  -17.28959995204987  21.418096450123283
70.38658189112049  26.173154432247173  10.664375348527404
9.952029545917958  -24.773125749784402  31.467039967404588
-19.79784089110714  2.1157264942439715  -6.068468690005821
-26.02635908627595  16.435981103929578  -35.34886912839236
-16.613251195473936  -1.594417148021283  -1.0142104434602193
-7.803424368213011  -7.426109434396874  -8.15694669395645
-1.8159624358006718  -9.556984670986182  2.890544498824731
