C   4.1992585114  -1.2492114839  -0.0080420459
C   1.8834855674  0.4373184564  0.0002071925
C   -0.5951137825  -1.0878246895  0.0008027033
C   -3.0813296608  0.4314274526  -0.0005176058
F   -5.0010101418  -1.1781768703  0.0051820629
F   -3.2484480901  1.8752478184  2.0305819741
F   -3.2524240128  1.8648995363  -2.0385827343
F   -0.6251228065  -2.5784983163  -2.0538061868
F   -0.6231369275  -2.5750781880  2.0579408347
F   1.8830385440  1.9308553023  2.0569933002
F   1.8771926539  1.9405459716  -2.0498516026
O   6.2994642475  0.3496423013  -0.0010599610
H   7.8171023278  -0.6327070064  0.0053196088
H   4.1282120963  -2.4281041285  -1.6911160083
H   4.1303648101  -2.4447429760  1.6634557902
momentum
8.44856616338459  4.785915953974343  9.79085836393022
-13.504032871138072  26.301708968736495  -25.954973714388572
4.943777769549206  -0.9899221127847804  3.8794695218687556
-3.5853166908185927  16.581614407909314  48.072974080291
15.405904205555505  -19.955870624697504  -25.542163687707486
28.228610283908097  -10.086638374312338  42.82507024099712
39.05767641157656  -9.802677991869002  -63.3955504961927
-33.91216945194089  36.55107490635893  49.10802245707996
-2.8302110404307714  -50.642000691291564  -16.795476444315355
-40.57973676330401  16.658436308406245  -26.522117932234288
10.292163043355204  -2.5078086993748774  4.688973330013798
21.40883408542321  -2.849273153469729  -12.46917545180333
-20.694138466799846  -3.969875500891952  1.8797542769248607
-11.371300897140701  9.477342485531032  5.258341393803401
-0.7246219327824029  -9.508608490930248  4.959740558868474
