C   4.1992585114  -1.2492114839  -0.0080420459
C   1.8834855674  0.4373184564  0.0002071925
C   -0.5951137825  -1.0878246895  0.0008027033
C   -3.0813296608  0.4314274526  -0.0005176058
F   -5.0010101418  -1.1781768703  0.0051820629
F   -3.2484480901  1.8752478184  2.0305819741
F   -3.2524240128  1.8648995363  -2.0385827343
F   -0.6251228065  -2.5784983163  -2.0538061868
F   -0.6231369275  -2.5750781880  2.0579408347
F   1.8830385440  1.9308553023  2.0569933002
F   1.8771926539  1.9405459716  -2.0498516026
O   6.2994642475  0.3496423013  -0.0010599610
H   7.8171023278  -0.6327070064  0.0053196088
H   4.1282120963  -2.4281041285  -1.6911160083
H   4.1303648101  -2.4447429760  1.6634557902
momentum
5.298750468600865  34.930704916172914  4.447689491945601
-10.64759674733018  23.50419932018848  -32.08322543045806
-50.53520186527331  -0.41535595621653376  11.087730870748295
41.84093197453489  4.814619958982366  30.488256120133684
-15.008852518353581  -42.979047632755446  -76.40764467622533
-13.518033572723173  -14.818697127440949  -13.890655032502881
28.903967782008838  46.9615793233845  47.59343397807119
-0.9742677217089535  -53.93400251537543  9.566804266198218
-28.04788607256233  12.784910046150452  52.801497816385734
31.10264097083088  1.0143382201049849  -45.57199803903703
-15.569460073475932  -0.9880293643944782  33.057772528631716
30.70512256568391  -18.69735687575919  18.35458235682382
-2.258965393682302  -0.3612348918866916  -14.617478217185766
-3.9429628106026575  0.6700633427201461  -20.29495057740621
2.5481453780539645  7.437194762446545  -4.05894997599024
