C   4.1992585114  -1.2492114839  -0.0080420459
C   1.8834855674  0.4373184564  0.0002071925
C   -0.5951137825  -1.0878246895  0.0008027033
C   -3.0813296608  0.4314274526  -0.0005176058
F   -5.0010101418  -1.1781768703  0.0051820629
F   -3.2484480901  1.8752478184  2.0305819741
F   -3.2524240128  1.8648995363  -2.0385827343
F   -0.6251228065  -2.5784983163  -2.0538061868
F   -0.6231369275  -2.5750781880  2.0579408347
F   1.8830385440  1.9308553023  2.0569933002
F   1.8771926539  1.9405459716  -2.0498516026
O   6.2994642475  0.3496423013  -0.0010599610
H   7.8171023278  -0.6327070064  0.0053196088
H   4.1282120963  -2.4281041285  -1.6911160083
H   4.1303648101  -2.4447429760  1.6634557902
momentum
-17.307733848692166  4.861815911475018  -50.26072723453323
7.405344520586563  34.991682254406264  43.451118520051565
48.43882788106489  -2.5303184265380554  29.010682862132402
16.493080820601204  -0.15903210961055467  -28.92132228493173
-28.789398672355723  28.620239668458808  -3.7723166715023204
-37.71218975622414  5.6419002518497505  34.42542583250245
-24.307433564610513  -12.080339130973446  -5.835627638314281
31.391999916508613  -17.37521421936544  -35.91158003814222
-14.33103415726685  -2.664019395630116  -15.982476252175564
31.630774721927416  25.277123453077355  -0.9742654035806051
13.187701284298425  -53.11599401764575  35.38705801093873
-39.80497296175586  -13.544211939967427  -14.13121230832527
2.7878619081799183  13.779237530201009  -0.8655583710700053
2.5972251202883534  -14.8479849204734  12.786904259030196
7.942335749536328  2.970156430399625  1.324458507926859
