C   4.1992585114  -1.2492114839  -0.0080420459
C   1.8834855674  0.4373184564  0.0002071925
C   -0.5951137825  -1.0878246895  0.0008027033
C   -3.0813296608  0.4314274526  -0.0005176058
F   -5.0010101418  -1.1781768703  0.0051820629
F   -3.2484480901  1.8752478184  2.0305819741
F   -3.2524240128  1.8648995363  -2.0385827343
F   -0.6251228065  -2.5784983163  -2.0538061868
F   -0.6231369275  -2.5750781880  2.0579408347
F   1.8830385440  1.9308553023  2.0569933002
F   1.8771926539  1.9405459716  -2.0498516026
O   6.2994642475  0.3496423013  -0.0010599610
H   7.8171023278  -0.6327070064  0.0053196088
H   4.1282120963  -2.4281041285  -1.6911160083
H   4.1303648101  -2.4447429760  1.6634557902
momentum
-30.832941642381783  -9.961427888736486  7.917925683573251
-27.929503033520028  18.742198334725312  -49.710802683540756
-10.56001988559281  9.356004884558757  -56.58288993445466
-6.984177463410008  -7.156258838718604  51.37735702542091
-49.62816154233472  -3.1453080731814  1.8683732274225644
-15.870871444255126  -23.38279018398339  -59.58655753875145
2.7127941048373794  2.041780710756784  18.905962117204
-2.5252115125355523  -10.754567313472025  26.48740812519812
71.20541334354249  30.464766064723882  34.52080695817254
2.217603686699723  -18.091711520206527  -1.9476732823826108
24.29951643226583  49.31940365289868  15.173449722426763
34.2850227115205  0.11288332525923012  31.40175402520209
2.156970514397433  -15.466211767232432  3.578347253528766
7.967025052205445  -14.134255021880547  -10.472003627670114
-0.06256475182131267  -6.9187761222227415  -12.628424096271557
