C   4.1992585114  -1.2492114839  -0.0080420459
C   1.8834855674  0.4373184564  0.0002071925
C   -0.5951137825  -1.0878246895  0.0008027033
C   -3.0813296608  0.4314274526  -0.0005176058
F   -5.0010101418  -1.1781768703  0.0051820629
F   -3.2484480901  1.8752478184  2.0305819741
F   -3.2524240128  1.8648995363  -2.0385827343
F   -0.6251228065  -2.5784983163  -2.0538061868
F   -0.6231369275  -2.5750781880  2.0579408347
F   1.8830385440  1.9308553023  2.0569933002
F   1.8771926539  1.9405459716  -2.0498516026
O   6.2994642475  0.3496423013  -0.0010599610
H   7.8171023278  -0.6327070064  0.0053196088
H   4.1282120963  -2.4281041285  -1.6911160083
H   4.1303648101  -2.4447429760  1.6634557902
momentum
20.06306493406463  10.25913235851179  27.485483041919682
6.226684001386069  10.853775914847187  16.966311566424405
-14.24965518409212  -12.168452449805633  14.12389958165393
32.21121766031129  5.907545563001458  1.0653074935067677
5.1101555821532205  30.285077750607925  -43.04898254318318
-11.051667968673607  -23.346615186430828  40.06536045518158
29.772531694364265  -32.92200374588402  -37.425817233173284
1.7321258811360252  17.8740993798579  27.57256377941229
-30.343496088822597  -51.8105474789003  17.272254344803464
33.35539054116645  4.681420264540514  1.4661470753023367
-44.57968599425462  50.63578785926216  -40.11565647045644
-15.417684604637685  -19.79186183798365  -35.76983643970063
2.370654519166173  -1.5299062328136976  -5.402005411411318
-15.211923793557627  7.268119844084523  18.575419230134642
0.0037174476258972407  4.002988536586552  -3.158328506758155
