C   4.1992585114  -1.2492114839  -0.0080420459
C   1.8834855674  0.4373184564  0.0002071925
C   -0.5951137825  -1.0878246895  0.0008027033
C   -3.0813296608  0.4314274526  -0.0005176058
F   -5.0010101418  -1.1781768703  0.0051820629
F   -3.2484480901  1.8752478184  2.0305819741
F   -3.2524240128  1.8648995363  -2.0385827343
F   -0.6251228065  -2.5784983163  -2.0538061868
F   -0.6231369275  -2.5750781880  2.0579408347
F   1.8830385440  1.9308553023  2.0569933002
F   1.8771926539  1.9405459716  -2.0498516026
O   6.2994642475  0.3496423013  -0.0010599610
H   7.8171023278  -0.6327070064  0.0053196088
H   4.1282120963  -2.4281041285  -1.6911160083
H   4.1303648101  -2.4447429760  1.6634557902
momentum
-24.362690426923862  -25.496245503372144  -1.0955279243818101
-45.893962151095366  1.2312310487595994  12.104244080463427
-11.561727030670344  6.588886786581208  4.673345696906246
-60.81379026763741  -26.432009431234174  19.43832523507955
-6.987246469238346  34.40878205134606  29.78361319891424
11.772040121908057  -47.45910240344656  -9.11607393989865
9.591209120539038  8.840596670668797  -29.17191746453521
-17.24008023609271  20.967578076331172  -28.722253495600352
78.74607722287321  -15.505780254199843  7.373457141353364
21.05727673335667  19.6771140250662  -16.006123869598852
75.46000427425604  11.269267107603904  -32.41320917359357
-29.708300264233035  36.306609439874435  32.201489365861136
2.5870281932025985  -10.786851829771782  2.7392957618983136
-6.781766166482646  -14.056195170528676  5.6735218429632335
3.908263216814013  0.9434804481446413  2.2178454782858967
