C   4.1992585114  -1.2492114839  -0.0080420459
C   1.8834855674  0.4373184564  0.0002071925
C   -0.5951137825  -1.0878246895  0.0008027033
C   -3.0813296608  0.4314274526  -0.0005176058
F   -5.0010101418  -1.1781768703  0.0051820629
F   -3.2484480901  1.8752478184  2.0305819741
F   -3.2524240128  1.8648995363  -2.0385827343
F   -0.6251228065  -2.5784983163  -2.0538061868
F   -0.6231369275  -2.5750781880  2.0579408347
F   1.8830385440  1.9308553023  2.0569933002
F   1.8771926539  1.9405459716  -2.0498516026
O   6.2994642475  0.3496423013  -0.0010599610
H   7.8171023278  -0.6327070064  0.0053196088
H   4.1282120963  -2.4281041285  -1.6911160083
H   4.1303648101  -2.4447429760  1.6634557902
momentum
-50.00874420890797  20.37413645177398  -14.253354158087456
-20.790487635939684  -15.729544369920461  15.452612127703825
-8.22574119695534  21.303456122499078  6.95529472019959
19.69731259170256  0.49661881117914686  6.301784290242542
-59.60136545193951  4.445787719922913  -39.89463548704151
-41.967365352183286  -23.426708130258394  -20.291078114414756
50.018863231000296  -55.80642603606368  44.604723792102824
-11.394958451073334  31.337372985685178  14.934633754652213
4.119282654852256  -7.661095470373228  19.184888976098158
52.451793135976864  22.983327883823293  24.38820106195552
43.96276595847802  -20.242652273121827  -35.75012889335706
54.70397757551089  27.70403403003167  7.620267694677508
-10.606704505308985  6.079238254777802  -15.304097678224323
-20.63183135863066  2.4416385288333613  -1.964583589854272
-1.8349266984460606  -13.778174588864552  -11.611873799539135
