C   4.1992585114  -1.2492114839  -0.0080420459
C   1.8834855674  0.4373184564  0.0002071925
C   -0.5951137825  -1.0878246895  0.0008027033
C   -3.0813296608  0.4314274526  -0.0005176058
F   -5.0010101418  -1.1781768703  0.0051820629
F   -3.2484480901  1.8752478184  2.0305819741
F   -3.2524240128  1.8648995363  -2.0385827343
F   -0.6251228065  -2.5784983163  -2.0538061868
F   -0.6231369275  -2.5750781880  2.0579408347
F   1.8830385440  1.9308553023  2.0569933002
F   1.8771926539  1.9405459716  -2.0498516026
O   6.2994642475  0.3496423013  -0.0010599610
H   7.8171023278  -0.6327070064  0.0053196088
H   4.1282120963  -2.4281041285  -1.6911160083
H   4.1303648101  -2.4447429760  1.6634557902
momentum
-20.30646132246382  -25.056665746955343  -18.89817627636724
-4.497980175718253  21.983133195604125  18.62374349025261
11.820396976629008  23.068934204929047  -49.653487086931676
-1.09206254859207  32.424167358769104  -37.38181224888195
10.012627833056138  22.724681362894074  34.116914281406366
13.135985704262211  -29.08430531562729  -6.7545925355888325
12.613427837017069  2.205356315622323  28.42176313048593
12.700955976335448  -58.959365585702464  15.466825141949176
1.7975665641109673  -0.25028140575384933  4.400123339160559
1.0831473565936676  -38.43426447910582  -12.040707007813737
-32.23393239529226  22.774559251696953  -23.14723399474268
0.9080237903475363  24.51538910788137  34.89100146999075
-8.118408808380686  -4.314089074709931  -4.036253363694074
4.467296175983053  5.247508573024724  13.491241761203865
-2.3486538936835837  1.161564946207366  2.5747636101190734
