C   4.1992585114  -1.2492114839  -0.0080420459
C   1.8834855674  0.4373184564  0.0002071925
C   -0.5951137825  -1.0878246895  0.0008027033
C   -3.0813296608  0.4314274526  -0.0005176058
F   -5.0010101418  -1.1781768703  0.0051820629
F   -3.2484480901  1.8752478184  2.0305819741
F   -3.2524240128  1.8648995363  -2.0385827343
F   -0.6251228065  -2.5784983163  -2.0538061868
F   -0.6231369275  -2.5750781880  2.0579408347
F   1.8830385440  1.9308553023  2.0569933002
F   1.8771926539  1.9405459716  -2.0498516026
O   6.2994642475  0.3496423013  -0.0010599610
H   7.8171023278  -0.6327070064  0.0053196088
H   4.1282120963  -2.4281041285  -1.6911160083
H   4.1303648101  -2.4447429760  1.6634557902
momentum
60.64825691925655  14.440805541863812  -21.759575749583842
15.143762769634455  -26.245681114062624  -5.179590401290188
-12.861634743814413  9.50108473458566  7.139703549483761
-0.6374875111922536  7.154107471753862  -1.5405587835040595
39.668672589845414  19.95375022249206  4.781562697669766
-23.600226718102206  -57.26338175565301  44.78627139463497
-36.51496066434341  24.646839482054578  -17.10194541741715
-26.946494485385497  0.4055915033681717  49.256366649695345
-48.72946564134802  20.73160851942964  -32.11629368812945
-42.379345362677256  13.451011999131403  -20.24517119931127
37.19979033075503  -25.453585465857046  -17.291074289229115
37.888749046921674  -11.323027532799454  8.450700037627012
-6.953733152626065  12.764006250088869  7.881390218836659
11.857519598029738  -3.3525722063564585  -7.142045951936111
-3.981822066459109  0.1733307062739296  0.23692543794074145
