C   4.1992585114  -1.2492114839  -0.0080420459
C   1.8834855674  0.4373184564  0.0002071925
C   -0.5951137825  -1.0878246895  0.0008027033
C   -3.0813296608  0.4314274526  -0.0005176058
F   -5.0010101418  -1.1781768703  0.0051820629
F   -3.2484480901  1.8752478184  2.0305819741
F   -3.2524240128  1.8648995363  -2.0385827343
F   -0.6251228065  -2.5784983163  -2.0538061868
F   -0.6231369275  -2.5750781880  2.0579408347
F   1.8830385440  1.9308553023  2.0569933002
F   1.8771926539  1.9405459716  -2.0498516026
O   6.2994642475  0.3496423013  -0.0010599610
H   7.8171023278  -0.6327070064  0.0053196088
H   4.1282120963  -2.4281041285  -1.6911160083
H   4.1303648101  -2.4447429760  1.6634557902
momentum
16.742956436510344  11.720725501843674  -11.205651559487821
31.332847943246723  11.750287217689527  -42.187501313549866
-19.166463496937595  -25.37182129795318  23.119605531161
32.93361804853766  -1.6362546922825556  -4.814222876419576
-40.231560635417054  8.402425296015064  7.5906544530713544
-38.851919143102066  6.86365574341802  11.0924974988657
9.342589338459895  20.19462140274467  9.94288087869661
1.890904895228019  51.329169455501585  -38.28163626358638
39.798170450145  -54.29963568937124  45.56974202093283
-48.77131022043362  42.95443835548372  -24.921353381596607
15.776144264597121  -58.903030837728004  4.889926312061432
-6.82766155360636  -6.178536079762138  39.98417347684625
1.732932717394704  -7.996624264113857  -12.69339034759534
3.150329224702585  -5.092501447049304  1.9978848006556096
0.7278202989057779  5.897697678157042  -9.939778737333281
