C   4.1992585114  -1.2492114839  -0.0080420459
C   1.8834855674  0.4373184564  0.0002071925
C   -0.5951137825  -1.0878246895  0.0008027033
C   -3.0813296608  0.4314274526  -0.0005176058
F   -5.0010101418  -1.1781768703  0.0051820629
F   -3.2484480901  1.8752478184  2.0305819741
F   -3.2524240128  1.8648995363  -2.0385827343
F   -0.6251228065  -2.5784983163  -2.0538061868
F   -0.6231369275  -2.5750781880  2.0579408347
F   1.8830385440  1.9308553023  2.0569933002
F   1.8771926539  1.9405459716  -2.0498516026
O   6.2994642475  0.3496423013  -0.0010599610
H   7.8171023278  -0.6327070064  0.0053196088
H   4.1282120963  -2.4281041285  -1.6911160083
H   4.1303648101  -2.4447429760  1.6634557902
momentum
34.31253150829959  23.907374106749128  14.917789552634117
13.09196179179741  -0.4810503570081929  31.03924673447712
33.932079773897115  -13.08735707214148  9.527664811985534
-19.894074398870938  -25.90996966874285  4.7034585162019695
50.15243878956637  48.498333727344516  13.07783386767919
24.868419211743436  -69.56379445620018  -68.10133032612832
-24.156442508316626  15.606702179827613  2.666300307960974
-53.07127424046582  41.43982648292548  5.407237182663716
33.815331399557614  18.66231193953368  5.186014083443997
-40.18679605753114  1.3994328072085416  -37.45692612090482
-28.074185303210214  -1.5708610190431638  10.817330932215157
-2.344067436576695  -33.720422381655496  9.223866357913368
-3.7193606771305765  -5.8921926438348375  4.675511201357284
-11.47351330351251  0.7959448048492311  -14.31472765616306
-7.214910769282643  -0.10455887412518523  8.492030558431136
