C   4.1992585114  -1.2492114839  -0.0080420459
C   1.8834855674  0.4373184564  0.0002071925
C   -0.5951137825  -1.0878246895  0.0008027033
C   -3.0813296608  0.4314274526  -0.0005176058
F   -5.0010101418  -1.1781768703  0.0051820629
F   -3.2484480901  1.8752478184  2.0305819741
F   -3.2524240128  1.8648995363  -2.0385827343
F   -0.6251228065  -2.5784983163  -2.0538061868
F   -0.6231369275  -2.5750781880  2.0579408347
F   1.8830385440  1.9308553023  2.0569933002
F   1.8771926539  1.9405459716  -2.0498516026
O   6.2994642475  0.3496423013  -0.0010599610
H   7.8171023278  -0.6327070064  0.0053196088
H   4.1282120963  -2.4281041285  -1.6911160083
H   4.1303648101  -2.4447429760  1.6634557902
momentum
-2.6760955791778684  18.59964558211938  -19.920777412093834
39.585425512436096  2.818046123552943  56.35681471774903
-9.45245797468195  -21.85429527032649  5.726783855401138
32.772748198602905  33.25848506228204  -19.69633222772929
-58.432076412749076  -44.58759197231017  63.04285702933824
53.62049065451918  30.510064600611095  6.069261772076723
40.18105679387214  -48.99998978738768  -44.03850899086607
-15.480162387883684  5.854368122926962  -44.99869355742693
-44.051958704918405  -9.565252636072332  -17.568336598642205
-24.71448949938316  -18.332374405615106  22.862577026812662
-1.654476148413653  47.08416705437677  -15.720699073421045
-8.790303140332213  7.06338850940917  -25.30022772487425
-6.534350971043051  2.7239707540976754  2.097956811004669
0.5391936929861209  3.156757307744095  29.159574602613223
4.697223651444112  -7.2746519728172885  1.487407704038107
