C   4.1992585114  -1.2492114839  -0.0080420459
C   1.8834855674  0.4373184564  0.0002071925
C   -0.5951137825  -1.0878246895  0.0008027033
C   -3.0813296608  0.4314274526  -0.0005176058
F   -5.0010101418  -1.1781768703  0.0051820629
F   -3.2484480901  1.8752478184  2.0305819741
F   -3.2524240128  1.8648995363  -2.0385827343
F   -0.6251228065  -2.5784983163  -2.0538061868
F   -0.6231369275  -2.5750781880  2.0579408347
F   1.8830385440  1.9308553023  2.0569933002
F   1.8771926539  1.9405459716  -2.0498516026
O   6.2994642475  0.3496423013  -0.0010599610
H   7.8171023278  -0.6327070064  0.0053196088
H   4.1282120963  -2.4281041285  -1.6911160083
H   4.1303648101  -2.4447429760  1.6634557902
momentum
51.58364202568253  13.95055375515627  1.6025256864763966
-15.576544588969119  13.85734089892184  4.644792156080452
21.75548169851586  22.699247546752275  5.989433301301993
-41.63428260131348  3.7050085048488475  25.108189759169612
-10.539099333438028  -31.660920871293225  22.776451187499056
2.6383272254503436  -15.403663344806885  5.459731811412361
21.395059215498936  4.87130809314566  -12.728007518123954
2.0935170443346354  -21.043760883361205  -12.543792555597815
-25.470584641212657  61.40960151914786  -46.509716596660816
1.7592067473223394  -11.822340337203153  19.166281780334106
18.395457743925746  -21.56336284623271  -6.575104932916731
-11.994874994735097  -14.087911007678029  -2.5116599536048816
-5.291027205910286  2.227317886980225  0.9545827351719811
-6.201893236773957  -4.1782342789868325  -8.484093203176513
-2.652487691843214  -2.697143110565882  3.624621405403428
