C   4.1992585114  -1.2492114839  -0.0080420459
C   1.8834855674  0.4373184564  0.0002071925
C   -0.5951137825  -1.0878246895  0.0008027033
C   -3.0813296608  0.4314274526  -0.0005176058
F   -5.0010101418  -1.1781768703  0.0051820629
F   -3.2484480901  1.8752478184  2.0305819741
F   -3.2524240128  1.8648995363  -2.0385827343
F   -0.6251228065  -2.5784983163  -2.0538061868
F   -0.6231369275  -2.5750781880  2.0579408347
F   1.8830385440  1.9308553023  2.0569933002
F   1.8771926539  1.9405459716  -2.0498516026
O   6.2994642475  0.3496423013  -0.0010599610
H   7.8171023278  -0.6327070064  0.0053196088
H   4.1282120963  -2.4281041285  -1.6911160083
H   4.1303648101  -2.4447429760  1.6634557902
momentum
-16.63521974862997  12.428711534328892  -4.58418842797005
29.430215448807317  -34.13047174745965  31.42720688168203
-15.442238377919749  12.675305876131802  -3.8932423235028337
2.1776332311816473  -10.59321481545509  37.47830327804901
-14.844983986843904  -0.23949394142734354  -28.41143494266571
-34.88379914467441  -1.502224902351974  16.019087941992627
18.15781609926853  4.002525582185733  -17.663940551773276
5.277525027758417  4.114290324096951  -12.829038449702118
54.81711910962477  11.598159743440847  -13.965333807870676
32.17307603806613  32.152727434338104  -29.085693702654165
-12.287379574478843  -26.166072385704414  23.712098668690484
-21.77458613134689  -24.792456202167145  9.245276802504439
-8.687989022479037  7.694261400635967  -1.4084439094175132
-13.45363497728706  -1.662417834211394  -9.77514064905014
-4.462878082377591  13.738463953874787  3.6063929407386603
