C   4.1992585114  -1.2492114839  -0.0080420459
C   1.8834855674  0.4373184564  0.0002071925
C   -0.5951137825  -1.0878246895  0.0008027033
C   -3.0813296608  0.4314274526  -0.0005176058
F   -5.0010101418  -1.1781768703  0.0051820629
F   -3.2484480901  1.8752478184  2.0305819741
F   -3.2524240128  1.8648995363  -2.0385827343
F   -0.6251228065  -2.5784983163  -2.0538061868
F   -0.6231369275  -2.5750781880  2.0579408347
F   1.8830385440  1.9308553023  2.0569933002
F   1.8771926539  1.9405459716  -2.0498516026
O   6.2994642475  0.3496423013  -0.0010599610
H   7.8171023278  -0.6327070064  0.0053196088
H   4.1282120963  -2.4281041285  -1.6911160083
H   4.1303648101  -2.4447429760  1.6634557902
momentum
19.685618179046283  20.351411528773358  -8.524834006932052
-31.403558834393145  -13.420424147823933  -9.48462539535513
-3.875122798986216  28.36776482600557  -11.030736631071958
-9.799311823220263  25.5095403925275  -18.5257491002247
-25.65024333709958  64.57876922754784  -20.476062116394075
14.482309345050155  -72.49368338416704  37.33924590149612
-38.98084986243635  -31.291776258693904  -36.495844410656936
9.601183118854378  -34.143691884165904  27.090345061526424
24.35082050072853  -0.9403059393540866  9.138958193638105
20.80845738210214  15.740930952268718  -0.1544292655187487
32.43797108736197  17.663233392258068  35.31873960973205
-9.252510674746459  -8.14866482781468  -10.989568265710354
-5.588320991113269  -2.57475410542962  -2.3926720217086443
4.98643395802243  -5.733236874555755  8.268520462459172
-1.3559748807142207  -3.057975058524057  1.1263911990400464
