C   4.1992585114  -1.2492114839  -0.0080420459
C   1.8834855674  0.4373184564  0.0002071925
C   -0.5951137825  -1.0878246895  0.0008027033
C   -3.0813296608  0.4314274526  -0.0005176058
F   -5.0010101418  -1.1781768703  0.0051820629
F   -3.2484480901  1.8752478184  2.0305819741
F   -3.2524240128  1.8648995363  -2.0385827343
F   -0.6251228065  -2.5784983163  -2.0538061868
F   -0.6231369275  -2.5750781880  2.0579408347
F   1.8830385440  1.9308553023  2.0569933002
F   1.8771926539  1.9405459716  -2.0498516026
O   6.2994642475  0.3496423013  -0.0010599610
H   7.8171023278  -0.6327070064  0.0053196088
H   4.1282120963  -2.4281041285  -1.6911160083
H   4.1303648101  -2.4447429760  1.6634557902
momentum
15.685202974762593  12.664649861153364  18.536599267989544
16.94893449613976  -0.41618089068669617  22.025354835702494
39.87545044710501  17.586500060390094  3.548853774135357
8.908533825796155  6.204893879409914  12.7439008899576
-5.428107823925711  12.335211942336953  -32.642029201189864
21.63347299926778  -3.0038060411644416  32.58746465775482
3.4294618479878034  -5.026590881908348  -19.369023701282668
-22.894589308573824  -50.18716232773468  7.444197816315302
-58.64312392332742  -2.961553193038381  7.5734147385233435
-45.42516148682497  -40.581068086145734  -28.679881503960477
26.499852926271572  19.625450741995184  36.621471468852825
-2.54790719453672  11.77922141758005  -60.853660812406446
-1.7953657456569243  6.314217969329691  -5.030789376567717
4.65396258260828  1.7189248623617435  2.9011260366969314
-1.0032047542544782  13.521168150714963  2.9344674833102933
