C   4.1992585114  -1.2492114839  -0.0080420459
C   1.8834855674  0.4373184564  0.0002071925
C   -0.5951137825  -1.0878246895  0.0008027033
C   -3.0813296608  0.4314274526  -0.0005176058
F   -5.0010101418  -1.1781768703  0.0051820629
F   -3.2484480901  1.8752478184  2.0305819741
F   -3.2524240128  1.8648995363  -2.0385827343
F   -0.6251228065  -2.5784983163  -2.0538061868
F   -0.6231369275  -2.5750781880  2.0579408347
F   1.8830385440  1.9308553023  2.0569933002
F   1.8771926539  1.9405459716  -2.0498516026
O   6.2994642475  0.3496423013  -0.0010599610
H   7.8171023278  -0.6327070064  0.0053196088
H   4.1282120963  -2.4281041285  -1.6911160083
H   4.1303648101  -2.4447429760  1.6634557902
momentum
-1.7477315471405266  -35.47070402319089  -14.343534617371514
6.575586327975824  23.05559797714872  -31.600371242614354
-13.701802122493612  13.015507254010771  -37.51289124455419
-1.541525832437543  -37.57297567820383  -33.995746394029766
21.6491582614989  -21.306166139538412  2.767330727216272
48.785461385236104  -23.677275342106913  28.07880498758016
-26.496007352689016  24.58259529445884  -8.089406041797192
-32.018317133333035  -0.8619575373024523  17.822077220029335
-74.60679117997223  -49.95295179326565  8.676249380184045
73.14853889761079  72.12880342440455  -20.689192261306264
-3.915269529650111  3.4037370040576733  27.919121528374205
-9.217802776916901  28.12317772528288  27.75193499173761
20.305984180264343  -7.971776609234234  -0.08360160325258183
-6.3564826243657295  7.027205387836437  17.59085587320823
-0.8653984486883055  5.115254195489272  15.073603364322333
