C   4.1992585114  -1.2492114839  -0.0080420459
C   1.8834855674  0.4373184564  0.0002071925
C   -0.5951137825  -1.0878246895  0.0008027033
C   -3.0813296608  0.4314274526  -0.0005176058
F   -5.0010101418  -1.1781768703  0.0051820629
F   -3.2484480901  1.8752478184  2.0305819741
F   -3.2524240128  1.8648995363  -2.0385827343
F   -0.6251228065  -2.5784983163  -2.0538061868
F   -0.6231369275  -2.5750781880  2.0579408347
F   1.8830385440  1.9308553023  2.0569933002
F   1.8771926539  1.9405459716  -2.0498516026
O   6.2994642475  0.3496423013  -0.0010599610
H   7.8171023278  -0.6327070064  0.0053196088
H   4.1282120963  -2.4281041285  -1.6911160083
H   4.1303648101  -2.4447429760  1.6634557902
momentum
-4.92228427628963  -16.296045741467342  -1.2433944044695833
31.363028378866634  -35.19681813495237  -0.6278050131931018
-15.681964028722133  37.174772291194074  35.9868150155944
-13.345179335592746  43.88141639553222  -11.11009131183147
4.595916732677756  -26.16217360010731  55.720945603773124
9.476744615266442  -44.37320527384826  -49.976724727021626
-39.18121159906712  -27.27868328052614  35.52238731099835
-27.251002430116433  35.74903869664011  -2.517868877667329
13.12245512337901  22.62307437198623  -73.79443038897092
-15.141363083022327  21.39524204463988  34.51694240658444
71.74210287056718  -24.24569623297978  -55.69139252348523
-20.07877288450756  2.322463307781459  25.600387916977926
-5.685572067757362  1.1893902072776035  4.42065246018681
8.184334695189342  8.788824591685735  -2.9018775391464735
2.483423438305859  -0.37145236364256434  6.210756939951047
