C   4.1992585114  -1.2492114839  -0.0080420459
C   1.8834855674  0.4373184564  0.0002071925
C   -0.5951137825  -1.0878246895  0.0008027033
C   -3.0813296608  0.4314274526  -0.0005176058
F   -5.0010101418  -1.1781768703  0.0051820629
F   -3.2484480901  1.8752478184  2.0305819741
F   -3.2524240128  1.8648995363  -2.0385827343
F   -0.6251228065  -2.5784983163  -2.0538061868
F   -0.6231369275  -2.5750781880  2.0579408347
F   1.8830385440  1.9308553023  2.0569933002
F   1.8771926539  1.9405459716  -2.0498516026
O   6.2994642475  0.3496423013  -0.0010599610
H   7.8171023278  -0.6327070064  0.0053196088
H   4.1282120963  -2.4281041285  -1.6911160083
H   4.1303648101  -2.4447429760  1.6634557902
momentum
-11.533231968966115  -47.123826897124545  -5.535649103673068
40.65748766699914  -8.406593685730664  25.59196218521341
-4.0991009856955305  48.29249632910306  23.960346799902005
-25.04905065649145  -8.088712122740507  -15.539258181700909
-31.3013515319679  15.06860328546689  -17.629970936688718
-5.489622172672586  1.444289746288189  34.61658795038723
-20.708013758721187  -44.988278239361144  -23.422305916797907
-32.026707905071845  12.253184078821457  -18.579036984382007
11.697835886560005  7.03747555200498  -3.869372489301616
25.17002569813256  -12.973538218280813  -46.62786874297121
25.238333182346846  -11.207501707717547  53.369241955851884
7.142265971446691  42.61287046369391  -15.344270739422551
-3.440129082873628  7.174920313928295  16.85996733785035
6.1805720125471355  -7.659717707481158  -10.916321175822013
17.27003632190435  6.389572232088742  2.75548613237808
