C   4.1992585114  -1.2492114839  -0.0080420459
C   1.8834855674  0.4373184564  0.0002071925
C   -0.5951137825  -1.0878246895  0.0008027033
C   -3.0813296608  0.4314274526  -0.0005176058
F   -5.0010101418  -1.1781768703  0.0051820629
F   -3.2484480901  1.8752478184  2.0305819741
F   -3.2524240128  1.8648995363  -2.0385827343
F   -0.6251228065  -2.5784983163  -2.0538061868
F   -0.6231369275  -2.5750781880  2.0579408347
F   1.8830385440  1.9308553023  2.0569933002
F   1.8771926539  1.9405459716  -2.0498516026
O   6.2994642475  0.3496423013  -0.0010599610
H   7.8171023278  -0.6327070064  0.0053196088
H   4.1282120963  -2.4281041285  -1.6911160083
H   4.1303648101  -2.4447429760  1.6634557902
momentum
-16.782205899004673  17.777878940804246  40.31943694178876
20.577603644506915  -13.19672584610912  7.461101725850643
5.840395076688894  11.215564934747903  -34.00455197225938
34.034534895687784  -14.009695200349816  -11.858518160553512
-47.95851751929983  62.84083749807155  22.89073257489342
75.16115469456294  0.6742564685548962  -27.1069806024031
-4.987834229261164  -61.96566543598093  11.491061759727513
14.270365260602603  35.576091131066974  -39.35567265317334
22.927144933201525  2.6459495298073077  53.26157892167684
-63.91583152417989  -70.78562305493585  -8.762018431434777
-40.60191210429091  10.385593207189766  -13.240107639555934
3.025214579689941  19.30535654326412  11.709040291405525
1.3474148888431206  -4.979591574202751  -1.4836662781233343
-4.535917825052747  5.170729436553655  -15.328831615279377
1.5906832203289833  -0.38855238310270185  4.1683931090737545
