C   4.1992585114  -1.2492114839  -0.0080420459
C   1.8834855674  0.4373184564  0.0002071925
C   -0.5951137825  -1.0878246895  0.0008027033
C   -3.0813296608  0.4314274526  -0.0005176058
F   -5.0010101418  -1.1781768703  0.0051820629
F   -3.2484480901  1.8752478184  2.0305819741
F   -3.2524240128  1.8648995363  -2.0385827343
F   -0.6251228065  -2.5784983163  -2.0538061868
F   -0.6231369275  -2.5750781880  2.0579408347
F   1.8830385440  1.9308553023  2.0569933002
F   1.8771926539  1.9405459716  -2.0498516026
O   6.2994642475  0.3496423013  -0.0010599610
H   7.8171023278  -0.6327070064  0.0053196088
H   4.1282120963  -2.4281041285  -1.6911160083
H   4.1303648101  -2.4447429760  1.6634557902
momentum
-23.21514751010671  7.088970864486187  -17.835140195376958
8.08726551390828  13.376620461639044  -10.29493251445686
35.32505542026945  -34.1329591129151  1.9493319886976281
38.94022883725379  -42.89004939873641  -23.39906569793236
27.34942641296696  42.67824846720553  8.988682764229058
-17.74359718463141  -31.378113734871707  -4.908190487494103
1.6569085363371663  18.89960048670651  18.383985781581757
3.930557184285143  -20.743969177164704  5.949108070225929
-67.06776844175243  36.76867170688638  21.413414899065433
-12.272322589452767  -12.438987357094026  28.168962745860448
7.099669439561088  -7.753155493275268  2.2798680415135095
14.031308073192532  18.735062940150456  -28.04105522330228
2.5981707208357685  -0.06498429014356054  0.9033249221190773
-0.30028407799487045  5.578380294009606  -0.8408967939886927
-18.242114187270353  5.620819526377912  -2.5343671680879227
