C   4.1992585114  -1.2492114839  -0.0080420459
C   1.8834855674  0.4373184564  0.0002071925
C   -0.5951137825  -1.0878246895  0.0008027033
C   -3.0813296608  0.4314274526  -0.0005176058
F   -5.0010101418  -1.1781768703  0.0051820629
F   -3.2484480901  1.8752478184  2.0305819741
F   -3.2524240128  1.8648995363  -2.0385827343
F   -0.6251228065  -2.5784983163  -2.0538061868
F   -0.6231369275  -2.5750781880  2.0579408347
F   1.8830385440  1.9308553023  2.0569933002
F   1.8771926539  1.9405459716  -2.0498516026
O   6.2994642475  0.3496423013  -0.0010599610
H   7.8171023278  -0.6327070064  0.0053196088
H   4.1282120963  -2.4281041285  -1.6911160083
H   4.1303648101  -2.4447429760  1.6634557902
momentum
34.82170591636489  -17.632660831456594  30.5827790121424
43.480280934426  51.6784519644562  -15.126925204152307
14.281866255576277  -23.510947566862384  16.955630193988373
-9.851777496100066  -7.8888811799222465  -23.332070968361585
-0.45490193451396804  3.856499910571384  49.140087279976775
7.062635698740525  -4.457677657202304  -48.14604282045928
-28.734117974425203  17.561342186086613  -15.932041620701014
41.42313897219932  17.10700547446214  34.74384356350574
4.2897554911969955  12.60343800213226  -32.0739034897429
0.563940423831972  -44.40510513034579  78.66033816118654
-36.37815341050741  36.137740241343515  -71.68165399578523
-77.74280581666184  -70.58048930054998  6.843407542109837
-4.227877309059737  9.005852850028157  -9.297873897877022
-1.1429617835089223  13.794797750156992  2.1482087665437852
13.543035431613136  5.877825212601223  -4.025738519387107
