C   4.1992585114  -1.2492114839  -0.0080420459
C   1.8834855674  0.4373184564  0.0002071925
C   -0.5951137825  -1.0878246895  0.0008027033
C   -3.0813296608  0.4314274526  -0.0005176058
F   -5.0010101418  -1.1781768703  0.0051820629
F   -3.2484480901  1.8752478184  2.0305819741
F   -3.2524240128  1.8648995363  -2.0385827343
F   -0.6251228065  -2.5784983163  -2.0538061868
F   -0.6231369275  -2.5750781880  2.0579408347
F   1.8830385440  1.9308553023  2.0569933002
F   1.8771926539  1.9405459716  -2.0498516026
O   6.2994642475  0.3496423013  -0.0010599610
H   7.8171023278  -0.6327070064  0.0053196088
H   4.1282120963  -2.4281041285  -1.6911160083
H   4.1303648101  -2.4447429760  1.6634557902
momentum
-11.978521512491659  19.399129647711778  -27.78336737614689
26.67070120624602  -35.34568836549777  0.3406087671672523
-51.37755842337506  -12.538295138327637  30.990198400875226
20.25177236827331  -12.471694719468472  23.598626184933238
28.69268929621452  -3.4190128009682965  11.766850524486367
8.196343291054589  11.329596511149441  -59.884459345063526
3.934675132724303  10.381895053834379  1.6262443405194507
9.085651416680305  22.423163471950982  -40.76405406229939
-62.145355281941306  -29.05915618543635  45.0053096402018
-2.9804078545122596  17.669122164286282  9.620230559897957
11.56004099170231  -32.72859967820824  36.455381618483216
8.629680490854076  42.55357597813246  -25.041418931802657
16.220988912072716  -5.169985948117767  -3.376048078327134
1.8398773686111336  13.465552730648046  -3.7622636894874586
-7.033013432323733  -6.875123116569663  1.9018688170858922
