C   4.1992585114  -1.2492114839  -0.0080420459
C   1.8834855674  0.4373184564  0.0002071925
C   -0.5951137825  -1.0878246895  0.0008027033
C   -3.0813296608  0.4314274526  -0.0005176058
F   -5.0010101418  -1.1781768703  0.0051820629
F   -3.2484480901  1.8752478184  2.0305819741
F   -3.2524240128  1.8648995363  -2.0385827343
F   -0.6251228065  -2.5784983163  -2.0538061868
F   -0.6231369275  -2.5750781880  2.0579408347
F   1.8830385440  1.9308553023  2.0569933002
F   1.8771926539  1.9405459716  -2.0498516026
O   6.2994642475  0.3496423013  -0.0010599610
H   7.8171023278  -0.6327070064  0.0053196088
H   4.1282120963  -2.4281041285  -1.6911160083
H   4.1303648101  -2.4447429760  1.6634557902
momentum
44.17793474943868  -14.26556376337483  -8.940581002581403
-33.96436204097961  -40.35609288088505  41.883923127233416
8.084057793754225  -8.503319971794259  -0.9959113570997628
30.764084082100656  2.900035916937227  -12.981122304139893
-90.33500593283513  -26.707831790438348  -7.869944062797231
-7.751693454296217  -21.596377688733767  6.047152192500528
58.580648172326185  24.772261789884617  14.559897260373361
-23.211786862804306  36.37561205183512  47.90660189376723
15.271748871793195  -8.10531875405614  -17.37365495281578
15.725287257941355  45.10406989628272  -39.26328387421211
-22.92034271189027  9.886251594894183  -30.89319615832852
-14.241296169185103  12.867367564311296  25.723734716265895
9.648522459807051  2.046025062854702  2.6303010170189025
10.810010877794731  -15.342763828279944  -4.2859896776336495
-1.37893234508387  1.7365756799486909  -15.56205522871624
