C   4.1992585114  -1.2492114839  -0.0080420459
C   1.8834855674  0.4373184564  0.0002071925
C   -0.5951137825  -1.0878246895  0.0008027033
C   -3.0813296608  0.4314274526  -0.0005176058
F   -5.0010101418  -1.1781768703  0.0051820629
F   -3.2484480901  1.8752478184  2.0305819741
F   -3.2524240128  1.8648995363  -2.0385827343
F   -0.6251228065  -2.5784983163  -2.0538061868
F   -0.6231369275  -2.5750781880  2.0579408347
F   1.8830385440  1.9308553023  2.0569933002
F   1.8771926539  1.9405459716  -2.0498516026
O   6.2994642475  0.3496423013  -0.0010599610
H   7.8171023278  -0.6327070064  0.0053196088
H   4.1282120963  -2.4281041285  -1.6911160083
H   4.1303648101  -2.4447429760  1.6634557902
momentum
25.50205778903865  -15.622071892251684  13.17058515451601
12.682645944893238  8.696046813345564  -24.2324320706409
-5.9837181977732845  31.139854053867992  -5.919722046116624
5.346976026978854  -5.039438008224209  40.82417941558339
-51.1363383501839  11.021403690204782  5.69697985776521
36.62395442762775  -26.442895611750302  6.238332940432545
-32.14224928848831  -23.26110680028393  -0.007573497367847004
-1.5714634719514524  -20.09614942130456  4.248684108607288
6.482063638872594  34.73926115155627  -69.1290364138322
-6.622462366287074  12.569250595941615  -34.02059064439869
-21.41195608701359  5.480012041265213  3.406996157376266
22.095067510253255  -6.716879762661572  59.246629194195684
11.74213012476847  -5.476115849558815  -0.7553916183534942
-2.2733679202054575  -2.7885178692865114  -3.319702132104827
0.42521995590720935  1.8445762747739003  4.358183559111736
