C   4.1992585114  -1.2492114839  -0.0080420459
C   1.8834855674  0.4373184564  0.0002071925
C   -0.5951137825  -1.0878246895  0.0008027033
C   -3.0813296608  0.4314274526  -0.0005176058
F   -5.0010101418  -1.1781768703  0.0051820629
F   -3.2484480901  1.8752478184  2.0305819741
F   -3.2524240128  1.8648995363  -2.0385827343
F   -0.6251228065  -2.5784983163  -2.0538061868
F   -0.6231369275  -2.5750781880  2.0579408347
F   1.8830385440  1.9308553023  2.0569933002
F   1.8771926539  1.9405459716  -2.0498516026
O   6.2994642475  0.3496423013  -0.0010599610
H   7.8171023278  -0.6327070064  0.0053196088
H   4.1282120963  -2.4281041285  -1.6911160083
H   4.1303648101  -2.4447429760  1.6634557902
momentum
13.228684677133144  -18.235628345288003  -16.08872909641592
38.983556930014444  19.25539139439769  26.15105087980986
-10.724358137434734  21.99101789326116  -25.143743705838343
-57.42773439269564  -16.16846693966114  -3.9703799007741742
22.926836380180195  50.82153228541882  -17.746364876933477
27.69223524949279  3.375711652439587  30.14425696857127
-33.382702756662965  -44.169174124968585  0.39827798811716547
-15.338417420080035  -28.790650124118535  6.5225966903279895
-23.356512448441194  -8.798538925769606  17.7335650278924
-35.85864802130436  -12.514655109705286  -21.38327417719603
33.013042868377944  7.281512178832373  11.1728972031201
46.499931177093075  20.0736419405702  -1.1459296442572737
-3.608589402708189  7.9638808092955315  10.994234044093957
-2.4906791596664237  1.2216117396553974  -6.591519485352551
0.17618059887948898  -3.1840536836333437  -11.06312143199799
