C   4.1992585114  -1.2492114839  -0.0080420459
C   1.8834855674  0.4373184564  0.0002071925
C   -0.5951137825  -1.0878246895  0.0008027033
C   -3.0813296608  0.4314274526  -0.0005176058
F   -5.0010101418  -1.1781768703  0.0051820629
F   -3.2484480901  1.8752478184  2.0305819741
F   -3.2524240128  1.8648995363  -2.0385827343
F   -0.6251228065  -2.5784983163  -2.0538061868
F   -0.6231369275  -2.5750781880  2.0579408347
F   1.8830385440  1.9308553023  2.0569933002
F   1.8771926539  1.9405459716  -2.0498516026
O   6.2994642475  0.3496423013  -0.0010599610
H   7.8171023278  -0.6327070064  0.0053196088
H   4.1282120963  -2.4281041285  -1.6911160083
H   4.1303648101  -2.4447429760  1.6634557902
momentum
16.787483130037863  4.762995170152644  -2.8384914932381164
46.971991605792944  7.333860180338117  -35.738941331472915
-14.576365639144651  -15.444113057638237  26.98888242336322
15.127842251983965  11.572725594995326  -28.12169406755045
14.29255525191226  -18.256598347730932  30.397872269657732
11.70009135662341  -6.249828041263197  -41.648947733000725
-34.407504748319575  -10.571514968225115  3.385984186586239
-2.1262785063205865  14.095511491294639  32.44309947261488
-42.246035709703406  24.10656417556922  -6.059673993797323
-17.531853213523302  -52.3010717058289  46.413418864221306
-8.592484519219173  34.284459141444124  -22.95777596209667
45.67120190109648  -3.991711050370308  2.0601109331118646
-8.011259954582536  -2.5379366125436027  9.64784704880306
-19.64048738134449  7.779718682354216  -6.98634404599516
-2.9190275793781235  4.861230962293185  -7.719033545461343
