C      -3.2882930731     0.5560421350     0.0280274967
F      -4.5998455044     0.3078221324    -2.1051049787
F      -2.8218650371     2.9956614543     0.3892853324
F      -4.7607547604    -0.2547979579     1.8994098491
C      -0.9010983702    -0.9572933675    -0.0921917448
F      -1.3005152227    -3.4078116786    -0.4772640894
C       1.4354388883    -0.1272885785     0.1319523176
F       2.0982288430     2.2132205487     0.5141951239
F       3.3929789571    -1.6260182976    -0.0126311230
momentum
65.32508760017045  -28.165428700409976  8.387414203582487
-11.851759427545979  19.56469059867222  -59.00836584134107
52.90278026676345  -49.546543697903594  -1.6691303729180949
-51.17242946684486  30.686614433271934  78.84714306871177
-6.777639428613896  -30.21428029274866  -30.06003945546226
-14.80168672659756  22.22725670871287  9.936161384081732
-33.562956860737366  42.05786457280148  -37.24501240909374
-35.25508532401239  -26.341535290468453  21.723600755130832
35.11530718217745  19.37010732530616  9.204728448165602
