C    -2.0861048698     0.3373141885    -0.0328742489
F    -3.4076941013    -0.6524238586    -1.8364994526
F    -2.2005941868     2.7602708340    -0.1821881682
F    -3.2854957581    -0.4482798874     2.0419073105
C     0.5112857819    -0.7528463602    -0.2512806952
F     0.3994455636    -3.3235483170    -0.0192266963
C     2.6298804283     0.3573619127     0.0098692914
F     3.0977144241     2.6818730831     0.1114595681
F     4.7032570839    -0.9331360459     0.0221069641
 momenta
  -34.68651       33.94706      -9.777379    
   5.668905       32.89563      -30.22595    
  -17.67774      -21.85976       9.487079    
   11.18373      -3.772392       8.057317    
   26.55495       12.25329       65.58776    
   23.28498       1.064811       5.574352    
  -21.60513       12.12543      -42.97398    
  -38.91116      -18.93904      -9.755420    
   40.13250      -35.57967       6.733340    
