C    -2.1318399906     0.2424695194    -0.0769488215
F    -3.5471472740    -0.4975520670    -2.0880970955
F    -2.0808420181     2.7143459320    -0.1481330246
F    -3.2736265659    -0.4737476408     2.1513948441
C     0.4156516194    -0.8180037141    -0.0396535285
F     0.4623505473    -3.4022634029     0.0825574100
C     2.7509579659     0.2925710380    -0.0076239170
F     2.9796297550     2.8322567940     0.0687188655
F     4.7762155533    -0.9753932953    -0.0040242220
 momenta
   10.32406       41.54803      -7.390790    
   25.05297       9.928198       17.07984    
  -38.75508       4.539341      -3.555824    
  -4.375125       16.50111      -5.722871    
   18.67361       1.236790       18.71135    
   25.45185      -12.50902      -11.41981    
   12.32315      -38.43867       8.933431    
  -46.54086      -7.426551      -1.829314    
   6.357889      -14.54507      -10.63288    
