C      -3.2882930731     0.5560421350     0.0280274967
F      -4.5998455044     0.3078221324    -2.1051049787
F      -2.8218650371     2.9956614543     0.3892853324
F      -4.7607547604    -0.2547979579     1.8994098491
C      -0.9010983702    -0.9572933675    -0.0921917448
F      -1.3005152227    -3.4078116786    -0.4772640894
C       1.4354388883    -0.1272885785     0.1319523176
F       2.0982288430     2.2132205487     0.5141951239
F       3.3929789571    -1.6260182976    -0.0126311230
momentum
30.412848860680377  -5.402270513386554  -28.122007419179056
28.735517454288903  25.90670428190206  -6.973746151624352
-19.48227773306844  11.394905725278724  22.22162255251015
-7.661441243191661  -7.240320425327736  0.32152292753805223
-29.157097844556965  -45.35855610797254  25.670277048508947
14.78679416574414  16.832255960750842  1.618340530824784
33.94551251997771  37.17420117651357  68.83317139454181
-31.50808144174802  -5.9403166772939455  -52.74188296675658
-20.26518506205062  -27.228703152054738  -31.02561684244311
