C    -2.0954146385     0.2571005821     0.1669845730
F    -3.4993321896    -0.5791798234    -1.7784745693
F    -2.0574510098     2.6560676098    -0.2758628726
F    -3.3466477394    -0.4513803422     1.9907140732
C     0.3537711501    -0.9565383792    -0.1051812991
F     0.2943439186    -3.3124866486    -0.1095978096
C     2.6328239441     0.2661734819    -0.0018578111
F     3.1175115108     2.7408168316     0.0750096291
F     4.8804874420    -0.7810385227     0.0682013705
 momenta
   26.27017      -20.35184      0.7440329    
   84.87206       9.266182       53.64626    
  -42.49649       66.79954      -29.57944    
  -18.13786       11.78022      0.3796172    
  -1.709325      -35.50546       31.54142    
  0.1172218      -28.62564      -39.30954    
   8.373359       23.06025       17.83267    
  -60.75801       7.519767      -7.506313    
   10.18378      -40.88699      -17.61047    
