C    -0.0731857792    -1.5434018373    -0.0739726722
F     1.5526858568    -3.0277152061     1.4471403360
F     0.5731492043    -1.7706390619    -2.5078182220
F    -2.2044010162    -2.7643270493     0.4094742835
C    -0.0357351340     0.9347020388     0.8059080243
F    -0.7268543839     1.1584166288     3.3703091145
C     0.3455894887     3.0971937180    -0.5021692514
F     0.6869741678     3.0874340534    -2.6383340359
F     0.0110985395     5.2970662117     0.2157569826
 momenta
  -6.301618       9.948691      -54.04441    
   22.96403       39.07705       68.86523    
   8.861521      0.2475334      -32.58727    
   6.676960      -36.49580     -0.3149742    
  -26.35257       32.33479      -27.91979    
   9.266269       14.09962       16.81056    
  -27.34313      -71.85635      -5.141904    
  -7.288185      -49.68962       10.68034    
   7.379632       56.07727       5.864555    
