C      -3.2882930731     0.5560421350     0.0280274967
F      -4.5998455044     0.3078221324    -2.1051049787
F      -2.8218650371     2.9956614543     0.3892853324
F      -4.7607547604    -0.2547979579     1.8994098491
C      -0.9010983702    -0.9572933675    -0.0921917448
F      -1.3005152227    -3.4078116786    -0.4772640894
C       1.4354388883    -0.1272885785     0.1319523176
F       2.0982288430     2.2132205487     0.5141951239
F       3.3929789571    -1.6260182976    -0.0126311230
momentum
10.148744725345967  -37.18465102542108  -4.4767595618312646
-36.40105564646971  55.702219976146786  -21.484946137812038
22.573508067719573  -6.609513468037071  -34.46103079588131
9.759855565241816  -14.524645308193763  32.29102734202117
21.715911747851088  6.019575793241711  -47.02603525288509
7.535427890162084  -34.044856095621014  51.03910751636628
30.679901005767952  22.686719267256752  5.703751777479107
-10.64460634188944  -14.675568713482754  29.076150232952987
-55.395515295363516  22.35064881582393  -10.48731348457813
