C      -3.2882930731     0.5560421350     0.0280274967
F      -4.5998455044     0.3078221324    -2.1051049787
F      -2.8218650371     2.9956614543     0.3892853324
F      -4.7607547604    -0.2547979579     1.8994098491
C      -0.9010983702    -0.9572933675    -0.0921917448
F      -1.3005152227    -3.4078116786    -0.4772640894
C       1.4354388883    -0.1272885785     0.1319523176
F       2.0982288430     2.2132205487     0.5141951239
F       3.3929789571    -1.6260182976    -0.0126311230
momentum
-19.07348668141633  5.779638039854357  -0.7967235683798465
-21.115596054153063  53.87258848293193  -0.10660168955186256
16.224418955046733  -45.08294716305501  11.831969164255494
-12.33371836710878  -34.77393316300123  -30.496884600519387
-22.19252125459092  6.421159955335791  -11.243487934922518
-14.558948560738537  20.036968533286263  49.882158159973095
52.64265790159567  36.08268263101721  20.378496764544487
-25.877713731448267  -60.75379369406593  -29.189069461510957
46.274012311625356  18.24136413284117  -10.258758072977525
