C      -3.2882930731     0.5560421350     0.0280274967
F      -4.5998455044     0.3078221324    -2.1051049787
F      -2.8218650371     2.9956614543     0.3892853324
F      -4.7607547604    -0.2547979579     1.8994098491
C      -0.9010983702    -0.9572933675    -0.0921917448
F      -1.3005152227    -3.4078116786    -0.4772640894
C       1.4354388883    -0.1272885785     0.1319523176
F       2.0982288430     2.2132205487     0.5141951239
F       3.3929789571    -1.6260182976    -0.0126311230
momentum
58.07821663271028  -66.15996912891711  -19.241144688743812
-29.868739799751303  1.1217846424707711  43.058259862030646
-13.799913573031024  -19.662710796150613  -32.03716615762058
-17.688487687657435  26.992915518217078  10.25599183812703
-19.62075307627364  41.85903437454729  13.151012303347594
4.302478865981529  16.670243638967094  -48.4468063118944
-19.56359730435445  38.969158886048874  12.568258912751354
15.318889398322272  1.7263490360749196  9.640623322774431
22.73668303471583  -41.55146790537397  11.239592363545052
