C    -0.0638374016    -1.6738177538     0.0868323222
F     1.5976691246    -2.7940855026     1.4200760126
F     0.4982747734    -1.8258433342    -2.2937808037
F    -2.3064026833    -2.9644200802     0.3249430954
C    -0.2595838010     0.9740888476     0.8427676558
F    -0.5972142220     1.3433163166     3.3689830303
C     0.1981005371     3.0813009739    -0.5210040212
F     0.8089582920     3.0553083420    -3.1027486324
F     0.0732589215     5.2198085785     0.4897651374
 momenta
  -21.37495      -30.01166      -28.35669    
  0.5396370      -38.60861      -12.57122    
  -16.58753       4.055550       48.89481    
   8.014624       34.16653       18.52347    
   6.183843       32.90165      -23.97319    
  -10.54575       18.97621      -21.71765    
   1.302231       39.54359      -26.23018    
   16.04146      -52.39704      -11.07075    
   13.44669      0.3922850       40.44101    
