C      -3.2882930731     0.5560421350     0.0280274967
F      -4.5998455044     0.3078221324    -2.1051049787
F      -2.8218650371     2.9956614543     0.3892853324
F      -4.7607547604    -0.2547979579     1.8994098491
C      -0.9010983702    -0.9572933675    -0.0921917448
F      -1.3005152227    -3.4078116786    -0.4772640894
C       1.4354388883    -0.1272885785     0.1319523176
F       2.0982288430     2.2132205487     0.5141951239
F       3.3929789571    -1.6260182976    -0.0126311230
momentum
-46.88194051061262  14.82597808605611  44.08483136295506
-8.269544151539995  -40.26006502531382  3.4691357978763397
54.281786107953295  10.412471879069939  4.9242054542659845
15.144082711223081  39.35613498538278  -20.491579211223648
-3.3352203604992203  -11.007453381996283  2.8886277857927993
32.65056428163466  2.4788561302186327  -60.52346084536198
-62.58743515159461  -11.712402905162714  21.395396006408117
-11.675118718706102  -27.67242489996172  -21.30036399769077
30.659260744483685  23.69098193884392  25.43331717451587
