C    -2.0386271477     0.2426550239     0.0990301818
F    -3.3267230988    -0.5037794709    -2.0072140694
F    -2.0018429756     2.6751251221    -0.0797633454
F    -3.5056023598    -0.3613265157     2.0291857719
C     0.4914112091    -0.9846156836     0.2098017931
F     0.4075664878    -3.4984755516     0.0022978289
C     2.6155221462     0.3585694730     0.1529216468
F     2.9433953762     2.7656924725    -0.0334914029
F     4.7833681107    -0.8292286992    -0.1434248537
 momenta
   59.83462      -30.85629      -1.194900    
  -24.37391       9.861580      -11.64687    
  -49.35029       26.86857       2.188959    
   23.70217       22.51687      -5.306406    
  -21.65723       6.580882       12.79461    
   43.94010      -3.112303      -11.51128    
  -41.98452      -15.65354       30.45325    
   17.16305      -27.55556      -9.350860    
  -8.156147       3.075591       2.197898    
