C    -2.1671307087     0.4563438594     0.0951512307
F    -3.3696081638    -0.5443270206    -2.0481021404
F    -2.0055382252     2.7765626907     0.0161720403
F    -3.5664575100    -0.4550403953     1.9555972815
C     0.3119304180    -0.9432846308     0.1430386156
F     0.5504171252    -3.4475760460     0.1467863619
C     2.6294193268     0.2811777890     0.0009467095
F     2.9658327103     2.6785776615    -0.0242059045
F     4.8732495308    -0.8492520452    -0.1669590175
 momenta
  -24.23591      -2.578908      -10.76149    
   54.67519       7.638751       12.16609    
  -14.54695      -12.35954      -10.88490    
   1.537090      -18.95215       1.813513    
  -25.06173      -13.03099       41.20501    
  -6.745893       29.41062       1.334723    
   3.177996       20.19550      -18.71877    
   32.95058      -6.011388       3.507601    
  -31.06239      -3.465998      -17.28374    
