C    -0.1593888700    -1.5735419989    -0.0177532919
F     1.4497781992    -3.0663712025     1.6123758554
F     0.4262646437    -1.9403020144    -2.5357937813
F    -2.0008182526    -2.6887586117     0.4222625792
C    -0.0224467646     1.0344750881     0.6351188421
F    -0.7763383985     1.3327759504     3.0628414154
C     0.1712802649     3.1034748554    -0.6656984687
F     0.8536693454     3.0213699341    -2.7539324760
F     0.0639453009     5.2841405869     0.6293804646
 momenta
   21.67555       15.57809      -41.20500    
   20.74470       31.02277       16.43000    
   16.95308       8.654445      -22.57058    
   41.69014      -25.76343       26.02071    
   1.115322      -21.75254       7.768671    
  -60.33204      -50.18133      -11.03869    
  -12.97297      0.5975626       25.86444    
  -39.77468      0.1936205      -18.36395    
   12.78118       40.37366       15.54299    
