C    -0.0850635692    -1.7170219421    -0.0659625754
F     1.6769647598    -3.0236105919     1.4567573071
F     0.6206036210    -1.8939001560    -2.4947452545
F    -2.2105212212    -2.8557772636     0.4594103396
C    -0.2366291285     1.2110996246     0.7982897758
F    -0.8290881515     1.3560299873     3.3342812061
C     0.0745360404     3.0222225189    -0.4822598100
F     0.8511806130     3.0215623379    -2.7393355370
F     0.0265976675     5.3617672920     0.2703278959
 momenta
   7.242600       50.07557      -24.90156    
   6.417421      -47.32996      -17.73021    
  -37.37275       38.71455       28.32518    
   17.81622      -3.643672       47.34608    
   7.202815      -6.117796      -83.32044    
  -28.96225      -13.74079      -6.839849    
   4.055930      -12.05898       7.011471    
   1.131731       10.61458      -10.60765    
   25.97425      -9.912769       40.06597    
