C    -0.0810146108    -1.6833474636     0.0341704339
F     1.5310240984    -3.0604834557     1.4893506765
F     0.6247732043    -1.9608483315    -2.3820977211
F    -2.1593747139    -2.6842820644     0.4185549617
C    -0.2973290980     1.1269071102     0.7199971080
F    -0.7051345110     1.3397394419     3.1273829937
C     0.1761654913     3.0528216362    -0.6014309525
F     0.7600911856     3.0503971577    -2.8706905842
F     0.0614748970     5.2923016548     0.5533393025
 momenta
   30.77902       4.827761       17.06886    
   24.37631       7.098950      -4.868981    
   10.60651       14.27367       26.14025    
   7.291342      -34.36536      0.2641943    
  -39.68385      -8.684614      -25.98534    
   12.97884       21.79842      -7.510175    
  -46.49521      -19.04896       25.97575    
   9.077032       16.82616      -65.89980    
  -20.32405      -7.599847       38.28657    
