C    -2.1311683655     0.2897419035    -0.1047604829
F    -3.5672314167    -0.4862092435    -2.0340657234
F    -1.8257770538     2.7415568829     0.0272735301
F    -3.6125359535    -0.5090583563     1.9925369024
C     0.5113512874    -0.9742627740     0.1228419691
F     0.3846862316    -3.4128706455     0.1602876782
C     2.7951538563     0.2471384704    -0.0275815278
F     2.8221774101     2.7606065273    -0.0575711280
F     5.0449929237    -0.8185653090    -0.0839485377
 momenta
   18.55758     -0.6885226       60.28646    
   52.08804       44.64988      -50.42416    
  -39.56936      -39.87922      -23.65319    
  -26.09966       8.337555       38.72971    
   38.38583      -5.595247      -5.924812    
  -12.06851      0.8806029       30.96130    
   11.03867       8.933848      -42.89521    
  -26.75431       9.447591       22.37850    
  -1.542489      -25.65421      -27.07924    
