C      -3.2882930731     0.5560421350     0.0280274967
F      -4.5998455044     0.3078221324    -2.1051049787
F      -2.8218650371     2.9956614543     0.3892853324
F      -4.7607547604    -0.2547979579     1.8994098491
C      -0.9010983702    -0.9572933675    -0.0921917448
F      -1.3005152227    -3.4078116786    -0.4772640894
C       1.4354388883    -0.1272885785     0.1319523176
F       2.0982288430     2.2132205487     0.5141951239
F       3.3929789571    -1.6260182976    -0.0126311230
momentum
-47.8040640506426  27.645143866109024  4.648462259625288
-37.47346206034356  -18.271925771988396  -37.5905223527271
33.81554948417025  -40.91751767351631  15.891878632482703
26.33708660230036  -5.6847004092095155  -6.236866503928286
9.011181472595203  24.961278385515225  22.896983050987178
25.811076600633722  25.84623773536883  -10.935489815028756
11.816698409259478  21.56319274348053  40.429870185561434
2.238277685643745  -3.2106784193086595  -26.12406769784505
-23.725009256777494  -31.9627741763079  -3.0793258136030457
