C    -0.0666163042    -1.6352461576     0.1015098915
F     1.8255616426    -2.8798429966     1.4208735228
F     0.5311634541    -1.9282362461    -2.3472924232
F    -2.3330707550    -2.9586601257     0.3868146241
C    -0.1408186704     1.0403670073     0.8126205802
F    -0.8461613655     1.4296394587     3.4156429768
C     0.2340544462     2.9903321266    -0.6019110680
F     0.7796266079     3.0948674679    -2.9609112740
F     0.0415149778     5.2687835693     0.3404122889
 momenta
  -13.07154      -14.78083      -14.02158    
  0.6085908       13.17729      -17.79366    
  -44.41972      -24.19236       41.62094    
  -13.23528       22.30999      -41.04473    
   45.66592      -20.82327       72.69440    
  -12.11804       30.88351       22.64349    
  -13.51007       22.37383      -25.60155    
   20.77705      -31.67260      -2.722275    
   33.32809      0.1842122      -28.98515    
