C    -2.0279707909     0.1876153052    -0.0909358338
F    -3.4145228863    -0.2710846663    -1.9794739485
F    -2.1260879040     2.7284839153     0.1044025123
F    -3.5343837738    -0.5237827897     1.9555832148
C     0.5277379751    -0.9403548241    -0.0553931929
F     0.5064414740    -3.4597804546     0.1876222640
C     2.6602058411     0.3391640484    -0.0139142340
F     2.9168682098     2.6608326435    -0.2463079989
F     4.9058508873    -0.8710605502     0.0584852770
 momenta
   23.63294      -25.86378       10.51847    
   12.20673      -8.069332      -31.09811    
  -25.40428      -2.200834       23.83461    
   10.38556       40.44212       22.18472    
  -16.20961      -18.08168       4.246986    
  -5.905960      -24.02489      -19.42735    
  -24.42941      -30.72742      -41.99385    
   32.57548       34.58276      -1.713720    
  -10.38002       18.61937       27.93765    
