C    -0.1144040823    -1.6952799559     0.1008071303
F     1.5737923384    -2.9015347958     1.5153516531
F     0.4554568529    -1.8418995142    -2.3957741261
F    -2.1707811356    -2.9020924568     0.3900763392
C    -0.2207059860     1.1038510799     0.7504810691
F    -0.7247079015     1.3789023161     3.1895236969
C     0.2035477608     3.0783896446    -0.6696505547
F     0.8037099838     3.0275263786    -3.0252614021
F     0.1398283839     5.2204933167     0.6476850510
 momenta
   1.894964      -12.15291       16.99529    
  -2.501920       6.162601       26.35751    
   30.11684      -21.06078      -16.57163    
  -24.87982       16.76426      -37.63306    
  -19.18436      0.6710992       62.19512    
   34.62730       6.959496      -19.03407    
   8.052824      -16.51616       9.925912    
  -13.21003       25.04370       5.840407    
  -16.61942      -11.69452      -29.86165    
