C      -3.2882930731     0.5560421350     0.0280274967
F      -4.5998455044     0.3078221324    -2.1051049787
F      -2.8218650371     2.9956614543     0.3892853324
F      -4.7607547604    -0.2547979579     1.8994098491
C      -0.9010983702    -0.9572933675    -0.0921917448
F      -1.3005152227    -3.4078116786    -0.4772640894
C       1.4354388883    -0.1272885785     0.1319523176
F       2.0982288430     2.2132205487     0.5141951239
F       3.3929789571    -1.6260182976    -0.0126311230
momentum
28.615878681280524  -0.885341400931012  -16.4290149188917
0.36283520638910227  -11.98957988131474  11.158503803910085
-15.247091350150022  11.48017517492957  14.065274550837781
-22.91934727416894  -5.722480390201  23.685181527034835
-21.005165853371775  23.74543348249593  -5.897901786954038
-5.215921989815697  -19.053535744330038  -43.97363308605901
18.733856300317928  9.548147662126196  45.508157011466736
27.231096881112176  -37.23667310941904  -54.82244305238134
-10.710524495443003  30.089507591517556  26.795171868670476
