C    -2.0724997520     0.2903617024     0.0017100340
F    -3.5442433357    -0.4823631346    -1.9711738825
F    -1.8845906258     2.6887686253    -0.0693456903
F    -3.3845527172    -0.3722227812     2.1443870068
C     0.3275116980    -0.9024256468    -0.0880189836
F     0.6284320354    -3.4632287025    -0.1344500929
C     2.5544936657     0.3123005629    -0.0592476390
F     2.8765735626     2.6675915718    -0.1254436374
F     4.7382507324    -0.8320297599     0.2289468050
 momenta
 -0.4493731       17.93932      -15.02074    
   71.84261     -0.3582845     -0.1077932    
  -21.48576      -7.599606       10.67404    
  -27.28411       8.745540       7.819604    
  -23.78268      -38.92755       33.48262    
  -23.57026       21.56492       2.340812    
   2.649129     -0.2796451       16.06701    
  -15.23823      -8.038759      -5.230100    
   32.91031       2.440738      -42.97601    
