C    -2.0829062462     0.1516459435    -0.0253031738
F    -3.5881175995    -0.3179493546    -1.9893416166
F    -1.8922467232     2.7623445988    -0.1239935979
F    -3.3792488575    -0.6396132112     1.9463589191
C     0.5893983841    -0.9779084921     0.1238883585
F     0.3974143863    -3.4734408855     0.2006007582
C     2.7047557831     0.2834671736     0.0421953946
F     2.9131667614     2.8264272213    -0.0662956238
F     4.7775750160    -0.8299372196    -0.0384680144
 momenta
   11.45377       25.79952      -11.40994    
   44.62107      -35.28532     -0.1215986    
  -34.52040       32.28460       29.19755    
  -4.053707      -13.80520      -14.89043    
   42.65066      -16.54241       47.89478    
  -25.28700       52.14242     -0.5992479    
   11.00389       40.14972      -45.75162    
  -48.61040       3.555912      -2.202369    
   16.13251      -78.18505      -4.094539    
