C    -2.1808257103     0.1796149164     0.0084371967
F    -3.4932889938    -0.5172529221    -1.9384832382
F    -2.0139024258     2.6379168034     0.0180137046
F    -3.5264952183    -0.4759325981     1.9962195158
C     0.4707307518    -0.8214027882    -0.1501768231
F     0.4246164262    -3.2937448025     0.0602517352
C     2.7541673183     0.2929254174    -0.1195704937
F     3.0495302677     2.8250648975    -0.0907799825
F     4.8719792366    -0.9448251128     0.0861383975
 momenta
  -61.34947      -14.48863      -14.52476    
  -31.11424      -9.885571       16.88078    
   19.65824       5.121168      -12.83157    
  0.6820449      0.5245349       1.522327    
   11.10866       8.022218       9.871047    
  -21.09574      -33.11834      -23.55030    
   62.64709       34.46483       12.93930    
   7.948754       18.28925      0.6454048    
   13.94722      -2.938482       10.80220    
