C      -3.2882930731     0.5560421350     0.0280274967
F      -4.5998455044     0.3078221324    -2.1051049787
F      -2.8218650371     2.9956614543     0.3892853324
F      -4.7607547604    -0.2547979579     1.8994098491
C      -0.9010983702    -0.9572933675    -0.0921917448
F      -1.3005152227    -3.4078116786    -0.4772640894
C       1.4354388883    -0.1272885785     0.1319523176
F       2.0982288430     2.2132205487     0.5141951239
F       3.3929789571    -1.6260182976    -0.0126311230
momentum
7.5590555047022  6.3794496907534475  57.971105461848076
-6.015232203754645  -16.864810941729417  -51.15224254310563
-20.53474365255363  3.5985042031069834  -29.834462225951818
47.2828050974374  0.21557483353899093  23.480316726905848
24.71700188006247  -9.24126972229175  -13.539360977673704
-51.47606308894168  33.348035311005525  -11.644270940726734
8.445639694160633  -41.35960834004567  0.7300703899858125
1.790072125716924  -24.394931106624192  15.46224129031314
-11.807139205267937  48.41042788340982  8.421671728573429
