C      -3.2882930731     0.5560421350     0.0280274967
F      -4.5998455044     0.3078221324    -2.1051049787
F      -2.8218650371     2.9956614543     0.3892853324
F      -4.7607547604    -0.2547979579     1.8994098491
C      -0.9010983702    -0.9572933675    -0.0921917448
F      -1.3005152227    -3.4078116786    -0.4772640894
C       1.4354388883    -0.1272885785     0.1319523176
F       2.0982288430     2.2132205487     0.5141951239
F       3.3929789571    -1.6260182976    -0.0126311230
momentum
-4.583125782180845  17.134847379010004  -31.990946643193485
36.49039940734171  -35.70202567248042  -17.190182090335423
-34.47461567199148  -26.518270439813293  7.642002898790629
-22.732399556567078  44.928010102433774  52.939753238144725
3.924252758161847  -20.976904768869872  13.10198436163248
-28.553392705200082  9.4329553922039  -35.49918674114905
-20.73079188519522  0.8783669668370913  37.53927309045829
31.832767431925085  -0.7447428563971644  6.175350762833119
38.65740310516433  11.613601461964853  -32.8809997016596
