C      -3.2882930731     0.5560421350     0.0280274967
F      -4.5998455044     0.3078221324    -2.1051049787
F      -2.8218650371     2.9956614543     0.3892853324
F      -4.7607547604    -0.2547979579     1.8994098491
C      -0.9010983702    -0.9572933675    -0.0921917448
F      -1.3005152227    -3.4078116786    -0.4772640894
C       1.4354388883    -0.1272885785     0.1319523176
F       2.0982288430     2.2132205487     0.5141951239
F       3.3929789571    -1.6260182976    -0.0126311230
momentum
24.56818695329495  -11.083543825622286  13.22461169843839
-21.49552775725964  -28.793713976323954  -1.368450146906577
-11.082292260882022  7.850181590527215  37.910240912546236
-45.88484477089901  24.08062150958673  -6.263342525950624
20.97576528705995  24.382117818049263  -34.96946623698536
46.07994491264797  24.201466503892664  -14.804803612816968
1.3074979294811493  -5.908303938753449  12.645463471508593
12.221034643206556  -14.498830173011353  -26.22684486937356
-26.686882249495284  -20.151753428764586  19.955730831853828
