C      -3.2882930731     0.5560421350     0.0280274967
F      -4.5998455044     0.3078221324    -2.1051049787
F      -2.8218650371     2.9956614543     0.3892853324
F      -4.7607547604    -0.2547979579     1.8994098491
C      -0.9010983702    -0.9572933675    -0.0921917448
F      -1.3005152227    -3.4078116786    -0.4772640894
C       1.4354388883    -0.1272885785     0.1319523176
F       2.0982288430     2.2132205487     0.5141951239
F       3.3929789571    -1.6260182976    -0.0126311230
momentum
-10.017221415675099  -8.849848726741286  10.988254175271875
-42.24214335504503  -16.822354605106693  7.3820519021476985
-14.333542454731642  17.878724710145246  -59.64627356750959
16.17436761493664  -19.574077768088127  25.41850623357979
4.092967388471369  23.68322170775735  -10.231456446046375
-12.509445572755697  16.369933599321428  -22.225957774383897
40.47579758737051  3.158783531984552  11.793099045765855
23.56877985109247  -19.149750520948874  31.782885892179273
-5.224330664974846  3.305588295592359  4.691335393500731
