C      -3.2882930731     0.5560421350     0.0280274967
F      -4.5998455044     0.3078221324    -2.1051049787
F      -2.8218650371     2.9956614543     0.3892853324
F      -4.7607547604    -0.2547979579     1.8994098491
C      -0.9010983702    -0.9572933675    -0.0921917448
F      -1.3005152227    -3.4078116786    -0.4772640894
C       1.4354388883    -0.1272885785     0.1319523176
F       2.0982288430     2.2132205487     0.5141951239
F       3.3929789571    -1.6260182976    -0.0126311230
momentum
-36.24859567626606  -16.037513348772087  7.986533117724355
36.5459387481367  -10.55566989076836  -22.39848270360555
19.536179975880746  -37.488009711794426  5.5293213853060275
-85.60652336088988  22.70439712402737  55.38777241276075
16.697198777628323  -7.00965990424415  -10.126615946298491
-50.915596889912685  -35.86007899197781  -16.11339014693914
16.344049170017684  43.65541209617695  4.4918461134724685
64.75375022726864  -16.432799156890237  -6.1063040538921225
18.940209737315186  56.78446840967802  -18.788601628876258
