C    -2.1461241245     0.3424874842    -0.1086441875
F    -3.5676934719    -0.6993473768    -1.8740307093
F    -1.8814040422     2.8852620125    -0.1783338040
F    -3.1949079037    -0.2585806847     2.1121835709
C     0.5228927135    -0.9900805950    -0.0554426834
F     0.4879983366    -3.5408639908    -0.2291074842
C     2.5756120682     0.2709386647     0.0134681081
F     2.7118821144     2.7164053917     0.0971250460
F     4.8017539978    -0.8579348922     0.1471956074
 momenta
  -46.26249      -12.25231      -2.452709    
  -1.629950       11.66722      -38.84325    
  -67.02594      -6.216800       3.290050    
  -5.987715       9.949841       29.22215    
   28.24247       37.91573      -21.52173    
  -12.09709       1.708249       28.92286    
   24.24179      -36.16630      -5.300298    
   32.09975      -13.06037       18.04956    
   49.58589       4.458221      -17.16095    
