C    -2.0553522110     0.2701523602     0.0433254763
F    -3.3911080360    -0.5979768634    -1.9413871765
F    -2.0700032711     2.8265864849    -0.0463339202
F    -3.4453663826    -0.4592458606     1.9898382425
C     0.5666209459    -0.9358896613     0.0467824303
F     0.4922689497    -3.3730707169     0.0158732496
C     2.7106080055     0.3684405982    -0.0690646842
F     2.9636638165     2.8293220997    -0.0207317937
F     4.6737408638    -1.0208081007    -0.0083767846
 momenta
   32.97105       5.171925      -2.182217    
   2.774163      -34.73298      -10.81970    
   22.16381       53.82466       19.43265    
  -37.04104       7.670169       12.99341    
   15.71712      -46.87276      -8.505095    
  -50.87558      -28.81277      -12.06225    
   31.10119      -32.00079       31.97139    
  -15.31212      -14.56602      -14.60585    
   14.69418       75.09327      -11.93816    
