C      -3.2882930731     0.5560421350     0.0280274967
F      -4.5998455044     0.3078221324    -2.1051049787
F      -2.8218650371     2.9956614543     0.3892853324
F      -4.7607547604    -0.2547979579     1.8994098491
C      -0.9010983702    -0.9572933675    -0.0921917448
F      -1.3005152227    -3.4078116786    -0.4772640894
C       1.4354388883    -0.1272885785     0.1319523176
F       2.0982288430     2.2132205487     0.5141951239
F       3.3929789571    -1.6260182976    -0.0126311230
momentum
37.8551187497268  0.26152286582249856  0.8188935150443108
13.839186003127805  -10.373407790767498  -2.7413242930295882
-21.881843669999057  -0.7841865218151356  40.132521634393555
11.967263252347264  14.552254621690683  -11.360114232954514
10.402365856633322  1.774194746043603  -7.038314800686077
-6.1086285454526035  -15.442094108187733  -18.861675067639272
22.86507264497732  7.566387457786832  14.485509202369002
-12.206519855026771  22.179719987328106  -42.79231264266522
-56.8002490981651  -19.638097762098308  27.38492546156288
