C    -2.0804166794     0.4195507765    -0.1274419129
F    -3.5023519993    -0.7177004218    -1.8394694328
F    -1.9940973520     2.7220389843    -0.2657120824
F    -3.2756342888    -0.2680338621     2.1433963776
C     0.4571915865    -1.0285439491    -0.1138067991
F     0.3993221819    -3.4537639618    -0.1517722160
C     2.5655093193     0.3530839980    -0.0785357654
F     2.9437053204     2.7251024246     0.2583233714
F     4.7921690941    -0.8235634565     0.0155145917
 momenta
  -2.692613       23.55578       19.95363    
   4.823693      -12.78291       5.414533    
   34.97821       23.95286      -47.60510    
  -1.840243      -47.35295       28.16667    
   61.82869      -5.140558       9.454802    
  -37.94461      -8.335844      -26.08080    
  -26.35820       10.06875       30.30187    
   2.692447       16.55819      -7.863821    
  -28.79018       5.243127      0.4576923    
