C      -3.2882930731     0.5560421350     0.0280274967
F      -4.5998455044     0.3078221324    -2.1051049787
F      -2.8218650371     2.9956614543     0.3892853324
F      -4.7607547604    -0.2547979579     1.8994098491
C      -0.9010983702    -0.9572933675    -0.0921917448
F      -1.3005152227    -3.4078116786    -0.4772640894
C       1.4354388883    -0.1272885785     0.1319523176
F       2.0982288430     2.2132205487     0.5141951239
F       3.3929789571    -1.6260182976    -0.0126311230
momentum
34.20531982204929  28.764275162721045  -9.901057915216793
-1.9662187205595145  -13.811479291291466  -27.708025907701234
-20.174912938344555  -0.07017620596111553  1.6848689937855408
28.46330773270825  -9.40178102390529  46.22156245395823
-25.28215555474701  -20.024506863139973  -20.879327149853534
-12.350633194758277  18.212146491266516  -17.147702126174018
9.83810319495518  -30.091959218148887  18.22979062597357
-11.692663135376058  47.059659699569565  -16.473018629992026
-1.1485985003456254  -20.588348997270508  25.989956121940104
