C      -3.2882930731     0.5560421350     0.0280274967
F      -4.5998455044     0.3078221324    -2.1051049787
F      -2.8218650371     2.9956614543     0.3892853324
F      -4.7607547604    -0.2547979579     1.8994098491
C      -0.9010983702    -0.9572933675    -0.0921917448
F      -1.3005152227    -3.4078116786    -0.4772640894
C       1.4354388883    -0.1272885785     0.1319523176
F       2.0982288430     2.2132205487     0.5141951239
F       3.3929789571    -1.6260182976    -0.0126311230
momentum
3.2618658456466005  4.42694138883586  -13.390505672273543
26.96305510909125  6.046707316649386  36.785936158373346
-13.674720572969925  -2.616600547662771  -16.978647686462995
20.159839563012216  25.884579525855045  -18.208761627690766
17.627568482928524  -15.728929253148726  47.261602926018234
11.81078870874175  -2.166956070193991  -42.49934533320504
3.9424863613818673  -17.919386211114432  29.113320212928336
-13.229087031744786  -31.4414729430703  -8.285012466468254
-56.98933367923725  33.64796348314189  -14.041527841074432
