C      -3.2882930731     0.5560421350     0.0280274967
F      -4.5998455044     0.3078221324    -2.1051049787
F      -2.8218650371     2.9956614543     0.3892853324
F      -4.7607547604    -0.2547979579     1.8994098491
C      -0.9010983702    -0.9572933675    -0.0921917448
F      -1.3005152227    -3.4078116786    -0.4772640894
C       1.4354388883    -0.1272885785     0.1319523176
F       2.0982288430     2.2132205487     0.5141951239
F       3.3929789571    -1.6260182976    -0.0126311230
momentum
-8.297470144268528  -11.421746671393624  -16.727367569536675
27.061387195509234  9.232100908255724  7.953558366676322
-49.390075149611235  5.875049304798664  -0.07813735916316594
42.45052324574344  -0.005994267657225647  -15.85753825120688
-45.49099252503609  -22.457691699853708  6.726957494124903
33.09019993077236  0.29609827450381526  18.038138630514567
-58.0690710476453  38.91824519081274  9.754859342436983
75.38969166301746  9.097253490845691  10.47314010589363
-16.74429244057664  -29.348691179700847  -20.27815120024989
