C      -3.2882930731     0.5560421350     0.0280274967
F      -4.5998455044     0.3078221324    -2.1051049787
F      -2.8218650371     2.9956614543     0.3892853324
F      -4.7607547604    -0.2547979579     1.8994098491
C      -0.9010983702    -0.9572933675    -0.0921917448
F      -1.3005152227    -3.4078116786    -0.4772640894
C       1.4354388883    -0.1272885785     0.1319523176
F       2.0982288430     2.2132205487     0.5141951239
F       3.3929789571    -1.6260182976    -0.0126311230
momentum
-32.17059003399181  -28.488950354669022  -1.0909066945310781
-49.9104429687782  -16.708804580848998  -27.50339575792933
36.04157718297934  35.03892996270758  -9.274260357408728
27.80978282637142  -10.824059902122064  20.79283563629484
-16.420549469952984  1.3497144733568962  6.311494517183146
12.842779213698499  21.212335930447903  -6.337594586903519
47.12352427557042  -11.517794157540092  -30.12005168123696
-2.2164521896537974  3.9423965233046  18.566638336237016
-23.02570320534003  5.998785365052474  28.598294984716468
