C    -2.0490541458     0.3426293433     0.0840623453
F    -3.2649304867    -0.5585570335    -2.0537705421
F    -2.0793352127     2.7740015984     0.1032027826
F    -3.5642805099    -0.4654028416     1.9176900387
C     0.4198827147    -1.0069328547     0.3281092346
F     0.4826343358    -3.3681538105     0.0897000656
C     2.5767090321     0.3358347714     0.0821658820
F     3.0042510033     2.8041737080    -0.1550303549
F     4.7826504707    -0.9656727314    -0.1506909728
 momenta
  -1.578177      0.3744977       21.13917    
  -5.741616       5.732579      -40.03226    
   24.95016      -25.80037       4.620895    
   27.83787       19.29167       22.83316    
  -22.33056      -2.397566       1.269902    
   35.78254       26.24098      -14.06665    
  -24.69235       27.78657       3.165835    
  -25.94133      -41.56354      -11.32825    
  -18.28409      -4.358434       17.57361    
