C      -3.2882930731     0.5560421350     0.0280274967
F      -4.5998455044     0.3078221324    -2.1051049787
F      -2.8218650371     2.9956614543     0.3892853324
F      -4.7607547604    -0.2547979579     1.8994098491
C      -0.9010983702    -0.9572933675    -0.0921917448
F      -1.3005152227    -3.4078116786    -0.4772640894
C       1.4354388883    -0.1272885785     0.1319523176
F       2.0982288430     2.2132205487     0.5141951239
F       3.3929789571    -1.6260182976    -0.0126311230
momentum
-7.213966906828047  25.46672532182372  -2.1704021343187194
33.92257850413661  47.70540814242507  14.754758361159654
8.511787852286748  -1.2503396518073486  -42.172046411476984
5.6886164060409055  -43.52013197713399  34.89950653889543
13.240694635311016  -30.642232025198933  2.814474463681719
20.63326783303352  -25.89552831135509  -2.1436972316502034
20.245438686598753  10.038518111077446  -15.790687783522289
-14.899156951928335  35.10612880765835  -9.65822698922146
-80.0118470891814  -17.151037736462428  19.328358850632767
