C    -0.0116219269    -1.7468535900     0.0771450400
F     1.6824227571    -2.8914344311     1.3936880827
F     0.6421464682    -1.8122689724    -2.1986122131
F    -2.3775417805    -2.8792273998     0.3122656047
C    -0.1588759422     0.9665371776     0.7947425246
F    -0.7055141926     1.3132567406     3.4097259045
C     0.3449767232     3.1015310287    -0.6673939228
F     0.6135281324     3.1576750278    -3.0390675068
F     0.0691375732     5.1763534546     0.4313023090
 momenta
   10.87798      -28.49220       27.04374    
  -58.91053      -10.53750      -27.38358    
   27.80514       33.84675     -0.7517285    
  -1.427669       16.19239       5.121157    
   8.149146      -18.74776      -11.37436    
   39.26484      -1.470597      -8.606833    
  -32.68442      -16.45630      -2.289408    
  -7.741138       25.05321       4.573435    
   11.79130      -12.44472       16.37858    
