C      -3.2882930731     0.5560421350     0.0280274967
F      -4.5998455044     0.3078221324    -2.1051049787
F      -2.8218650371     2.9956614543     0.3892853324
F      -4.7607547604    -0.2547979579     1.8994098491
C      -0.9010983702    -0.9572933675    -0.0921917448
F      -1.3005152227    -3.4078116786    -0.4772640894
C       1.4354388883    -0.1272885785     0.1319523176
F       2.0982288430     2.2132205487     0.5141951239
F       3.3929789571    -1.6260182976    -0.0126311230
momentum
43.0045831258276  25.697951514752305  -18.964513741887465
28.20304695242826  -16.532176643915964  21.19297568133785
28.695272589150804  -9.683548683397804  -19.499442481021077
-28.67942011157122  -1.1868287878632475  23.441253816509384
-22.96590297743637  3.710946854888701  16.909429838075994
21.44109234401896  -5.615256742215382  -23.24033859829857
1.5759516091267185  -3.8577561337203123  10.959461157609274
-11.89438922350508  -3.820795651220061  9.50322973970911
-59.46899822849919  11.244855397383303  -20.370019743767127
