C      -3.2882930731     0.5560421350     0.0280274967
F      -4.5998455044     0.3078221324    -2.1051049787
F      -2.8218650371     2.9956614543     0.3892853324
F      -4.7607547604    -0.2547979579     1.8994098491
C      -0.9010983702    -0.9572933675    -0.0921917448
F      -1.3005152227    -3.4078116786    -0.4772640894
C       1.4354388883    -0.1272885785     0.1319523176
F       2.0982288430     2.2132205487     0.5141951239
F       3.3929789571    -1.6260182976    -0.0126311230
momentum
60.69498205813591  53.44770068440762  -0.11053087352268126
9.53677111807512  -38.24381359562445  61.165615087674425
1.4767321918972833  51.549859556928574  -34.52942886186187
8.042344462356574  22.280816428645302  16.802993467471772
-18.19440458896944  -21.73888696926973  -10.294122056416551
43.83246661455801  -29.851192598164523  -94.9308285765122
8.461049493684012  -13.831091198860632  43.92687069112814
-81.89277029696295  -10.966303606107354  -20.335050303007012
-32.24122919764703  -12.501680117856289  38.1412302962165
