C    -2.2934198380     0.1890164614    -0.1276304275
F    -3.6538290977    -0.6354663968    -1.8852837086
F    -2.0365498066     2.7294824123    -0.1743643582
F    -3.2186934948    -0.4231884181     2.0710103512
C     0.4777528048    -0.8500630260    -0.1007840931
F     0.3863248527    -3.2776696682    -0.1040601805
C     2.6845989227     0.2832184434    -0.0494058505
F     3.0634052753     2.7393488884     0.0758406818
F     4.8591079712    -0.8867839575     0.1565864831
 momenta
  -3.342866      -18.80138      -32.80195    
  -45.87991      -68.87589       18.39606    
   20.03053       54.77317      -34.34183    
  -33.36062       20.46215       37.31565    
   16.84830      -46.88094       30.73588    
 -0.6382176      -6.055511      -61.98624    
   42.91280       10.51347       20.07455    
   28.02291       62.78381       35.80211    
  -13.13272      -19.20903      -9.473245    
