C      -3.2882930731     0.5560421350     0.0280274967
F      -4.5998455044     0.3078221324    -2.1051049787
F      -2.8218650371     2.9956614543     0.3892853324
F      -4.7607547604    -0.2547979579     1.8994098491
C      -0.9010983702    -0.9572933675    -0.0921917448
F      -1.3005152227    -3.4078116786    -0.4772640894
C       1.4354388883    -0.1272885785     0.1319523176
F       2.0982288430     2.2132205487     0.5141951239
F       3.3929789571    -1.6260182976    -0.0126311230
momentum
7.2230729761797505  20.374427770591055  -3.2803161546543103
-2.444837750064093  34.87801372569813  6.964283347176073
-22.792131171930478  -27.533926697682368  -11.374071208630943
-13.45330477426551  19.30617308125153  20.6411670078379
31.71403966835999  26.23379803709934  -14.089246001828494
29.92416431694997  -51.332628459011445  -7.089243428754137
39.982290627493754  19.427526792665613  -4.021248874748212
-42.69472857960564  -36.35790733904298  -2.525456718024933
-27.529290595574118  -5.2389545969742874  14.750337730237039
