C    -2.2308602333     0.1900587082     0.1012513712
F    -3.6628360748    -0.4641243517    -2.0324356556
F    -2.0141141415     2.7983868122    -0.2096507847
F    -3.1342813969    -0.4995773733     2.1604821682
C     0.3807179630    -0.9036309719    -0.0687535107
F     0.5970157981    -3.3530178070    -0.1206037700
C     2.4823162556     0.3382992446    -0.0344901197
F     2.9843833447     2.6919620037    -0.0758107081
F     4.7482886314    -0.9294430614     0.2790248692
 momenta
   23.17553       24.96557      -1.290002    
  -31.36629       10.55315      -20.67161    
  -2.228414       32.12002      -10.95780    
   12.81824      -32.05467      -3.466862    
   22.73675      -28.50818       59.95988    
  -22.64882      -32.22309      -2.807524    
   26.21472       28.50340       17.00844    
  -7.246426      -29.11265      -17.54225    
  -6.787328       30.86503      -4.768157    
