C    -2.1509640217     0.2457659394     0.0912067369
F    -3.4321362972    -0.7218205929    -1.8906518221
F    -2.0055496693     2.7887709141    -0.1847612560
F    -3.4778718948    -0.3192650676     2.0489552021
C     0.5648219585    -0.9390046597     0.2603865862
F     0.5174798369    -3.2965371609    -0.1927026659
C     2.7123584747     0.3464984000     0.0367265642
F     2.9641468525     2.7343306541     0.0843916535
F     4.7051014900    -0.9557594061    -0.0607130900
 momenta
   37.39584       25.42517      -10.15652    
   48.88934      -34.55575      -7.492533    
  -38.63847       20.47216      -9.848705    
   58.24034       6.206023       36.22531    
  -27.46218      -18.21896      -8.090653    
  -64.35713      -21.54394      -33.83529    
   35.64604       1.679417       19.94095    
  -10.83387       7.670575       1.537434    
  -29.76349       14.48377       12.05563    
