C    -2.0120167732     0.3766246736     0.0182906818
F    -3.4199678898    -0.5204932690    -1.9376897812
F    -1.9647285938     2.7517971992    -0.2670124769
F    -3.3146672249    -0.4016237855     2.1338951588
C     0.4503761232    -1.0409784317     0.0781372786
F     0.4087054133    -3.4749894142    -0.0624341108
C     2.5631098747     0.3293524384     0.0206994582
F     2.7887482643     2.7208464146     0.1081307530
F     4.8353252411    -0.8522695303    -0.0341791697
 momenta
   40.34112      -40.30147      -7.279330    
   13.38471       12.92955       31.14025    
   42.50679      -22.72328       12.14544    
  -34.25856      -7.334263      -11.82969    
   40.51766       11.71266       2.910900    
  -51.19960       8.036375      -2.093382    
   8.473462       5.575279      -46.72717    
  -30.75224       21.28804      -11.63211    
  -10.51725       6.078397       22.88501    
