C      -3.2882930731     0.5560421350     0.0280274967
F      -4.5998455044     0.3078221324    -2.1051049787
F      -2.8218650371     2.9956614543     0.3892853324
F      -4.7607547604    -0.2547979579     1.8994098491
C      -0.9010983702    -0.9572933675    -0.0921917448
F      -1.3005152227    -3.4078116786    -0.4772640894
C       1.4354388883    -0.1272885785     0.1319523176
F       2.0982288430     2.2132205487     0.5141951239
F       3.3929789571    -1.6260182976    -0.0126311230
momentum
-19.360020250038385  -23.866523166395314  20.904801429402983
-37.893754527537304  37.96428245333563  18.56001123367347
32.082640731685125  -53.64477079720649  -31.120394974505526
-57.48293838362508  50.519165880081154  1.898174598698232
22.54160135689291  2.981003256329291  -12.642362106514993
33.45188671739242  -50.0887270865715  -2.83827012276558
-32.72238978537113  -31.833197434401576  -28.105030520527546
22.31340183830806  34.11276835907079  37.37013613334302
37.1711427694407  33.536006621145006  -4.0170033877517755
