C    -0.0323580056    -1.7151850462     0.0721944049
F     1.7716869116    -2.7889928818     1.2519475222
F     0.6172933578    -1.8194819689    -2.1670064926
F    -2.2666602135    -2.9285478592     0.3872413039
C    -0.1315503865     0.9773312807     0.8023479581
F    -0.8120076656     1.2868266106     3.4773502350
C     0.1375754029     3.0049293041    -0.5249383450
F     0.5838905573     2.9855263233    -3.1275062561
F     0.1304108500     5.3559994698     0.4143781662
 momenta
   25.38371      0.4841119       1.501705    
   9.105387       2.628163      -28.75902    
  -8.008863       9.177918       8.472926    
   5.613498      -7.554230       8.762091    
  -1.409608      6.8492875E-03   65.79692    
  -27.20926      -22.10459      -11.87099    
   27.84960      -17.02603      -24.39054    
  -13.89752       30.38793      -15.16735    
  -6.840001      0.5428328       4.495093    
