C      -3.2882930731     0.5560421350     0.0280274967
F      -4.5998455044     0.3078221324    -2.1051049787
F      -2.8218650371     2.9956614543     0.3892853324
F      -4.7607547604    -0.2547979579     1.8994098491
C      -0.9010983702    -0.9572933675    -0.0921917448
F      -1.3005152227    -3.4078116786    -0.4772640894
C       1.4354388883    -0.1272885785     0.1319523176
F       2.0982288430     2.2132205487     0.5141951239
F       3.3929789571    -1.6260182976    -0.0126311230
momentum
-3.8172374287143844  -2.8462450688354446  5.143743923750768
-51.4334920047938  -0.17324633510521112  -7.17334284181937
3.25006683432483  3.7869607247240014  18.098176468641036
57.10736083694597  -2.967165512743158  -18.371313826387077
52.2763505568617  -10.881393223331667  3.6619732765795545
-13.099404665449212  36.094208136869064  -20.039434828118157
-15.629322437419226  23.07089851067825  -24.43598499444781
-44.15177402407647  -3.614145778194931  -24.25624818591501
15.549179492298482  -42.445687015229495  67.46049473349355
