C      -3.2882930731     0.5560421350     0.0280274967
F      -4.5998455044     0.3078221324    -2.1051049787
F      -2.8218650371     2.9956614543     0.3892853324
F      -4.7607547604    -0.2547979579     1.8994098491
C      -0.9010983702    -0.9572933675    -0.0921917448
F      -1.3005152227    -3.4078116786    -0.4772640894
C       1.4354388883    -0.1272885785     0.1319523176
F       2.0982288430     2.2132205487     0.5141951239
F       3.3929789571    -1.6260182976    -0.0126311230
momentum
-12.785517748046301  -18.206624854127128  -20.99954531609548
52.38363985966986  13.642294524962088  27.621216452755586
19.09044459991099  -50.14859015708366  -6.284715960072521
4.319200488929704  6.584568450068941  8.579513540151453
2.30271354085236  12.424796734287087  -43.02948251947099
-61.06343463190522  -6.081686453030732  25.18593889740798
0.3236209010036311  -7.13404480429737  15.263791664014759
19.635815749714048  -6.195737271280546  17.98650937356443
-24.2348547860492  55.04438057877647  -24.17139498217445
