C    -0.0487372018    -1.8473657370     0.0728654861
F     1.5771094561    -3.1141588688     1.5133106709
F     0.6770489216    -1.9159089327    -2.4892971516
F    -2.2011435032    -2.7099239826     0.4940815866
C    -0.1855339110     1.0926104784     0.6634632349
F    -0.9361020923     1.3549864292     3.0708477497
C     0.2400080264     3.1085803509    -0.3241548240
F     0.7584565878     3.0733420849    -2.8525965214
F     0.1326252520     5.3597121239     0.4691855907
 momenta
   7.787174      -8.647667       35.60720    
  -68.31458      -11.35519      -22.09644    
  -21.11539       22.13255      -7.607518    
   6.225320       32.29319      -18.91133    
   58.98162       5.082457       18.84943    
  -4.461335      -44.94932      -20.07431    
  -5.938182      -18.31727       32.93247    
   3.976448       3.395462       4.734952    
   35.14763       16.04355      -5.475725    
