C    -2.1796314716     0.2182198465    -0.0443847217
F    -3.4949047565    -0.7616596818    -1.8608206511
F    -2.2007963657     2.7215583324    -0.1897643805
F    -3.3572866917    -0.3687001765     2.1064100266
C     0.3707553446    -0.7485541701    -0.0490697920
F     0.4435398281    -3.2388813496    -0.1670500487
C     2.7084774971     0.3839506507    -0.0799915567
F     3.2605996132     2.7408123016     0.1331516057
F     4.7334384918    -0.9636639953     0.0654427111
 momenta
   46.94269      -3.243184      -1.097194    
  -53.92699       8.065854      -42.92580    
   45.09053      -6.706562     -0.6181760    
  -11.94062      -47.54304       26.14671    
   22.40848      -28.20173      -35.28662    
  -26.92935       27.60297       37.96378    
  -6.868818      -36.12971       28.18856    
   20.37118       56.98577      -10.83285    
  -22.33730       15.10262      -3.171275    
