C    -0.0374233983    -1.6859613657     0.1579157561
F     1.7151845694    -2.9535453320     1.2870340347
F     0.8022007346    -1.8693288565    -2.3209202290
F    -2.4428226948    -2.8684496880     0.4047993124
C    -0.2117322683     0.9402500987     1.1825056076
F    -0.7481378913     1.2892762423     3.3454399109
C     0.0919249803     3.1427729130    -0.5040277839
F     0.7229014039     3.0593605042    -2.9613883495
F     0.0414614119     5.3687591553     0.2368038148
 momenta
  -37.19657       22.69920       15.50949    
   19.55976      -39.76590      -26.23566    
   7.052880       27.66539      -11.44691    
   7.106703      -21.10275       21.92369    
  -22.48279      -8.414685       5.830197    
   13.88137       41.51190       1.987349    
  -16.18645      0.4564792      -6.611891    
   33.56490      -21.39042       19.38008    
  -20.85991       1.281329      -17.38822    
