C    -2.1048913002     0.2800348699    -0.0403282493
F    -3.4003562927    -0.5057571530    -2.0454638004
F    -2.0141422749     2.7708971500    -0.0391331948
F    -3.3849394321    -0.4721897840     2.0025229454
C     0.4909167290    -0.8343483806    -0.0075744893
F     0.3448776603    -3.4277989864     0.1844342947
C     2.7761867046     0.1895383447     0.0649699122
F     2.8398187160     2.6904511452     0.0312541202
F     4.8675298691    -0.8171252608    -0.1427038163
 momenta
  -34.71358       4.095144       64.21123    
   14.85176       23.67570      -28.72732    
  -7.955919      -43.54920      -19.67184    
  -34.01969       7.455836       4.291983    
   20.15982      -1.688002      -2.354564    
  -19.60313      -34.63574       13.07901    
   16.61795      -3.191187       16.20991    
   44.33602       14.34422       3.054974    
  0.7787088       33.40197      -34.04038    
