C    -0.0209371261    -1.7646561861     0.0242489167
F     1.6175005436    -2.9340512753     1.4056583643
F     0.7128918171    -1.9572582245    -2.3031685352
F    -2.1743564606    -2.7851166725     0.3277504146
C    -0.1715121567     1.0156437159     0.8581519723
F    -0.8573328853     1.2467124462     3.3242752552
C     0.0914408788     3.0694153309    -0.5123785734
F     0.7531436682     3.0438876152    -2.9336197376
F     0.0104943961     5.4506497383     0.4053101838
 momenta
   1.186730      0.9887241      -12.17043    
  0.6952250       6.398324      -9.296295    
  -29.09139       12.92324      -18.50917    
   22.43674       1.233934       44.05340    
   66.55576      -18.04491      -31.90278    
  -27.83192      -47.98385      -7.519135    
  -13.47674       37.70173      -8.807922    
  -5.458715       57.95735       10.72161    
  -4.006604      -46.83187       22.64692    
