C    -2.2010970116     0.2334589064     0.0100220768
F    -3.5589933395    -0.8034426570    -1.8655279875
F    -2.1185593605     2.9058318138    -0.2321225107
F    -3.3099417686    -0.2794426978     2.2074916363
C     0.3169089556    -0.7702448964    -0.1616071463
F     0.6625857949    -3.3843696117    -0.2978436351
C     2.6073343754     0.3452481031    -0.2001683116
F     3.0929675102     2.7198390961     0.1519445628
F     4.7047829628    -1.0061105490     0.2127165347
 momenta
   25.16557       56.08002      -10.32402    
  -10.44046      -14.46104       26.78032    
   1.024482      -1.253079       21.20854    
   26.82777       10.46406      -47.31763    
   20.45934      -30.07129       24.87685    
   2.182547      -18.09283      -19.74688    
   12.62761       3.726811       24.74889    
  -37.65519       2.632689      -21.32926    
  -28.22228      -2.927782       9.054323    
