C    -0.0865829512    -1.6345140934     0.1086180136
F     1.6472295523    -3.0379807949     1.5704984665
F     0.7084568143    -1.8304891586    -2.5104346275
F    -2.4417350292    -2.6718664169     0.4793191552
C    -0.1619068533     0.9511363506     1.0135638714
F    -0.6294216514     1.2352925539     3.0101528168
C     0.2581500709     3.0281143188    -0.4473473430
F     0.5827248693     3.1011235714    -2.8843960762
F     0.1393886656     5.2565608025     0.4082838893
 momenta
 -0.9800517      -6.967441       45.70325    
   10.25151      -25.32617       22.34529    
  -23.27395       1.324833      -9.658284    
   17.15134       53.77693      -46.79480    
   24.04717       19.12723       1.196487    
   39.65190       17.75607      -24.25186    
  -30.19284      -1.792238       33.93510    
  -17.63109      -40.90916       21.08592    
  -20.42052      -14.85475      -27.14644    
