C      -3.2882930731     0.5560421350     0.0280274967
F      -4.5998455044     0.3078221324    -2.1051049787
F      -2.8218650371     2.9956614543     0.3892853324
F      -4.7607547604    -0.2547979579     1.8994098491
C      -0.9010983702    -0.9572933675    -0.0921917448
F      -1.3005152227    -3.4078116786    -0.4772640894
C       1.4354388883    -0.1272885785     0.1319523176
F       2.0982288430     2.2132205487     0.5141951239
F       3.3929789571    -1.6260182976    -0.0126311230
momentum
31.78022847089747  -3.0685231979454457  9.843081515400263
-29.946849507549484  -15.199070845969441  -2.988251404842442
5.288904359325577  65.08909948212867  -5.422667267993197
19.165451771115283  -28.751600516374467  3.233042738115298
39.80995232237332  -7.981978335616361  -52.64343329596046
-40.67559512480005  -7.313785499081007  8.466913315715647
-32.443698327842775  5.820567191592706  39.11514480696532
-29.983475356045936  -8.122740498586174  -12.765355698200294
36.90070910276947  -0.4149001918247627  13.461868304362856
