C    -2.3088552952     0.3326324224    -0.0527497120
F    -3.3806002140    -0.6922220588    -1.9977869987
F    -1.9821152687     2.8729314804    -0.0549132563
F    -3.4834640026    -0.3829750717     2.0769410133
C     0.3657004237    -1.0065157413     0.0185487214
F     0.5017337203    -3.3654739857     0.0488872677
C     2.6761126518     0.1785143167    -0.1741622388
F     2.9791891575     2.7064619064     0.1303130090
F     4.8337845802    -0.8344471455    -0.0993734226
 momenta
   43.36171       27.14323      -24.46609    
  -65.76041      -10.88247       7.778379    
  -5.932886       14.09798     -0.2372219    
   10.23094       5.050589      -34.10075    
   27.96501      -14.02835       9.725235    
   29.17602       19.68881       26.84099    
   32.98008      -59.60163      -16.53600    
  -24.24999      -1.813573       41.50539    
  -26.24984       10.67865      -16.94370    
