C      -3.2882930731     0.5560421350     0.0280274967
F      -4.5998455044     0.3078221324    -2.1051049787
F      -2.8218650371     2.9956614543     0.3892853324
F      -4.7607547604    -0.2547979579     1.8994098491
C      -0.9010983702    -0.9572933675    -0.0921917448
F      -1.3005152227    -3.4078116786    -0.4772640894
C       1.4354388883    -0.1272885785     0.1319523176
F       2.0982288430     2.2132205487     0.5141951239
F       3.3929789571    -1.6260182976    -0.0126311230
momentum
-12.98870377233365  -55.122695875211726  8.775434370195239
19.69927483238556  2.52038432654474  1.076431358932815
-42.98926722651924  -23.76438517710697  19.42469219894319
53.17269047017449  66.81572208413588  -59.651981974170695
32.756450982122416  15.770356884553681  19.00408396262011
-15.162305158615554  4.0814148185041885  21.004606409142443
-70.23344347110299  -4.714737385255866  -13.424267730311787
29.369954674708204  -10.882470026585771  39.65316304346584
6.369607159587802  5.502390991094913  -35.76588623771305
