C      -3.2882930731     0.5560421350     0.0280274967
F      -4.5998455044     0.3078221324    -2.1051049787
F      -2.8218650371     2.9956614543     0.3892853324
F      -4.7607547604    -0.2547979579     1.8994098491
C      -0.9010983702    -0.9572933675    -0.0921917448
F      -1.3005152227    -3.4078116786    -0.4772640894
C       1.4354388883    -0.1272885785     0.1319523176
F       2.0982288430     2.2132205487     0.5141951239
F       3.3929789571    -1.6260182976    -0.0126311230
momentum
-12.23600121208513  0.7981790636521472  -14.24655197562612
-15.873705271570088  -4.409671834336401  19.308231912339757
-38.835389213651375  -13.011422238905261  -10.125077033414136
-4.95461682832929  37.68248743538871  -14.236078095492774
-15.50455572099531  44.00679776461002  41.08829421297708
22.827690850728388  -74.40031070644928  -32.412613343423054
-37.26002752345735  -28.48768797402599  24.782809447812102
62.59939722355444  23.38691421860424  7.3348758640060305
39.157604932956275  14.38693120825831  -21.453851052402445
