C      -3.2882930731     0.5560421350     0.0280274967
F      -4.5998455044     0.3078221324    -2.1051049787
F      -2.8218650371     2.9956614543     0.3892853324
F      -4.7607547604    -0.2547979579     1.8994098491
C      -0.9010983702    -0.9572933675    -0.0921917448
F      -1.3005152227    -3.4078116786    -0.4772640894
C       1.4354388883    -0.1272885785     0.1319523176
F       2.0982288430     2.2132205487     0.5141951239
F       3.3929789571    -1.6260182976    -0.0126311230
momentum
-18.614967716588982  0.9085842746159464  -48.44378928319563
32.07678811179925  16.416230211585635  -14.85901923038603
-23.284386666052786  -0.38025714340909056  23.304171807258147
3.464792581686343  14.079245963602286  24.613204224641198
78.71901700473526  12.567332678957722  25.93438331991628
-24.12311255590149  -34.50251752096515  17.750377473324352
-22.650130669386513  -26.849666154581552  -25.619354153555253
-9.107647386505251  -5.127370513119332  9.844778915022294
-16.463491100146122  22.769681103997375  -12.402349880330364
