C      -3.2882930731     0.5560421350     0.0280274967
F      -4.5998455044     0.3078221324    -2.1051049787
F      -2.8218650371     2.9956614543     0.3892853324
F      -4.7607547604    -0.2547979579     1.8994098491
C      -0.9010983702    -0.9572933675    -0.0921917448
F      -1.3005152227    -3.4078116786    -0.4772640894
C       1.4354388883    -0.1272885785     0.1319523176
F       2.0982288430     2.2132205487     0.5141951239
F       3.3929789571    -1.6260182976    -0.0126311230
momentum
-20.81521368976317  29.19794416865651  4.311325942004591
-47.19845258193168  -34.20385050143929  -26.836021666498365
5.0752575704092315  -14.15857094103863  -4.046241629955162
23.69896239460858  25.904867500809026  1.7402612157418427
28.27881348698766  24.083289687510376  -9.491993999418641
18.96001971221734  -25.886291613109215  -3.3626908269526354
-0.19265463147255532  43.966091243926044  30.82725528184558
9.911796986209819  -53.25190036655071  26.551370143563844
-17.834039042144404  4.2668905321642905  -19.72926536184186
