C    -0.0757166594    -1.5730186701    -0.0473189019
F     1.7119027376    -3.0500204563     1.4904737473
F     0.4962750673    -1.8718633652    -2.5287444592
F    -2.3241531849    -2.8178288937     0.4872268140
C    -0.1195188537     1.0664247274     1.0206084251
F    -0.7124214172     1.3679316044     3.2210490704
C     0.1543612927     3.1606326103    -0.4856407642
F     0.8484272361     3.0834212303    -2.7571051121
F     0.0122459382     5.1854662895     0.2546102405
 momenta
  -13.23393      -20.46148       14.30658    
   4.312102       54.90556       23.94510    
  -75.45033     -0.9927494      -35.13820    
   26.93313       15.14781      -5.725406    
   16.06862      -22.01299      -15.34522    
   13.04192      -25.96584      -3.390688    
   15.81909      -31.09674       10.95794    
   14.69938       12.12411       3.653981    
   1.630824       3.200970       8.873143    
