C    -1.9870034456     0.1638185680    -0.1136268079
F    -3.4240844250    -0.6550128460    -2.1011145115
F    -1.9303323030     2.8666496277    -0.0390923470
F    -3.3198759556    -0.3180661500     2.1189346313
C     0.4217887223    -0.9670522809     0.0095050605
F     0.4743403792    -3.5167775154     0.0479066893
C     2.4559664726     0.2960155010     0.0680860206
F     2.8834791183     2.8220412731     0.1041176319
F     4.7053880692    -0.8888077140    -0.1135495380
 momenta
  -39.35642       6.607747       47.51274    
   25.66680      -22.38871       9.799919    
   3.842614       25.88141       3.646743    
  -1.668123       6.313440       2.206593    
   5.443986      -9.569113      -21.31361    
  -17.40778      -10.66027      -38.24527    
   18.73420      -1.145449      -30.79065    
   9.045327      -42.45671      -20.15479    
  -7.474141       46.66399       46.35785    
