C    -0.0294260643    -1.7653028965     0.1076051891
F     1.6181547642    -2.9530990124     1.4601579905
F     0.7372366190    -1.8402177095    -2.4626116753
F    -2.3592252731    -2.7458732128     0.4800038040
C    -0.2556590736     0.9106076360     0.9859119058
F    -0.5661984682     1.2961349487     3.1341590881
C    -0.0745471269     3.1288845539    -0.5159912109
F     0.7520957589     2.9499437809    -2.9131698608
F     0.0102356924     5.3810515404     0.4234672189
 momenta
  -1.305359      -1.678265       33.22816    
  -20.32759      -27.27467      -13.35146    
 -0.9149964       43.41077       16.86275    
   16.94907      -3.871569      -27.09748    
  -4.142241      -20.73994      -2.563220    
  -21.72067      -10.76525      -3.261439    
  -14.88940      -7.493180       1.631041    
   20.85598      -6.495244      -11.60944    
   21.17848       28.77354       12.71845    
