C    -0.1860793084    -1.7865278721     0.0786139444
F     1.5473732948    -3.1567621231     1.5542181730
F     0.7440907359    -1.8402745724    -2.5020520687
F    -2.2561848164    -2.7497477531     0.5036857128
C    -0.2394118756     1.1199717522     0.8569598198
F    -0.7598351836     1.3278702497     2.9769172668
C     0.1600104421     3.1152610779    -0.5707262158
F     0.8231458068     3.1431419849    -2.8713088036
F     0.0459426306     5.2765192986     0.5678707957
 momenta
   26.56694       12.73334      -12.76452    
   14.54442     -0.4683292      -27.28281    
  -6.353421       15.80973       30.99667    
  -19.66187      -11.18382       28.86822    
  -25.83627      -35.84742       4.563898    
  -45.34876      -40.97917       4.003446    
   5.526921       75.80071      -45.83117    
   11.04970      -35.34283      -21.12971    
   40.60484       30.41328       27.50285    
