C    -2.0707089901     0.2659412324     0.0067555397
F    -3.6820745468    -0.6590158343    -1.7659419775
F    -2.0528180599     2.6907062531    -0.3268667459
F    -3.3255529404    -0.3614470363     2.0492725372
C     0.5088739395    -0.8475134969    -0.2109338492
F     0.5357630849    -3.2949271202    -0.1441989094
C     2.6787781715     0.3561947942     0.0487596467
F     3.0665025711     2.7574915886     0.2046125531
F     4.7338399887    -0.9639475346     0.0611936525
 momenta
   4.805379      -19.69939       29.22514    
   48.23836      0.5066700      -3.717927    
   2.719347      -10.27545       39.30602    
   4.075844       10.37619      -20.73098    
   15.69367      -29.10166      -11.63525    
  -59.94505      0.4417661       5.623130    
   12.91027       7.724957      -50.33291    
  -14.14070       16.20289      -20.85936    
  -7.448860       15.37048       26.33446    
