C    -2.1312093735     0.2613745332    -0.2129320353
F    -3.5889048576    -0.5163782239    -1.9459048510
F    -2.0548245907     2.8464331627    -0.1222625077
F    -3.3202433586    -0.3805070221     2.0622901917
C     0.4923968315    -0.9877924919     0.0697481185
F     0.5772871375    -3.4508354664    -0.0076579107
C     2.6479346752     0.2454124838     0.0416765288
F     2.8842058182     2.6689341068     0.0514425524
F     4.8320102692    -0.8703827858     0.0127685787
 momenta
  -10.76246       18.75451      -28.52782    
  -5.823708      -27.72379       10.85419    
  -42.17514       59.96764       33.34570    
  -14.41961       10.75569      -25.00765    
  -4.269141      -59.76615      -29.37216    
   48.65873       15.56037       32.48114    
  -14.84792       10.97604      -12.85005    
   18.61252      -6.355242       21.51016    
   18.90463      -28.31057      -17.04248    
