C      -3.2882930731     0.5560421350     0.0280274967
F      -4.5998455044     0.3078221324    -2.1051049787
F      -2.8218650371     2.9956614543     0.3892853324
F      -4.7607547604    -0.2547979579     1.8994098491
C      -0.9010983702    -0.9572933675    -0.0921917448
F      -1.3005152227    -3.4078116786    -0.4772640894
C       1.4354388883    -0.1272885785     0.1319523176
F       2.0982288430     2.2132205487     0.5141951239
F       3.3929789571    -1.6260182976    -0.0126311230
momentum
-22.68590495260111  26.420065766294233  -20.799276661340457
-26.272231006865137  -13.877180607452768  -4.2529926338319735
25.050097685394466  -21.94412886501504  8.302079183422347
-6.562461774523897  -19.943670004405938  14.955904262808705
1.3396522132215107  4.481798233775829  -13.306048045900823
-37.29468822687712  -8.77054735914023  2.5697460949274524
39.18188059082749  25.755135934243423  10.025290047314714
5.5696740427885105  -3.038204838882763  -7.899250892454206
21.665533606734268  10.759581712373558  10.414486156291852
