C      -3.2882930731     0.5560421350     0.0280274967
F      -4.5998455044     0.3078221324    -2.1051049787
F      -2.8218650371     2.9956614543     0.3892853324
F      -4.7607547604    -0.2547979579     1.8994098491
C      -0.9010983702    -0.9572933675    -0.0921917448
F      -1.3005152227    -3.4078116786    -0.4772640894
C       1.4354388883    -0.1272885785     0.1319523176
F       2.0982288430     2.2132205487     0.5141951239
F       3.3929789571    -1.6260182976    -0.0126311230
momentum
-15.263118779466225  -8.984675899293364  33.55317713607176
-50.267498815639634  -2.9608693115968014  -26.47312049846827
47.98879591673346  4.290525042266768  -46.93065397621172
51.892300935097374  19.486533969045368  18.751568997173415
13.773244277570894  29.20098979956928  3.521613984697194
22.3834935961713  -36.444582122425295  -30.413196046163332
17.00192872274486  19.313665995688222  6.2037158242161885
-64.8846767149825  -1.0028232913215889  26.789726336757347
-22.681663836449864  -23.039913731756805  14.961712386626322
