C      -3.2882930731     0.5560421350     0.0280274967
F      -4.5998455044     0.3078221324    -2.1051049787
F      -2.8218650371     2.9956614543     0.3892853324
F      -4.7607547604    -0.2547979579     1.8994098491
C      -0.9010983702    -0.9572933675    -0.0921917448
F      -1.3005152227    -3.4078116786    -0.4772640894
C       1.4354388883    -0.1272885785     0.1319523176
F       2.0982288430     2.2132205487     0.5141951239
F       3.3929789571    -1.6260182976    -0.0126311230
momentum
-22.307933177646063  21.99658635340718  6.177007369807951
-17.4310526917791  5.5570085084801395  6.690026138169086
20.640385660714  6.333344919432463  -0.3891314973988126
-4.630515019322625  10.953008026526991  3.5968834221037986
-16.76929766760564  35.31376150666529  -11.014171382904282
48.76168884926751  -48.366948007202126  -25.028780406854047
-21.44473418841134  -29.89353796721955  25.515398247130356
-18.11148732157862  -19.658519459727437  -25.224850704141446
31.227463064678236  17.642895527629484  19.786913378668682
