C     0.1139168963    -1.7507109642     0.0604010746
F     1.6804027557    -2.9314606190     1.4471656084
F     0.5941705704    -1.7993247509    -2.3308312893
F    -2.1991577148    -2.9203343391     0.3184816241
C    -0.1398606151     0.8435780406     0.7261338234
F    -0.9025283456     1.2835756540     3.3897159100
C     0.1989577413     3.1161344051    -0.5155962110
F     0.7767070532     3.1523261070    -2.9503428936
F    -0.0249170009     5.3353285789     0.4016554356
 momenta
   17.93425      -47.88130      -25.33219    
  -39.50543      -18.72395      -4.000478    
   13.82796       2.564759      0.1645273    
  -2.322048      -5.094341       16.68525    
   36.09873      -35.75629      -33.12513    
  -35.99058       9.190957       1.661007    
   9.550928       55.55499       36.93299    
   33.39854       84.40541       3.239480    
  -20.03598      -49.97773     -0.6306731    
