C     0.0488936603    -1.6753361225     0.1406304389
F     1.5341490507    -3.1788620949     1.6486636400
F     0.6598081589    -1.9120162725    -2.6854398251
F    -2.1774756908    -2.5517904758     0.4776628911
C    -0.0932378396     1.0046960115     0.7234498262
F    -0.7334973216     1.2501262426     2.9679758549
C     0.1681971699     3.1887466908    -0.4857904315
F     0.7202751040     3.0077335835    -2.5963623524
F    -0.0540006123     5.3502984047     0.4096384346
 momenta
   21.18419      0.4379856       26.86010    
  -51.69703       1.211325      -31.75273    
  -7.494480      -7.971302       55.41666    
   9.237983       8.426566      -42.22914    
 -4.5093101E-02  -4.839433       9.004840    
   17.65056       3.371912       7.739910    
  -4.300390      -4.079396      -19.14874    
   21.80643      -14.40762      -39.22630    
  -2.913932       16.25298       36.77205    
