C    -0.0675577000    -1.6395648718     0.0179822557
F     1.5988593102    -2.8692200184     1.3978377581
F     0.5644739270    -1.9185280800    -2.2988841534
F    -2.2679793835    -2.7818446159     0.3438259065
C    -0.0764377192     1.0127947330     0.6275754571
F    -0.6986700892     1.2867008448     3.4234418869
C     0.3099538982     2.9613237381    -0.4032261372
F     0.6573967934     3.0017786026    -2.9219188690
F     0.0741947517     5.3388376236     0.3461707532
 momenta
   2.689694      -13.92044       45.35098    
   55.72230      -16.12233      -38.24762    
  -21.84244       36.98265      9.8289937E-02
   16.03963       8.738126       8.273982    
  -67.23845      -6.454242       24.68790    
   2.362116       3.189262      -9.484985    
  -9.431900      -14.37379       26.94972    
   21.32094      -50.45568      -9.813208    
  -14.92304       45.07573      -28.06085    
