C      -3.2882930731     0.5560421350     0.0280274967
F      -4.5998455044     0.3078221324    -2.1051049787
F      -2.8218650371     2.9956614543     0.3892853324
F      -4.7607547604    -0.2547979579     1.8994098491
C      -0.9010983702    -0.9572933675    -0.0921917448
F      -1.3005152227    -3.4078116786    -0.4772640894
C       1.4354388883    -0.1272885785     0.1319523176
F       2.0982288430     2.2132205487     0.5141951239
F       3.3929789571    -1.6260182976    -0.0126311230
momentum
53.68750108647567  -3.5174403978975097  -23.65180891467861
59.49425545264161  19.817842148833186  -10.13433265190374
-44.21051171623427  10.812300971598518  44.768997438501756
1.8072435555142348  42.4787782236644  -3.7919192003508595
-39.400278106156456  -2.471885742346935  69.92059953668476
-7.128502282314985  -44.242518593598795  -23.336863483835188
-8.640080078014552  -61.5636363510401  -25.8094478570631
-53.03322924651919  19.849127067224085  -31.261417786564277
37.25561452864147  18.904583435218345  3.2625151733796476
