C    -2.0980844498     0.2658543885     0.1414068937
F    -3.4603257179    -0.6844426990    -1.9251273870
F    -1.9263865948     2.8308448792    -0.0222950131
F    -3.5605499744    -0.3859345317     1.9695056677
C     0.6043845415    -0.9427504539     0.0065011396
F     0.3773772717    -3.4547750950    -0.0750461966
C     2.7664492130     0.2897318006     0.1232971773
F     2.9399437904     2.7740595341    -0.0656369328
F     4.8271455765    -0.8294757605    -0.0181252304
 momenta
   15.44496      -13.71412      -17.02709    
   33.62545      -25.84728       17.21185    
   10.28427      -16.57256      -7.170934    
   11.40623     -0.8673874       32.25361    
  -11.51181       53.57729      -18.59496    
  -45.47398       32.25526      -30.05016    
  -21.39629      -44.81683      -17.15354    
  -8.979339       15.59646       3.364331    
   13.00541     -0.7221850       26.48173    
