C    -2.0799736977     0.2568472326     0.0250277296
F    -3.2902214527    -0.4821234941    -2.0975065231
F    -2.0237350464     2.7826497555     0.0176139716
F    -3.4952187538    -0.6340027452     2.0249822140
C     0.4791443348    -0.8866466284     0.3566815555
F     0.3907391727    -3.2818729877     0.1340937763
C     2.6452524662     0.2974045277    -0.0866219625
F     3.0347614288     2.6971178055    -0.1488470435
F     4.6961374283    -0.8596615791    -0.0789936855
 momenta
   17.07710     -4.8341699E-02  -37.06536    
   20.82341       9.986724      -12.31162    
  -29.93907      -3.174298       37.58979    
   21.91219       11.44590      -6.403051    
  -8.024525      -30.01546       34.23055    
   5.703279      -2.618991       11.88881    
  -20.54433       19.01597      -35.54779    
   9.681226       1.900546      -7.872302    
  -18.98351      -8.742086       7.591977    
