C      -3.2882930731     0.5560421350     0.0280274967
F      -4.5998455044     0.3078221324    -2.1051049787
F      -2.8218650371     2.9956614543     0.3892853324
F      -4.7607547604    -0.2547979579     1.8994098491
C      -0.9010983702    -0.9572933675    -0.0921917448
F      -1.3005152227    -3.4078116786    -0.4772640894
C       1.4354388883    -0.1272885785     0.1319523176
F       2.0982288430     2.2132205487     0.5141951239
F       3.3929789571    -1.6260182976    -0.0126311230
momentum
22.413937347678278  -35.213576207337276  20.711631561611636
-12.451826719508603  -15.285829388472646  36.01237734206314
-1.2822162695357182  37.35934191429  -25.53111584095282
-2.939024814443664  -16.23900667309439  -22.246386328745228
49.6785507531055  -18.23517451987777  -39.29561107200114
-49.815225524714556  15.253302701033467  4.932110329028452
-17.549193259020292  -15.887763151395589  6.712407108934592
26.333938010291515  43.28528754119441  18.280664246901058
-14.310831711612181  5.12069740464237  0.563894844525877
