C      -3.2882930731     0.5560421350     0.0280274967
F      -4.5998455044     0.3078221324    -2.1051049787
F      -2.8218650371     2.9956614543     0.3892853324
F      -4.7607547604    -0.2547979579     1.8994098491
C      -0.9010983702    -0.9572933675    -0.0921917448
F      -1.3005152227    -3.4078116786    -0.4772640894
C       1.4354388883    -0.1272885785     0.1319523176
F       2.0982288430     2.2132205487     0.5141951239
F       3.3929789571    -1.6260182976    -0.0126311230
momentum
7.503822974381149  -31.98604590268636  26.082266192684582
23.809874838079335  -61.131372283539  22.25412083431476
37.6017958792868  45.83026467626211  -2.4979282404666834
7.987969244129071  -7.341291971259384  -22.07752495180017
-3.826349880154076  48.08845427079079  -10.119528119262263
-59.66176634171097  5.690176849887657  -13.915229845109732
27.019230252674415  -15.07061459035352  -34.39101232329217
-4.955216923572275  -27.269430171547572  25.62794686823668
-35.42024062938321  43.35463402331704  9.165690980480917
