C    -2.0473060608     0.2393449992    -0.0285598822
F    -3.4013953209    -0.6511199474    -1.9007146358
F    -2.0504260063     2.8063058853    -0.2157759964
F    -3.3942954540    -0.3475734591     2.1448574066
C     0.5591602921    -0.9586174488    -0.1449721903
F     0.2793548107    -3.3866851330    -0.0572099797
C     2.6874194145     0.2747733295    -0.0120905666
F     2.8819844723     2.6434767246     0.1690149754
F     4.9186615944    -0.7859120369    -0.0472552218
 momenta
  -12.58080       30.39410      -6.921403    
   12.28087      -28.08479       42.40486    
  -23.49839       21.84720       34.08404    
  -24.06070       8.898897      -35.81739    
   1.104490      -5.500649       2.049802    
   5.300507      -17.55585      -32.63242    
   16.77349       13.79934       16.83944    
   8.180379      -7.252390      -38.94202    
   17.52866      -8.436480       21.38982    
