C      -3.2882930731     0.5560421350     0.0280274967
F      -4.5998455044     0.3078221324    -2.1051049787
F      -2.8218650371     2.9956614543     0.3892853324
F      -4.7607547604    -0.2547979579     1.8994098491
C      -0.9010983702    -0.9572933675    -0.0921917448
F      -1.3005152227    -3.4078116786    -0.4772640894
C       1.4354388883    -0.1272885785     0.1319523176
F       2.0982288430     2.2132205487     0.5141951239
F       3.3929789571    -1.6260182976    -0.0126311230
momentum
-25.394421449187792  3.9454673411121295  -10.904309273853208
28.5667775569704  -2.688034595868559  -22.152180034613718
10.657017978423216  -38.599017605366605  59.16050401094047
-19.38535302916984  34.952677696413595  -53.77057667098629
9.77114704770519  -8.591349796396779  26.664943871588306
13.481389598397225  -18.968230949194307  69.06729831089983
2.9551810726747156  39.643748672000946  -42.475174868497675
-11.083586591979836  34.68432096853985  35.52456421342793
-9.439249610802152  -44.37446472697457  -61.23277490878906
