C    -0.1050009802    -1.7823524475     0.1479592770
F     1.6171848774    -2.8928794861     1.5738518238
F     0.4909151495    -1.8765970469    -2.4228756428
F    -2.2394530773    -2.8827848434     0.3602578640
C    -0.0978745595     1.0087956190     0.7102240324
F    -0.8395054340     1.3901597261     3.2003734112
C     0.3580803871     3.0912680626    -0.6761859655
F     0.7726129889     3.0636322498    -2.9913218021
F     0.1317842752     5.2646694183     0.6010257602
 momenta
  -12.43427      -32.71929      -16.69736    
  -6.560497       4.865622       9.883788    
   11.17944      -1.607986       31.99286    
  -32.18383       11.37854      -27.32303    
   16.83067      -31.11944       6.802414    
  -15.89728      -29.86707       11.07270    
  -4.829889      -8.256766       19.89953    
   41.92128       59.15665      -18.98743    
   1.940215       13.47224      -14.59369    
