C    -2.0265007019     0.2930977941     0.0273960214
F    -3.3832132816    -0.5285515189    -2.1385278702
F    -2.0173532963     2.7514796257     0.1356000453
F    -3.5235366821    -0.4940120876     1.9925432205
C     0.4340058565    -0.8240744472     0.0631713122
F     0.4561583400    -3.3975596428     0.1789869666
C     2.6029098034     0.2608707547    -0.0086655673
F     2.9774303436     2.7620530128    -0.1358990073
F     4.8196811676    -0.9020632505    -0.0742612332
 momenta
   25.63588      -14.68518      -9.560670    
   39.97907       57.40553      -18.36438    
   8.051099      -40.19904       31.31524    
   14.56156       10.32753       11.20368    
  -7.019325      -2.163067      -7.898814    
   3.169993      -23.72731       20.00254    
   14.16461      -44.25245      -30.35134    
  -51.85199       50.60992      -31.55663    
  -39.82534      -5.975780       25.42920    
