C    -2.1574144363     0.2121704519     0.0555511676
F    -3.3447358608    -0.5173939466    -2.0025179386
F    -1.9396002293     2.6234042645    -0.0902144536
F    -3.3570249081    -0.4144132137     2.0104570389
C     0.3616027832    -0.8674478531     0.0560769737
F     0.4371235371    -3.3955311775     0.0713033825
C     2.5722818375     0.3771559298     0.0865366757
F     2.9952158928     2.7504703999     0.0234612636
F     4.6559753418    -0.8514912128    -0.1126703620
 momenta
  -16.23703      -14.52762       3.893973    
   18.20824     -0.6301895       22.49913    
  -22.82914      -6.493835      -15.62812    
  -49.65111       11.51787      -23.21978    
 -0.3876150       2.328177       48.79271    
   27.96329       27.90772       2.213148    
   12.11042      -4.424185       2.740018    
   32.60902      -17.17368       23.65525    
  -2.527834      -1.931109      -53.59227    
