C    -0.0253290571    -1.6253336668    -0.0477056727
F     1.7429188490    -2.9737725258     1.3960510492
F     0.5610437393    -1.7339228392    -2.2226936817
F    -2.3751204014    -2.9738061428     0.3273414373
C    -0.2427077740     1.0133724213     0.9521124363
F    -0.8605726957     1.3365637064     3.4314000607
C     0.1678131223     3.0029475689    -0.6149669886
F     0.7914836407     3.0222358704    -3.0018670559
F     0.2020451725     5.3518276215     0.3366086185
 momenta
  -23.76369      -28.45943       26.02668    
  -37.36512      -29.94425      -40.64822    
   6.219081      -24.94686       23.92809    
  -43.47037       10.76138       11.41422    
   42.92149       14.89660       4.097889    
  -61.35033       16.84180      -4.895345    
   35.36854       11.19281      -20.29388    
   52.87353      -3.277644      -3.196090    
   39.65224       32.72098       5.732224    
