C      -3.2882930731     0.5560421350     0.0280274967
F      -4.5998455044     0.3078221324    -2.1051049787
F      -2.8218650371     2.9956614543     0.3892853324
F      -4.7607547604    -0.2547979579     1.8994098491
C      -0.9010983702    -0.9572933675    -0.0921917448
F      -1.3005152227    -3.4078116786    -0.4772640894
C       1.4354388883    -0.1272885785     0.1319523176
F       2.0982288430     2.2132205487     0.5141951239
F       3.3929789571    -1.6260182976    -0.0126311230
momentum
3.2125546623754575  -23.69435315540661  13.135415933459697
8.747152186620161  12.642418066809984  -25.8616118714165
18.826940113987643  24.003987381214746  49.312247869027445
-41.40497225800856  -4.302260129936221  7.922960902955993
-2.7282689938668385  -25.25786565285294  7.755521840272506
-18.6091255483445  5.795930300285606  -15.854016218513129
36.198169958998626  11.878797385529424  -5.313478682476564
-30.903424339528943  -24.569966235224594  -70.80132518084943
26.667466195207506  23.472966084175198  39.637777042627796
