C      -3.2882930731     0.5560421350     0.0280274967
F      -4.5998455044     0.3078221324    -2.1051049787
F      -2.8218650371     2.9956614543     0.3892853324
F      -4.7607547604    -0.2547979579     1.8994098491
C      -0.9010983702    -0.9572933675    -0.0921917448
F      -1.3005152227    -3.4078116786    -0.4772640894
C       1.4354388883    -0.1272885785     0.1319523176
F       2.0982288430     2.2132205487     0.5141951239
F       3.3929789571    -1.6260182976    -0.0126311230
momentum
24.82339730806471  -31.937545224189066  10.243901502206807
19.278235241549822  -33.05537400642934  -21.53435338138596
7.986265675253696  -0.049820320235364354  23.74196481900801
35.16247248276131  40.246164898298154  1.3973192409642958
-20.783588265521  20.104340131490964  27.350560067969067
-44.399870024882375  -10.45586693853864  -42.30616339881576
43.32285327699738  -32.564473070339325  -5.832916016613606
-25.078676341126965  21.599736659852827  -11.514304206638121
-40.41979106361918  26.243583574606518  18.396532302040278
