C    -2.1049194336     0.2600070536     0.1118752584
F    -3.3204231262    -0.3443115950    -2.0689332485
F    -2.0549316406     2.7187972069     0.1457705647
F    -3.6091787815    -0.6096004844     1.8990306854
C     0.4755594134    -0.8954012394     0.1171545684
F     0.4256897569    -3.4083945751     0.2570072711
C     2.7113862038     0.2633349597    -0.1218115985
F     2.9870555401     2.7570161819    -0.2464733124
F     4.8654055595    -0.8710185885    -0.0405659899
 momenta
   38.85789      -10.66168       42.58003    
  -11.68791      -30.26440       48.81286    
   4.843877       46.35874      -9.452086    
  -9.473347       23.30732      -58.38230    
  -35.60622       4.066340      -10.47265    
   26.31705      -26.44965      -9.193390    
   12.87115      -23.32448      -53.94249    
  -9.025600      -8.902457       38.20432    
  -13.70250       19.61713       7.229693    
