C    -2.0830841064     0.2744609714    -0.0049772244
F    -3.3596439362    -0.5247946382    -2.0097246170
F    -2.0349276066     2.7664442062     0.0338069722
F    -3.4049448967    -0.3604454398     2.0417835712
C     0.3980112672    -0.9769066572     0.0582354739
F     0.4855254591    -3.4323587418    -0.0222255401
C     2.6431906223     0.2131219357    -0.0236908998
F     2.8257884979     2.7662754059    -0.1108315215
F     4.8434343338    -0.9138290286     0.0519691408
 momenta
  0.7883018      -12.18636      -18.37417    
   44.26755       27.56199      -11.35118    
  -58.92476       17.70501      -7.087574    
   19.48689      -35.24086       10.65250    
  -15.67051      -57.93459       32.58536    
  -52.93093      0.9871509       25.95737    
   56.42602      -11.18697      -12.40527    
   46.37546       30.37566      -2.911927    
  -31.29089       22.99425      -16.65708    
