C      -3.2882930731     0.5560421350     0.0280274967
F      -4.5998455044     0.3078221324    -2.1051049787
F      -2.8218650371     2.9956614543     0.3892853324
F      -4.7607547604    -0.2547979579     1.8994098491
C      -0.9010983702    -0.9572933675    -0.0921917448
F      -1.3005152227    -3.4078116786    -0.4772640894
C       1.4354388883    -0.1272885785     0.1319523176
F       2.0982288430     2.2132205487     0.5141951239
F       3.3929789571    -1.6260182976    -0.0126311230
momentum
-21.246266546430896  -6.111384232773449  21.7659345087256
-1.555780065232738  52.43958960813119  -27.387300247447687
47.26832457594766  -9.50798373707147  -33.991553887088195
4.920624352958154  -35.211446530871044  23.985429241300494
22.976390844996082  3.209010547877766  10.460414000582244
13.014119532257556  -17.942968758949835  13.111938886669297
-40.24058119306748  0.3907873482186714  11.63025307911791
-21.798761044160567  20.49996141281549  -15.995789936977202
-3.230961596516446  -7.9894682155717165  -3.4885199266185913
