C     0.0435718559    -1.7014108896     0.1895872951
F     1.7615557909    -3.0700087547     1.5445078611
F     0.4704239964    -1.7444446087    -2.4212675095
F    -2.4157361984    -2.6118021011     0.3298048973
C    -0.1238460094     0.7870061398     0.9500830173
F    -0.6629000306     1.2156126499     3.1926903725
C     0.2407573313     2.9742443562    -0.6208950877
F     0.7605170608     3.0682129860    -2.7600774765
F     0.0174291208     5.3376936913     0.2656763196
 momenta
  -1.012634       5.887250       18.06061    
  -18.44954     -4.3852687E-02   62.86959    
   56.95692     -0.9051222      -30.94406    
  -78.64205       11.13337      -18.59506    
   5.646916      -28.59440      -11.82314    
   31.35246       6.292046      -20.24666    
  -22.10542      -7.868066      -18.81805    
  -19.38269      -14.20612       20.28968    
   42.22913       22.02840      -3.407577    
