C      -3.2882930731     0.5560421350     0.0280274967
F      -4.5998455044     0.3078221324    -2.1051049787
F      -2.8218650371     2.9956614543     0.3892853324
F      -4.7607547604    -0.2547979579     1.8994098491
C      -0.9010983702    -0.9572933675    -0.0921917448
F      -1.3005152227    -3.4078116786    -0.4772640894
C       1.4354388883    -0.1272885785     0.1319523176
F       2.0982288430     2.2132205487     0.5141951239
F       3.3929789571    -1.6260182976    -0.0126311230
momentum
0.208596120350475  -8.507579925528312  -32.028528297185716
-44.23537412437143  -5.050216940386082  -6.127855593750492
-14.49563165804109  -17.11703798823843  37.008701703041574
13.301248537632066  59.758723002416346  -10.934050000869496
-46.093301676602245  16.548649919308264  1.128700095556135
32.69491323178115  -11.895786020074686  -16.299284785808496
6.5663444973023  -40.36886759478573  38.53155999621792
-18.576936194493882  -0.5802140993418546  -12.662047873121114
70.3922218792197  7.237742564036342  1.4352431129120837
