C    -0.0116455387    -1.6308600903     0.1376156062
F     1.6662545204    -3.0886809826     1.5709335804
F     0.4505610168    -1.8987269402    -2.4974787235
F    -2.2131137848    -2.6141617298     0.3621748090
C    -0.1325805187     0.9419043064     0.7612164021
F    -0.6516875029     1.3164192438     3.1432688236
C     0.1299215108     3.1790556908    -0.4527763426
F     0.7911159992     3.0729329586    -2.7308983803
F    -0.0242957193     5.1917514801     0.3400859833
 momenta
   2.831370      -27.81005       32.41397    
   14.30183       13.76078       14.64297    
  -15.76697     -0.5709377      -44.48687    
   12.20070       1.596274      -15.80614    
  -9.662904       24.55172       39.04662    
   15.89600       13.81045      -7.611076    
   26.49149       32.03592      -10.90745    
  -17.34479      -25.39374       28.37895    
  -24.83195      -26.16569      -23.33476    
