C      -3.2882930731     0.5560421350     0.0280274967
F      -4.5998455044     0.3078221324    -2.1051049787
F      -2.8218650371     2.9956614543     0.3892853324
F      -4.7607547604    -0.2547979579     1.8994098491
C      -0.9010983702    -0.9572933675    -0.0921917448
F      -1.3005152227    -3.4078116786    -0.4772640894
C       1.4354388883    -0.1272885785     0.1319523176
F       2.0982288430     2.2132205487     0.5141951239
F       3.3929789571    -1.6260182976    -0.0126311230
momentum
-39.25215950333699  1.1255210229565258  -0.21617060319380468
74.57167747911865  27.40169862289923  6.155345389158895
24.655114589861537  -31.681150064387076  28.62092317197839
-24.034238447280583  54.27301532958834  21.22274656330126
28.751105518309224  -59.17373399453977  -28.497551158806708
9.997899471014078  -35.49576858044929  -10.963635205756667
8.252737108884876  4.2562648228384035  -2.594151532034126
-50.87264314573306  41.471390934070556  -23.11964901658721
-32.04491099920549  -2.230331871003637  9.16070839980693
