C    -0.0849958658    -1.6485590935     0.0816168711
F     1.6513880491    -3.0473530293     1.3651505709
F     0.5535569191    -1.8988602161    -2.1733956337
F    -2.2323420048    -2.8454070091     0.3528200090
C    -0.2176900804     1.2348444462     0.7116588950
F    -0.8261300325     1.3365186453     3.2902913094
C     0.1657982767     3.0796124935    -0.5918737054
F     0.8694437146     3.0383899212    -3.0563952923
F     0.0640552863     5.3086137772     0.5328625441
 momenta
  -22.05751      -10.20315      -38.10415    
  -7.474308       25.83264       9.233925    
  -17.33808      -14.64013       20.46173    
  0.2303838       15.95889       5.915798    
  -13.06593      -25.07946      -20.07857    
   39.38397       17.07440       8.054600    
  -6.107690       25.77866      -12.69725    
   8.169717      -31.31274      -8.481523    
   9.842464      -5.224704       21.19830    
