C    -2.0449686050     0.2942636907    -0.1756234169
F    -3.6468696594    -0.6520392299    -1.8622002602
F    -1.8615647554     2.7332196236    -0.3083014786
F    -3.3169784546    -0.3183248937     2.1581869125
C     0.4515778124    -0.9213209748    -0.2002050430
F     0.4262465835    -3.4565708637    -0.0768388137
C     2.7117509842     0.2994070053     0.0841138214
F     2.7871406078     2.8218917847     0.2693883181
F     4.8865575790    -0.9082060456    -0.0339817479
 momenta
   12.42917       19.33463       13.16247    
  -31.64099      -1.911071      -14.44412    
   15.80574     -5.0043583E-02  -34.60912    
   47.24773      -7.977128       10.36779    
  -30.38100       19.96094       31.67435    
  -2.070072      -18.75724      -15.99389    
   18.74885      -15.24909      -26.00770    
  -31.62585       13.84823       23.66164    
   1.569385      -4.352659       16.09285    
