C      -3.2882930731     0.5560421350     0.0280274967
F      -4.5998455044     0.3078221324    -2.1051049787
F      -2.8218650371     2.9956614543     0.3892853324
F      -4.7607547604    -0.2547979579     1.8994098491
C      -0.9010983702    -0.9572933675    -0.0921917448
F      -1.3005152227    -3.4078116786    -0.4772640894
C       1.4354388883    -0.1272885785     0.1319523176
F       2.0982288430     2.2132205487     0.5141951239
F       3.3929789571    -1.6260182976    -0.0126311230
momentum
4.737606277376457  8.934898597197256  -4.123387371003878
42.02174069562055  -4.551492291852688  29.614360603637255
-12.786081500929392  -26.196059328848254  -31.85182730532411
-47.9013793452995  -4.879891092821566  1.8750890650699037
25.630511796900272  15.821366274002617  53.049285287286835
-14.918146300196216  0.6923390553431581  -21.61941278069263
14.092819100517907  7.269247624586505  2.695297938314999
32.21860702558675  -10.341141708049605  14.017757745512128
-43.045915307780064  13.232049773969388  -43.87026369471817
