C    -0.0651164725    -1.5441524982     0.1004337966
F     1.8501621485    -2.8382446766     1.3067013025
F     0.5617768168    -1.8705353737    -2.2896664143
F    -2.3130695820    -2.9443571568     0.4152222574
C    -0.1273866743     1.0628509521     0.9096649289
F    -0.7758219242     1.2816170454     3.4551715851
C     0.2261934280     3.0424704552    -0.5806228518
F     0.6564258337     3.0260269642    -3.0041241646
F     0.0154109914     5.2890343666     0.3130466640
 momenta
   1.804209       36.16520       9.875409    
   7.720888      -10.47260       13.21175    
   9.217437       4.987932      -4.428947    
  -5.761621      -27.04775      -20.90721    
  -3.109111      -11.88878      -8.969976    
  -43.41355      -14.69527       26.01086    
   42.95345       27.35435      -30.79983    
  -7.222801      -13.99474       19.74553    
   6.364277       20.15224      -9.932564    
