C    -0.1117416173    -1.5525394678     0.0848032385
F     1.6213736534    -2.7669160366     1.3831366301
F     0.7013638020    -1.8210417032    -2.2818746567
F    -2.3795344830    -3.0842332840     0.3049079478
C    -0.1152979732     0.8904059529     0.8843406439
F    -0.6894478798     1.2546628714     3.4816968441
C     0.1585033238     3.0893082619    -0.4599613547
F     0.7844113111     3.0869266987    -3.1235210896
F     0.0081677129     5.3416523933     0.3919683099
 momenta
  -14.12688       42.58074       8.602715    
  -21.27077      -19.53457      -11.56056    
  -21.69975       14.38967      -18.38558    
   10.21123      -6.758450       27.19395    
  -36.21022      -12.53058      -28.13361    
   5.086494       20.20345      -4.538631    
   51.82963      -6.013768      -23.91582    
  -12.38567      -25.93465       23.35786    
   38.71437      -1.502009       18.56808    
