C    -0.0221190788    -1.7141875029     0.0494579487
F     1.6370606422    -2.9676961899     1.4404801130
F     0.4737765789    -1.8314863443    -2.3030133247
F    -2.0783095360    -2.8296952248     0.4402550757
C    -0.2297704220     1.1306608915     0.7123751044
F    -0.7954527736     1.2724285126     3.1111841202
C     0.2717384994     3.0891118050    -0.3773305416
F     0.7831925750     3.0354464054    -3.1356153488
F    -0.0194803160     5.2930874825     0.6662122011
 momenta
   28.00759      -22.62369       39.19929    
   10.99066      -26.90167       20.38182    
   10.14951       14.88387       3.119061    
  -18.87036       25.77144      -14.47038    
   10.66568      -2.904779      -3.642689    
  -39.07830      -51.89853      -46.80432    
  -1.797585      -2.281234       18.42534    
   19.42808       26.50613      -21.31025    
  -12.02048       33.77066       16.13269    
