C    -0.1134837195    -1.7059859037     0.0249137171
F     1.6365048885    -2.8445794582     1.4644081593
F     0.5960841775    -1.8976274729    -2.2691891193
F    -2.2181217670    -2.8770055771     0.2455478013
C    -0.3145058453     1.0204110146     0.8612072468
F    -0.5594984293     1.3344161510     3.3792445660
C     0.1261645406     3.0205442905    -0.5140916109
F     0.8352482915     3.0374076366    -3.0263712406
F    -0.1265155226     5.3047971725     0.4315262735
 momenta
  -23.57343      -20.03057       6.079843    
   3.112108      -24.60862      -15.85647    
  -13.22342       51.32088      -41.05404    
  -23.21289       13.74878       37.82343    
  -27.81362       3.071322     -5.2341260E-02
   12.27928      -25.85551       4.890754    
   28.50714      -48.50203      -9.298374    
   41.04644      -16.68085       61.96428    
  -1.872787       54.00420      -45.15762    
