C    -2.0125198364     0.3042249680    -0.1244564578
F    -3.3505222797    -0.6046021581    -1.9813356400
F    -2.0884695053     2.7143967152    -0.0792405382
F    -3.3274827003    -0.3637365103     2.1438772678
C     0.4369423389    -0.8318826556     0.0087800780
F     0.3784796000    -3.3923881054    -0.1036642566
C     2.7292191982     0.3156577051     0.2881763279
F     2.8762552738     2.7370924950    -0.0590216778
F     4.7684168816    -0.9288152456    -0.0074297879
 momenta
  -24.82348       32.14703      -13.88875    
   13.67912      -26.13237       44.32766    
  -25.65427      -31.76389      0.5408221    
  -2.769339       16.41798      -2.813875    
   30.99335       41.90508       41.56229    
  -42.54084       3.253711      -60.29986    
   19.72824      -36.86759      -68.44903    
   13.92696      -20.55717     -0.3272616    
   22.83833       29.43425       51.21737    
