C      -3.2882930731     0.5560421350     0.0280274967
F      -4.5998455044     0.3078221324    -2.1051049787
F      -2.8218650371     2.9956614543     0.3892853324
F      -4.7607547604    -0.2547979579     1.8994098491
C      -0.9010983702    -0.9572933675    -0.0921917448
F      -1.3005152227    -3.4078116786    -0.4772640894
C       1.4354388883    -0.1272885785     0.1319523176
F       2.0982288430     2.2132205487     0.5141951239
F       3.3929789571    -1.6260182976    -0.0126311230
momentum
-12.658348518620626  14.087237929718574  -0.23335566626548257
10.168286789252734  -32.589175173609036  17.306941978241383
12.784600303491374  7.960621663212465  11.431676939894265
-71.21093672740551  73.4770016162213  12.411980010615348
14.100877707274643  24.360580516255038  13.45513149647643
80.1298381245095  -56.49261462343933  -63.57862625027472
-43.651697693827195  -40.20511941244301  40.66295810441335
7.622578325820976  -21.910225668658953  -12.818622130686949
2.590165469906308  31.28314087393548  -18.729568574413463
