C    -0.0204949584    -1.7845325470     0.0020562373
F     1.6340988874    -3.0805852413     1.4498130083
F     0.5574411750    -1.8537876606    -2.3938252926
F    -2.2875821590    -2.8083705902     0.3539237678
C    -0.0098874215     1.0668232441     1.0719238520
F    -0.7472888231     1.4028629065     3.2581772804
C     0.2540125847     3.1664636135    -0.5183507800
F     0.8774504662     3.1532428265    -2.8262109756
F    -0.1344405413     5.1869449615     0.2911956012
 momenta
  -2.372781       1.072314      -10.64645    
  -17.06144       17.01379       42.68995    
  -26.85530       14.02886      -32.35182    
  -21.17126      -2.069408      -19.28978    
   18.40900      -31.97749       12.28839    
   20.45490      -22.37365       2.408416    
   12.15523       28.18044      -4.599892    
   27.84918      -5.718734       25.75537    
  -5.538727       1.319293      -16.87408    
