C    -0.0546488799    -1.6696676016     0.0465992466
F     1.6770133972    -2.8332018852     1.3408414125
F     0.4393133223    -1.9263546467    -2.3422486782
F    -2.2333936691    -2.7889640331     0.3883422315
C    -0.0496157333     1.0877923965     0.9450873733
F    -0.7818094492     1.1740128994     3.3663063049
C     0.2756753564     3.0254948139    -0.4314578176
F     0.7412245870     3.0515041351    -2.9417428970
F     0.0829786286     5.3260889053     0.3196009696
 momenta
   9.301146       3.832099       9.708508    
  -17.95748       5.288365      -12.46774    
  -29.73354       4.193222       31.78359    
   21.85641       16.04820      -44.08058    
  -16.95802       7.087352       29.34817    
   28.93620      -4.156374       10.46709    
   27.76319      -2.777567      -8.939672    
  -25.33608       4.546679      -11.64571    
   6.233209      -32.34902       1.976185    
