C    -2.0768780708     0.2316720933     0.1023498699
F    -3.3902511597    -0.6230853200    -2.0485963821
F    -2.0711622238     2.7691268921    -0.0122364517
F    -3.5295991898    -0.4256092906     2.0973429680
C     0.3872855008    -0.8490399718     0.0854369104
F     0.4524500072    -3.3491868973    -0.0464697964
C     2.6571302414     0.3333032727    -0.0249066707
F     3.0817670822     2.7005736828    -0.0848885104
F     4.8072376251    -0.8733698726     0.0129177216
 momenta
  -50.70227       57.10741      -8.176600    
  -3.096039      -12.97387       4.784858    
   17.50368       11.13641      -21.87257    
   10.72347      -11.15216       4.544434    
  -1.840666      -15.52657       20.44407    
   25.94296      -10.94248      -8.165791    
   61.99068      -12.52725       18.48082    
  -39.53563       32.14206       13.01635    
  -19.03839      -31.32762      -16.78502    
