C    -0.1179997772    -1.7077095509     0.0180209428
F     1.6464933157    -2.8221499920     1.3876937628
F     0.7189360261    -1.8248143196    -2.4075250626
F    -2.2520589828    -2.8614008427     0.4608723223
C    -0.0989853740     0.9367372394     0.8160781860
F    -0.7019736767     1.2071181536     3.3674004078
C     0.0733565912     3.0179820061    -0.6537005305
F     0.6398123503     2.9762918949    -2.8983778954
F     0.0326585062     5.4264268875     0.4113137126
 momenta
  -5.854386      -36.38282      -2.721491    
   3.268205       44.16683      -16.29207    
   13.78353      -9.462378      -4.413305    
  -1.389028      -13.83728       10.89667    
   1.619537      -16.94672       5.570396    
   19.34565       31.14919       12.00383    
  -12.20803      0.3872958       51.12402    
  -28.16839       28.57790      -31.51937    
   6.243234      -38.62626      -13.59538    
