C      -3.2882930731     0.5560421350     0.0280274967
F      -4.5998455044     0.3078221324    -2.1051049787
F      -2.8218650371     2.9956614543     0.3892853324
F      -4.7607547604    -0.2547979579     1.8994098491
C      -0.9010983702    -0.9572933675    -0.0921917448
F      -1.3005152227    -3.4078116786    -0.4772640894
C       1.4354388883    -0.1272885785     0.1319523176
F       2.0982288430     2.2132205487     0.5141951239
F       3.3929789571    -1.6260182976    -0.0126311230
momentum
-20.17224380665698  -1.6237690980631303  43.64832750519371
-35.23052827474331  -6.084332070311042  -2.8385649211142585
-19.56507192235342  -22.125952004323377  -14.247776929583184
4.359606672620194  14.313752935547061  -29.79791724134162
-14.671225895079544  38.46721576703921  -15.02768695233502
2.5188619491560327  -25.757213578119405  6.103114270457035
47.35830344219305  32.53361887311408  -10.645456904645041
27.073058814437832  -38.81018317331321  23.65727654880065
8.353445866334413  9.025653105389269  -0.9348302994653248
