C    -0.1063288525    -1.7068337202     0.1296627969
F     1.6129254103    -3.0567657948     1.4737408161
F     0.6879183054    -1.8620592356    -2.4985182285
F    -2.3070456982    -2.6950619221     0.4544544816
C    -0.1722597331     0.9769046903     0.7909462452
F    -0.6247860193     1.3297911882     3.1990664005
C     0.1138428301     2.9820988178    -0.5432241559
F     0.7340072989     3.0878376961    -2.7425820827
F    -0.0084859189     5.2950863838     0.3363827467
 momenta
  -1.627311       3.370257      -21.03828    
  -20.33459       24.64421       13.23712    
  0.3135121       34.63546      -8.028469    
   6.518306      -32.11404      -30.80341    
  -45.50572      -60.49142       27.55797    
  -21.01389      -6.896120       29.46782    
   9.341829       17.84142       23.28271    
  -8.773629      -6.948469      -2.234517    
   73.20771       17.76625      -25.37613    
