C    -2.2079145908     0.2643808126    -0.0844606236
F    -3.5680294037    -0.5727584958    -2.0025019646
F    -1.9411964417     2.6741533279    -0.1245224103
F    -3.1503257751    -0.3242931366     2.1206490993
C     0.4187088609    -0.9387738705    -0.2060634941
F     0.3538547456    -3.4206511974    -0.0238845479
C     2.6990318298     0.1768721044    -0.1297423244
F     2.8208029270     2.7685518265     0.1150005013
F     4.8640713692    -0.8195289969     0.1261769682
 momenta
   17.14112     -0.5342175      -48.36458    
   57.95065       14.13920       31.88354    
   16.78097      -29.62383      -29.18665    
   8.536119       5.242574       11.70898    
   7.493892      -5.909767       12.75629    
   2.707255       5.514285       26.44715    
  -41.86340       17.97334      -40.26784    
  0.6365557      -24.43579       61.74595    
  -72.58140       19.83449      -42.42600    
