C    -2.0413050652     0.2629787326     0.1238276437
F    -3.3983204365    -0.5408667922    -1.9068130255
F    -2.1746315956     2.7470116615    -0.0704867318
F    -3.5463278294    -0.3500558436     1.9448951483
C     0.4033442736    -0.8486632109     0.1203937605
F     0.6284019351    -3.3734879494    -0.0245925579
C     2.6192369461     0.2105942070     0.1039665565
F     3.0444407463     2.6744253635    -0.0304093529
F     4.7904639244    -0.9130654931    -0.0877147242
 momenta
   50.27115      -4.010919      -15.49264    
  -30.91661       28.71335       33.82618    
   36.12613      -5.579687       2.059876    
  -15.89815      -24.77471      -20.67802    
   45.22177      -29.56617      0.7682524    
   13.22667      -14.22669       5.784423    
   33.66605      -14.20841      -37.33839    
  -20.00163       69.52975      -14.47066    
  -84.94033      -15.77872       34.83265    
