C    -2.0799627304     0.1307998002     0.0770191252
F    -3.5528342724    -0.5827064514    -1.9518501759
F    -1.8533824682     2.6938798428    -0.2086925358
F    -3.3681538105    -0.3074378073     2.0643858910
C     0.4313031137    -0.9209414124    -0.0693969280
F     0.5112964511    -3.4426524639    -0.0351167023
C     2.6000130177     0.4269742668     0.0819973499
F     2.8809797764     2.7687478065     0.1487717927
F     4.7408890724    -0.8919047117    -0.0631588772
 momenta
  -10.24092      -38.90752      -27.54492    
   19.09871       2.194247      -3.573198    
   31.31086      -22.80641       24.02011    
   14.85177       46.98796       19.30532    
  -2.796374      -36.64574      -17.01487    
  -72.97619      -38.08006      -11.64887    
   1.514821       20.24604      -15.07072    
  -17.56178      -7.742948       2.272493    
   34.32445       63.51212       17.01115    
