C    -0.0300298892    -1.5899070501     0.0859787613
F     1.7481820583    -2.8310866356     1.2797894478
F     0.5371755958    -1.8165789843    -2.1374659538
F    -2.2343907356    -3.0038518906     0.2866401374
C    -0.1234071404     1.0695563555     0.9968143106
F    -0.7382559180     1.3138828278     3.4462459087
C     0.2026475966     3.1002292633    -0.4578061402
F     0.7171483040     3.0040543079    -3.2007875443
F    -0.0429697633     5.2680549622     0.4236755371
 momenta
   13.81499       8.402464      -11.07127    
   9.788686      -16.73534      -9.434754    
   3.935972      -5.791750       20.21722    
  -33.23932      -2.567243      -11.52096    
  -24.68177      -12.27815       26.61776    
  -18.91481       13.71588       19.85420    
   8.999672      -11.17297      -5.563837    
   10.79921       23.24039       7.911837    
   29.14474      2.9895887E-02  -34.94949    
