C      -3.2882930731     0.5560421350     0.0280274967
F      -4.5998455044     0.3078221324    -2.1051049787
F      -2.8218650371     2.9956614543     0.3892853324
F      -4.7607547604    -0.2547979579     1.8994098491
C      -0.9010983702    -0.9572933675    -0.0921917448
F      -1.3005152227    -3.4078116786    -0.4772640894
C       1.4354388883    -0.1272885785     0.1319523176
F       2.0982288430     2.2132205487     0.5141951239
F       3.3929789571    -1.6260182976    -0.0126311230
momentum
-40.18034131792777  14.980663716778272  3.1807838122730057
-0.015416912693964762  23.651504608597747  -8.112848427221234
43.97787536777189  -61.098066340655855  -37.28045814269151
-15.645617158444082  3.0177668643491162  48.497096829451756
-15.43300044556825  42.84802585264578  -36.811019002062515
33.79409414638478  -20.282631579021782  7.418395608827817
-0.045351685691451954  6.25658921528071  8.957942125366682
-8.576702792709355  -5.215958435700996  23.074011698774896
2.1600046944663216  -4.480240947845431  -8.847529812519149
