C    -0.0299546123    -1.7012784481     0.0509279966
F     1.6344580650    -2.8305807114     1.4415600300
F     0.5608819723    -1.8129637241    -2.3723292351
F    -2.1978847980    -2.9344632626     0.3318692446
C    -0.1698530763     0.9855400324     0.9326537251
F    -0.7586098909     1.3351362944     3.3503358364
C     0.2757836580     2.9686787128    -0.5576469898
F     0.7045971155     2.9530775547    -2.9915666580
F     0.0300564896     5.3880357742     0.4384171069
 momenta
   14.36302       23.80142       16.45617    
  -3.308240      -29.96026      -16.09726    
  -43.19847       3.140016       4.638946    
   32.29856       14.27919      -6.399372    
  -40.83920       19.74744       6.202091    
   29.35889       7.784493      -22.84577    
  -1.504845     -0.4115664       48.45811    
   34.65461      -23.57028      -10.47502    
  -27.69485      -5.978335      -5.358076    
