C    -0.0869210213    -1.6660335064     0.1725589782
F     1.7846882343    -2.8861479759     1.3360842466
F     0.5810968876    -1.8711841106    -2.3380665779
F    -2.3225696087    -3.0533359051     0.3136889935
C    -0.2028927952     1.1244524717     1.0038108826
F    -0.8921181560     1.3212813139     3.5174930096
C     0.2619933784     3.1660032272    -0.6050424576
F     0.8724991679     3.1031734943    -2.9444916248
F     0.0022819268     5.2979412079     0.2404268831
 momenta
   9.364871       21.53952       51.58673    
   14.16657       12.43467      -16.65910    
   3.440121       5.879027       11.11376    
  -1.738353      -26.13199      -18.64246    
   8.265778       17.16196       6.694696    
   50.92391       23.84808       5.477476    
  -51.84572      -20.28494      -11.69913    
  -4.641936      -3.519451      -34.93490    
  -34.81915      -27.22515       16.54275    
