C    -0.0615786463    -1.6576534510     0.1815538853
F     1.6764065027    -2.9718372822     1.5318895578
F     0.6141200662    -1.8762141466    -2.4378130436
F    -2.2768077850    -2.8457832336     0.4132263958
C    -0.2645879090     1.0440516472     0.7706182003
F    -0.6644212604     1.3437885046     3.1459946632
C     0.1337681264     3.0230312347    -0.4916107357
F     0.8570957184     3.0115859509    -2.9887998104
F    -0.0980490744     5.3583698273     0.5165076852
 momenta
   1.988387      -14.15408       11.00178    
   31.45376      -12.15755       51.94241    
   8.099088      -19.81739       11.47211    
   13.06610       40.67827      -45.67759    
  -7.815894       14.60590       20.18513    
  -21.83822      -18.64713      -40.92733    
 -0.2336743      -6.752244      -21.70690    
  -20.47456      -3.028133      -5.615704    
  -5.399342       18.02483       21.21919    
