C      -3.2882930731     0.5560421350     0.0280274967
F      -4.5998455044     0.3078221324    -2.1051049787
F      -2.8218650371     2.9956614543     0.3892853324
F      -4.7607547604    -0.2547979579     1.8994098491
C      -0.9010983702    -0.9572933675    -0.0921917448
F      -1.3005152227    -3.4078116786    -0.4772640894
C       1.4354388883    -0.1272885785     0.1319523176
F       2.0982288430     2.2132205487     0.5141951239
F       3.3929789571    -1.6260182976    -0.0126311230
momentum
-5.48597940496913  6.740475119899175  -16.035693173611346
39.715465114825626  -12.379100456786267  2.578454648780174
76.24596990094962  9.777386245613453  10.949168293651725
-17.727999382888463  -0.9754030924952565  3.780090787071297
21.089658354019967  -61.08439809004265  38.08744886993553
-63.021850763303675  -27.500584839915874  -1.9812738540094432
-30.344970888862854  2.1332077521432993  -33.19477077120145
-12.628596173701002  11.486471690603821  8.803574775680836
-7.799993774702744  71.72089930916857  -13.100645602676307
