C      -3.2882930731     0.5560421350     0.0280274967
F      -4.5998455044     0.3078221324    -2.1051049787
F      -2.8218650371     2.9956614543     0.3892853324
F      -4.7607547604    -0.2547979579     1.8994098491
C      -0.9010983702    -0.9572933675    -0.0921917448
F      -1.3005152227    -3.4078116786    -0.4772640894
C       1.4354388883    -0.1272885785     0.1319523176
F       2.0982288430     2.2132205487     0.5141951239
F       3.3929789571    -1.6260182976    -0.0126311230
momentum
-14.22928302402144  -20.65922543140192  12.201549912814857
33.45510948290766  -35.07290571135021  -10.991943911177172
9.543016146118768  16.404802606632853  -10.94613442273402
9.83912640562982  10.734712553348828  19.376572838725266
-29.28430810221544  11.103014145934837  -5.576546710654594
4.23379102876995  42.77338879761608  -7.025951825388068
35.29473440006065  -21.439789413131848  -16.569815651641797
0.6239073321384094  -13.893004711201332  31.975053558047687
-49.45153520601031  10.230353022424135  -12.576086655110817
