C      -3.2882930731     0.5560421350     0.0280274967
F      -4.5998455044     0.3078221324    -2.1051049787
F      -2.8218650371     2.9956614543     0.3892853324
F      -4.7607547604    -0.2547979579     1.8994098491
C      -0.9010983702    -0.9572933675    -0.0921917448
F      -1.3005152227    -3.4078116786    -0.4772640894
C       1.4354388883    -0.1272885785     0.1319523176
F       2.0982288430     2.2132205487     0.5141951239
F       3.3929789571    -1.6260182976    -0.0126311230
momentum
-18.63084626444469  14.496499271950034  -35.53972247362028
-2.5539167734349824  -35.74853247404923  4.535610716741741
62.82524745080841  11.808476134356022  7.1584600316532025
11.79717803199507  -9.593199062126441  19.592747475329126
-9.710962922334762  12.622646472425837  -14.586083115922372
-11.63919807818291  -8.359594058687962  -3.1953372793683936
-26.538155938266627  3.4393678767690035  16.083840650613272
-8.972907514323008  -5.867018772296033  8.181106973113097
3.372411084102075  17.147477442485158  -2.051028524192692
