C      -3.2882930731     0.5560421350     0.0280274967
F      -4.5998455044     0.3078221324    -2.1051049787
F      -2.8218650371     2.9956614543     0.3892853324
F      -4.7607547604    -0.2547979579     1.8994098491
C      -0.9010983702    -0.9572933675    -0.0921917448
F      -1.3005152227    -3.4078116786    -0.4772640894
C       1.4354388883    -0.1272885785     0.1319523176
F       2.0982288430     2.2132205487     0.5141951239
F       3.3929789571    -1.6260182976    -0.0126311230
momentum
10.877475182690123  28.394728807329265  -1.2429734458563082
9.550682563662463  -0.7219249846084861  7.098316006735072
1.6755105542112931  33.78975129950966  -6.303856413240282
-12.200169741387938  -17.436114558380655  14.714752260556365
30.937769078798933  -9.257622527233183  -32.88014707702782
-0.08290633746738052  -35.42676735766029  -0.8308063427071342
-14.584386131378144  -21.19985870857657  47.95247332637888
-20.181636905891907  19.192618609786162  -21.58700655871091
-6.067282768149708  2.661214056587153  -6.825629471957033
