C    -0.1690780371    -1.7382330894    -0.1147986799
F     1.4273862839    -2.9513285160     1.4989813566
F     0.6570396423    -1.8809901476    -2.3242292404
F    -2.0932266712    -2.6988661289     0.3569895625
C    -0.2584637702     0.9901283383     0.5838198066
F    -0.5412878990     1.2257728577     3.2456805706
C     0.0663070381     3.0107676983    -0.5802178979
F     0.7471119761     3.1423776150    -2.8897075653
F    -0.0041250382     5.2573533058     0.5804101229
 momenta
  -28.80884      -13.62046       5.634141    
  -46.80780      -24.57672      -35.89552    
   57.04079       48.41556       6.820280    
   12.14969      -5.652262       7.955256    
  -20.93456      -19.97951       30.14439    
   50.60192       29.25046      -7.095808    
   19.98727       11.96991      -25.16411    
  -21.58116      -37.57985       4.658004    
  -27.76920       7.358067       14.97216    
