C    -2.2619600296     0.2454540133    -0.0614530034
F    -3.6147890091    -0.3868519068    -1.9607607126
F    -2.2156555653     2.8649101257    -0.1518333256
F    -3.2488029003    -0.5587431788     2.0037500858
C     0.5855350494    -0.8750781417    -0.1025695428
F     0.5955709219    -3.3854141235     0.1387709230
C     2.6638565063     0.2494277656    -0.0770951137
F     2.9946079254     2.7001590729     0.0153362788
F     4.8296089172    -0.9873982668     0.0757870376
 momenta
   4.912188       31.36283      -25.50232    
   2.939298      -47.36947       1.588502    
  -30.15071      -5.774519       5.152334    
   17.51254       15.30046       17.31679    
  -6.916203      -15.21489       23.71107    
  -14.01453       7.545225      -38.83028    
  -54.56633      -27.50265      -5.878074    
   53.11005       63.40676       8.167629    
   15.51640      -24.07252       12.85341    
