C      -3.2882930731     0.5560421350     0.0280274967
F      -4.5998455044     0.3078221324    -2.1051049787
F      -2.8218650371     2.9956614543     0.3892853324
F      -4.7607547604    -0.2547979579     1.8994098491
C      -0.9010983702    -0.9572933675    -0.0921917448
F      -1.3005152227    -3.4078116786    -0.4772640894
C       1.4354388883    -0.1272885785     0.1319523176
F       2.0982288430     2.2132205487     0.5141951239
F       3.3929789571    -1.6260182976    -0.0126311230
momentum
37.23742143838905  20.63490590813169  -10.705942130999217
-17.975002813217436  -43.641481941896  -16.079278222941788
-33.56408046730112  -29.32196543210608  10.620060790217947
23.616459035623272  -6.873165363849881  -22.57910522873447
-7.993689811413253  35.013895088903276  30.111553475983868
-38.071424519006094  30.77926036519199  -1.351677988493984
-10.74900037053825  -12.559382834698598  51.06099162711703
39.091449711784314  35.29870995330401  -0.0444231947990007
8.302676261241007  -29.16627103684974  -40.9589594530513
