C    -2.1882598400     0.1336185187     0.0330796018
F    -3.4813001156    -0.5453047156    -1.9206670523
F    -1.9006520510     2.6625401974    -0.2713703811
F    -3.4172673225    -0.2448181957     2.1694386005
C     0.4600143731    -0.9310727119    -0.0780631527
F     0.5597528219    -3.4658641815    -0.1173562780
C     2.6168248653     0.3626240790     0.1567856520
F     2.8816883564     2.7250854969     0.1484997272
F     4.7480897903    -0.8576338291    -0.0651209950
 momenta
  -10.06839       12.55630      -16.80361    
   10.78610       56.02661       39.79536    
  -10.26570      -10.11324       9.214201    
  -6.075304      -40.09919      -34.10518    
   6.650835       36.23192     -0.6493433    
  -5.954780      -33.99989       29.54885    
   24.53911      -38.63405      -34.67488    
  -18.18919       16.03980      -27.88706    
   13.04412       4.102533       24.98029    
