C     0.0293809827    -1.6582286358     0.0742859542
F     1.7053952217    -2.9681217670     1.4387979507
F     0.6372248530    -1.8948407173    -2.4356555939
F    -2.2055606842    -2.7881922722     0.3866127431
C    -0.2356612235     1.0400714874     0.7692693472
F    -0.6739569902     1.2940961123     3.3659577370
C     0.1628368646     3.0765132904    -0.6119355559
F     0.6940147281     3.1002802849    -2.7582199574
F    -0.1232603490     5.2517457008     0.2979787886
 momenta
  -3.367599      -2.536746       14.77541    
   9.939330       38.66874      -32.61058    
   26.20134      -11.36965       32.19989    
  -14.23795      -1.969983       5.042987    
  -50.68332      -6.966348      -30.63372    
   8.874842      -51.15413       41.34499    
   24.24903     -0.7301712      -37.72982    
  -26.08156       22.99533      -17.24231    
   18.97276       10.98296       13.85454    
