C      -3.2882930731     0.5560421350     0.0280274967
F      -4.5998455044     0.3078221324    -2.1051049787
F      -2.8218650371     2.9956614543     0.3892853324
F      -4.7607547604    -0.2547979579     1.8994098491
C      -0.9010983702    -0.9572933675    -0.0921917448
F      -1.3005152227    -3.4078116786    -0.4772640894
C       1.4354388883    -0.1272885785     0.1319523176
F       2.0982288430     2.2132205487     0.5141951239
F       3.3929789571    -1.6260182976    -0.0126311230
momentum
-26.505684422731946  -14.602419655168143  -19.564217335566163
-29.353858043914464  13.421109365952926  -2.2496651125419094
-69.18235970072286  11.76911138255758  -13.27625367657391
-0.33615510206475313  5.488458603070137  1.216740229199884
54.125868142927985  -8.114770857767116  61.537079257051346
8.737533748114537  31.049532049326274  -24.111937512502518
8.955195079720038  27.089912316671658  8.688146642321259
17.26098320328497  -27.988999619792004  -4.489315671738706
36.30141945394861  -38.04550891511679  -7.964501522509675
