C    -2.0854902267     0.1823653281     0.0565546490
F    -3.3822877407    -0.5665991902    -1.9404567480
F    -2.0074727535     2.6855664253    -0.1092486382
F    -3.4223308563    -0.4723149240     2.1543440819
C     0.5808370709    -0.8470620513    -0.0116211418
F     0.3604965806    -3.3099837303    -0.1686783284
C     2.5710096359     0.4809147716     0.1127274707
F     3.0217924118     2.7449204922    -0.1603790671
F     4.7306218147    -0.9334703088     0.1452069432
 momenta
   9.228036       37.59142       7.040506    
   29.97189      -13.99770       4.575876    
  1.1621722E-02  -27.98405      -21.69786    
   6.833042       2.528330       28.33879    
  -48.58516      0.5106049       3.938595    
  -7.557284      -6.206330      -28.56783    
  -55.17184      -6.353611      -12.12925    
   25.76376       17.38865       8.989182    
   20.09267       2.959790       9.367237    
