C    -2.1802282333     0.3420830667    -0.0143306432
F    -3.3885848522    -0.5720298290    -2.0873744488
F    -2.0739870071     2.7894337177    -0.0422435589
F    -3.1995074749    -0.3776324093     2.0754735470
C     0.4131830633    -0.9198923707    -0.0455200784
F     0.4749767482    -3.4521920681     0.0653849542
C     2.5054202080     0.2864458859    -0.0476503260
F     2.9161505699     2.6918554306     0.0500534922
F     4.7363986969    -0.8775808215    -0.0079259770
 momenta
   1.126502      -26.55456      -27.19457    
   13.30630       17.51720      -8.436268    
   7.725164       8.604960      -7.243363    
  -16.35582      -14.14256       22.56164    
   34.27349       18.27804      -14.75511    
  -29.32561      -55.22571       27.16656    
  -44.41100       56.84179       43.06978    
   6.538235       31.42628       1.685246    
   25.17223      -26.66341      -36.65157    
