C      -3.2882930731     0.5560421350     0.0280274967
F      -4.5998455044     0.3078221324    -2.1051049787
F      -2.8218650371     2.9956614543     0.3892853324
F      -4.7607547604    -0.2547979579     1.8994098491
C      -0.9010983702    -0.9572933675    -0.0921917448
F      -1.3005152227    -3.4078116786    -0.4772640894
C       1.4354388883    -0.1272885785     0.1319523176
F       2.0982288430     2.2132205487     0.5141951239
F       3.3929789571    -1.6260182976    -0.0126311230
momentum
7.1930041194823575  -29.12173398809505  45.3985137108601
-25.00485247406518  1.5163485598942026  15.565550580669319
31.14745604597137  53.092683217452674  -3.962337130663705
34.29072632458273  -36.59914014781719  -53.96192677130264
45.96919501317098  -8.5571054931703  -2.8769960126385996
-21.68746689250086  5.982243874458662  -6.068164710198853
-39.27105507512282  -13.227057000894128  4.222027115383287
10.02406000614667  -1.6304509539201464  -32.88197573964163
-42.5411679736446  28.691004585170706  34.72517959043751
