C    -2.0762457848     0.1800991744     0.0069258343
F    -3.3842394352    -0.6078799963    -1.9844981432
F    -1.9984861612     2.7789106369    -0.1184127405
F    -3.3613138199    -0.3818308711     2.0901741982
C     0.4112792909    -0.8534548879     0.0126668029
F     0.3599648476    -3.3935165405    -0.0226694718
C     2.6256759167     0.3551885188     0.0188275073
F     2.8718945980     2.7056767941     0.0572383553
F     4.8659176826    -0.8861597180    -0.0415716395
 momenta
  -6.784151       40.25687     -0.5784781    
  -26.25933      -3.564376       6.877833    
  -13.34886      -16.94616      -19.28670    
   3.552778      -31.94012      -8.277939    
   42.82591       6.423401       25.33047    
  -51.72546       7.704157       1.410016    
   60.67802      -4.393730      -13.68276    
  -1.273353       8.547199       8.818152    
   12.16392       2.621636       1.780378    
