C    -2.0907003880     0.2054998726    -0.0509681776
F    -3.6085622311    -0.5896805525    -1.9379173517
F    -2.0194678307     2.6951506138    -0.2646765709
F    -3.3220722675    -0.4335892498     2.0619568825
C     0.4813750088    -0.8646577597    -0.0144719109
F     0.3798656166    -3.2618687153     0.0308728926
C     2.7938325405     0.3041627705     0.0921976790
F     2.9701900482     2.7036869526     0.2007568032
F     4.8416366577    -0.8801602721    -0.1045612469
 momenta
   13.28168       32.38195     -0.4513236    
  -27.11032      -40.97288      -21.73971    
  -11.39237      -2.145586       31.30399    
   1.248771       6.391729       5.146242    
  -4.591417      -2.807536      -52.26688    
  0.6142811       14.87313       1.819557    
  -20.47950       6.145620       37.15768    
   28.05691       7.040832      -12.34805    
   17.79158      -13.49254       8.230745    
