C    -2.0830080509     0.2763797343    -0.0346345231
F    -3.2731881142    -0.7426900864    -2.0390732288
F    -2.1723313332     2.8007638454    -0.1357718259
F    -3.3691291809    -0.3576156497     2.1904723644
C     0.4384516180    -0.7589108944    -0.1108925715
F     0.3667201400    -3.2902946472     0.0244937036
C     2.6869287491     0.2442276776    -0.0778910220
F     2.9789247513     2.7512671947     0.2091762125
F     4.7818450928    -0.9865770340    -0.1373867989
 momenta
   15.36651      -34.35883       47.33772    
  -30.76895      -4.379299      -60.66354    
   26.48112       23.30138       32.41884    
   31.52757      -15.31830      -22.52714    
  -2.473085      -22.39153       14.02450    
  -40.25303      0.5976386       18.67840    
   3.136576       14.97165       3.205016    
  -7.672851       26.67889      -30.60765    
   7.781626       2.281304       11.26867    
