C    -2.1844186783     0.2783008516    -0.0600114763
F    -3.4674050808    -0.6654049754    -1.9172003269
F    -2.0763237476     2.7633342743    -0.2315520346
F    -3.2355124950    -0.2635885179     2.1706831455
C     0.3394354284    -0.8733863235    -0.1879619360
F     0.4790489972    -3.5490589142    -0.1462953538
C     2.5177628994     0.2961263657     0.1621283740
F     3.0130753517     2.8265707493     0.1542212367
F     4.7851204872    -0.9060000181     0.0130888131
 momenta
   46.27885       13.05698       17.33795    
   18.65325       8.635776       31.14467    
   51.62254       3.035254      -7.548548    
  -40.55441      -5.235721      -38.69130    
   20.49865      -39.06537      0.4184197    
   7.742758       7.987586       30.68576    
  -52.90723      -18.43976      -23.78939    
  -42.29802       8.134608       25.05022    
  -5.913764       12.52482      -36.04927    
