C    -2.0363695621     0.3115872145    -0.0376941934
F    -3.3306779861    -0.5726554990    -1.8758934736
F    -1.9805170298     2.6916472912    -0.2573556006
F    -3.3806872368    -0.3913288713     2.0868113041
C     0.4346871078    -0.7839778662    -0.0204815511
F     0.4419721663    -3.4109704494     0.0116110127
C     2.6508812904     0.2874218524     0.0831993818
F     2.8560822010     2.7455434799     0.1850894392
F     4.7037997246    -0.9143464565    -0.1633963436
 momenta
   58.21150      -31.64597      -27.27621    
   17.54684       19.55331       22.11008    
  -45.03843       15.30029      -4.891176    
   32.75051       5.065689      -2.082531    
  -10.09930       10.95661       11.95955    
   5.801118       5.905589      -12.50135    
   8.126966      -2.733826       6.199170    
  -23.46661      -5.540970      -8.493665    
  -32.30225      -21.82817       13.10376    
