C    -2.0013873577     0.1893709898    -0.0090673976
F    -3.4807271957    -0.5960578322    -1.9753807783
F    -2.0698931217     2.7554733753    -0.2235574424
F    -3.2318024635    -0.3386042416     2.1228590012
C     0.3522811830    -0.8759359121    -0.0126988804
F     0.3348212838    -3.5273377895    -0.0567607582
C     2.6777651310     0.3197406530     0.0031562897
F     2.9949064255     2.7035799026     0.1576624513
F     4.7721171379    -0.7574715018    -0.0157410242
 momenta
  -37.03457      -42.22292      -1.776561    
  -23.55171       1.858154       6.136956    
   11.84690      -7.633419       21.44444    
  -30.16384      -22.77928      -44.06718    
  -14.34349       15.47433       14.93045    
  -49.34898     -0.8367653       33.41090    
   51.82483      -9.043649       4.976032    
   48.62423       45.26921      -7.712724    
   42.23739       12.66870      -23.53850    
