C      -3.2882930731     0.5560421350     0.0280274967
F      -4.5998455044     0.3078221324    -2.1051049787
F      -2.8218650371     2.9956614543     0.3892853324
F      -4.7607547604    -0.2547979579     1.8994098491
C      -0.9010983702    -0.9572933675    -0.0921917448
F      -1.3005152227    -3.4078116786    -0.4772640894
C       1.4354388883    -0.1272885785     0.1319523176
F       2.0982288430     2.2132205487     0.5141951239
F       3.3929789571    -1.6260182976    -0.0126311230
momentum
24.973737415111486  -29.26598354965295  -13.948059505004611
37.952207778882176  41.57284539061819  15.321574346300947
-55.466076212203596  -31.026931603842907  -20.94170623341049
37.04901707186097  9.877672144816893  -5.620011582917135
7.590082846899641  17.649764727673748  7.384789581908574
-38.530432609361014  27.977265413182995  10.597814986075631
6.648443380057678  -20.197155902130355  35.3865977178608
-35.35360160642604  1.710650450829589  2.971621691592255
14.999319684491255  -18.192238593674666  -31.09325024811549
