C      -3.2882930731     0.5560421350     0.0280274967
F      -4.5998455044     0.3078221324    -2.1051049787
F      -2.8218650371     2.9956614543     0.3892853324
F      -4.7607547604    -0.2547979579     1.8994098491
C      -0.9010983702    -0.9572933675    -0.0921917448
F      -1.3005152227    -3.4078116786    -0.4772640894
C       1.4354388883    -0.1272885785     0.1319523176
F       2.0982288430     2.2132205487     0.5141951239
F       3.3929789571    -1.6260182976    -0.0126311230
momentum
-17.445441719160744  19.889381541687378  -2.8604436043754045
-12.972238182939911  -12.062706597615035  2.395460216301625
43.563454381521986  -19.11225720275323  -14.581456827508786
-14.85225035362806  7.464474246084955  19.80886040544897
-20.897807548801637  -13.33011663425586  5.068833170413121
5.261947516584023  10.292155454694443  -21.938446233801077
14.692286887176545  -8.400399759052522  -0.6068625501324499
-14.613795310901628  -9.53222729028376  9.001352167790241
17.23846459474158  24.696537693039033  3.563166508291355
