C      -3.2882930731     0.5560421350     0.0280274967
F      -4.5998455044     0.3078221324    -2.1051049787
F      -2.8218650371     2.9956614543     0.3892853324
F      -4.7607547604    -0.2547979579     1.8994098491
C      -0.9010983702    -0.9572933675    -0.0921917448
F      -1.3005152227    -3.4078116786    -0.4772640894
C       1.4354388883    -0.1272885785     0.1319523176
F       2.0982288430     2.2132205487     0.5141951239
F       3.3929789571    -1.6260182976    -0.0126311230
momentum
-6.009683653407751  4.121991252262362  -20.207814990722653
-27.75814598229901  -52.814323963466535  7.608051749726372
22.794123699066752  12.690307123395833  34.69732835207565
18.346328256265505  -27.288216016597737  -32.81262965280855
13.87741801892256  32.07651160232324  -8.169333065644315
-49.76212501638538  2.835247006035774  18.170070085552577
-12.115580355280006  -6.491231495736219  -17.56704133251967
63.51609965754235  -4.397296399561194  6.763601010457688
-22.802004783849082  39.31949176512565  11.788997494148168
