C     0.0153276464    -1.6807465553     0.1071046367
F     1.6624146700    -2.7218995094     1.2135846615
F     0.5240728855    -1.8236305714    -2.0931513309
F    -2.2619307041    -2.8765656948     0.2593895495
C    -0.1825263351     0.8718881607     1.1456944942
F    -0.7160606384     1.1687363386     3.4772038460
C     0.2282103449     2.9197645187    -0.6806783080
F     0.6803026199     2.9606914520    -3.1684801579
F     0.0921389982     5.4627008438     0.4362121522
 momenta
   31.88248       10.24404       11.79462    
  -48.18782       10.39014       1.152430    
  -5.246288      -34.73854      -37.11031    
   8.130030       6.746590      0.2288426    
   24.09789      -8.445134      -16.49084    
   4.807244       31.68111       4.820834    
   17.96953       4.185630       26.19878    
  -9.837874      -23.30324       29.75010    
  -8.425365       4.388142      -15.90944    
