C    -2.1249647141     0.2120384127    -0.0352177694
F    -3.5388960838    -0.8366379738    -1.7298318148
F    -1.9550286531     2.7091426849    -0.4777451158
F    -3.1319766045     0.0564266406     2.2464101315
C     0.4045617282    -1.0244125128    -0.2716938257
F     0.4478945434    -3.4793446064    -0.4295753837
C     2.5506997108     0.2378224134     0.0979978219
F     2.7585039139     2.7199218273     0.4607587457
F     4.8383703232    -0.8256073594     0.0345408097
 momenta
  -69.38956      -44.21003      -13.82040    
  -46.64255       36.74229       3.072020    
   36.47849       18.90010      -41.08181    
   3.338100      -15.17470       15.27740    
   32.38892      -51.42424      -20.35006    
   4.762285      -5.943229       33.41290    
   8.546103       17.27283      -27.38258    
   27.61706      -22.54904       43.48043    
  -2.853576       50.38071      -5.275968    
