C      -3.2882930731     0.5560421350     0.0280274967
F      -4.5998455044     0.3078221324    -2.1051049787
F      -2.8218650371     2.9956614543     0.3892853324
F      -4.7607547604    -0.2547979579     1.8994098491
C      -0.9010983702    -0.9572933675    -0.0921917448
F      -1.3005152227    -3.4078116786    -0.4772640894
C       1.4354388883    -0.1272885785     0.1319523176
F       2.0982288430     2.2132205487     0.5141951239
F       3.3929789571    -1.6260182976    -0.0126311230
momentum
-32.4912976741874  -2.333329794003416  -31.191077009797855
6.043803231527167  -13.701672607531249  11.768306412607682
0.3616370575287424  -8.639030027682281  26.406208117282667
51.497794084689346  6.461641327151545  -17.755278593723702
15.316399786031996  41.167117994070324  1.0667440141573568
-5.167036534641504  24.154313773455137  -4.932969673874496
-24.452004819820893  -9.637192501339683  15.929241186454437
-10.542051221791617  -33.469727933775886  -13.073241383250181
-0.6029239315192656  -3.904711365993596  11.977726951852762
