C      -3.2882930731     0.5560421350     0.0280274967
F      -4.5998455044     0.3078221324    -2.1051049787
F      -2.8218650371     2.9956614543     0.3892853324
F      -4.7607547604    -0.2547979579     1.8994098491
C      -0.9010983702    -0.9572933675    -0.0921917448
F      -1.3005152227    -3.4078116786    -0.4772640894
C       1.4354388883    -0.1272885785     0.1319523176
F       2.0982288430     2.2132205487     0.5141951239
F       3.3929789571    -1.6260182976    -0.0126311230
momentum
-59.870706354443826  -42.62492765691388  -19.632248229243686
-10.684415427920415  25.011050513222  3.6757488238931124
23.689089931153443  -15.065564340947136  -42.911771461846264
84.92682868074381  30.469070609738814  35.95276763374085
-46.0978582374663  -19.53670013821933  -9.662852213056208
8.489993152606685  25.006250473627  -27.821301320874234
-6.272722674195622  2.91415782701028  12.776705731932056
-22.44038259738722  -15.121176720123476  24.69888362885474
28.152604507008654  8.956673189536712  22.853119565647333
