C    -2.2978534698     0.2237342894    -0.0589468516
F    -3.6480135918    -0.6314769983    -1.9176892042
F    -2.0021450520     2.8205189705    -0.3232667446
F    -3.0983846188    -0.2896355391     2.1658296585
C     0.3969698846    -1.0078810453    -0.0982579887
F     0.5415184498    -3.5074036121    -0.1632612795
C     2.5100359917     0.3231819868    -0.0668395534
F     2.9721364975     2.7829163074     0.2379797250
F     4.7649302483    -0.8876961470     0.1126717702
 momenta
   13.38271      -6.994121       25.32894    
  -12.64279       22.75305      -16.18570    
  -28.63428       8.256220       15.02299    
  -1.924463      -14.60668      -7.910331    
  -17.97339       14.10555      -63.73764    
   28.08983      -3.823154       44.50746    
  -12.60490      -17.81836      -19.99837    
   33.93373      -16.55294      -3.769053    
  -5.148304       12.46824       14.79169    
