C      -3.2882930731     0.5560421350     0.0280274967
F      -4.5998455044     0.3078221324    -2.1051049787
F      -2.8218650371     2.9956614543     0.3892853324
F      -4.7607547604    -0.2547979579     1.8994098491
C      -0.9010983702    -0.9572933675    -0.0921917448
F      -1.3005152227    -3.4078116786    -0.4772640894
C       1.4354388883    -0.1272885785     0.1319523176
F       2.0982288430     2.2132205487     0.5141951239
F       3.3929789571    -1.6260182976    -0.0126311230
momentum
-14.260217883299172  -2.4343511002440024  -11.93680217863239
-69.88802300142548  31.643348004773678  -5.40947441053175
23.831599098823787  -61.353024227068595  -16.288862041262135
-21.347069055974888  -12.610463096080354  27.442352936335954
26.757849586417695  55.39153123161592  -2.7088956985492874
49.43166034013526  36.35765282867394  -14.379064282303482
-76.89011958353936  -31.903600314758684  14.928505619816098
24.43669655579495  20.962873286181  -21.24139540232295
58.03806575014609  -36.34620098168181  29.940409070509926
