C      -3.2882930731     0.5560421350     0.0280274967
F      -4.5998455044     0.3078221324    -2.1051049787
F      -2.8218650371     2.9956614543     0.3892853324
F      -4.7607547604    -0.2547979579     1.8994098491
C      -0.9010983702    -0.9572933675    -0.0921917448
F      -1.3005152227    -3.4078116786    -0.4772640894
C       1.4354388883    -0.1272885785     0.1319523176
F       2.0982288430     2.2132205487     0.5141951239
F       3.3929789571    -1.6260182976    -0.0126311230
momentum
-53.147814652777974  -11.945163937590166  -22.24122675097309
-2.7138204470016762  29.059181783183107  35.216618074989505
42.12073836064163  -26.400606579572724  -6.139345558665002
40.20685988844692  -9.833861854240594  -15.176054417627162
-23.59278158672166  28.021911096762345  -0.2326536746815166
21.051844058777437  -26.17182122625899  -8.441550262568299
25.45135316912903  21.594737616426087  8.098770255051587
-19.89553480125093  19.95667401066834  -18.451774596034838
-29.420535209180695  -24.379917264311125  27.42342344327032
