C      -3.2882930731     0.5560421350     0.0280274967
F      -4.5998455044     0.3078221324    -2.1051049787
F      -2.8218650371     2.9956614543     0.3892853324
F      -4.7607547604    -0.2547979579     1.8994098491
C      -0.9010983702    -0.9572933675    -0.0921917448
F      -1.3005152227    -3.4078116786    -0.4772640894
C       1.4354388883    -0.1272885785     0.1319523176
F       2.0982288430     2.2132205487     0.5141951239
F       3.3929789571    -1.6260182976    -0.0126311230
momentum
-1.8399563657200926  -55.4905025189968  -19.530289886301752
-29.08016277936506  -36.061581724421266  -22.977652822557516
6.2947380271229  53.74591355742087  54.444530917409935
39.555281808752014  25.25049602334058  -1.9089035316923402
11.793466642560372  -5.368092219189409  -46.302614913145106
2.2459045731478082  1.299489968536692  16.62614020566277
-3.2860328316831553  23.930615948622616  -26.030219331359994
-11.313973251291673  52.461378809250576  7.941876921692786
-14.334665577768906  -59.60548620512688  37.999172840598874
